3.819999999999999545e+03 0.000000000000000000e+00
3.829999999999999545e+03 2.484878399512687722e-12
3.839999999999999091e+03 1.437669890359062513e-11
3.849999999999999091e+03 0.000000000000000000e+00
3.859999999999999091e+03 0.000000000000000000e+00
3.869999999999999091e+03 0.000000000000000000e+00
3.879999999999999091e+03 0.000000000000000000e+00
3.889999999999999091e+03 0.000000000000000000e+00
3.899999999999999091e+03 0.000000000000000000e+00
3.909999999999999091e+03 0.000000000000000000e+00
3.919999999999999091e+03 0.000000000000000000e+00
3.929999999999999091e+03 0.000000000000000000e+00
3.939999999999999091e+03 1.865290110289550135e-12
3.949999999999999091e+03 0.000000000000000000e+00
3.959999999999999091e+03 0.000000000000000000e+00
3.969999999999999091e+03 0.000000000000000000e+00
3.979999999999999091e+03 0.000000000000000000e+00
3.989999999999999091e+03 0.000000000000000000e+00
3.999999999999999091e+03 0.000000000000000000e+00
4.009999999999999091e+03 0.000000000000000000e+00
4.019999999999999091e+03 0.000000000000000000e+00
4.029999999999999091e+03 0.000000000000000000e+00
4.039999999999999091e+03 0.000000000000000000e+00
4.049999999999999091e+03 0.000000000000000000e+00
4.059999999999999091e+03 0.000000000000000000e+00
4.069999999999999091e+03 0.000000000000000000e+00
4.079999999999999091e+03 0.000000000000000000e+00
4.089999999999999091e+03 0.000000000000000000e+00
4.099999999999999091e+03 0.000000000000000000e+00
4.109999999999999091e+03 0.000000000000000000e+00
4.119999999999999091e+03 0.000000000000000000e+00
4.129999999999999091e+03 0.000000000000000000e+00
4.139999999999999091e+03 0.000000000000000000e+00
4.149999999999999091e+03 0.000000000000000000e+00
4.159999999999999091e+03 0.000000000000000000e+00
4.169999999999999091e+03 0.000000000000000000e+00
4.179999999999999091e+03 0.000000000000000000e+00
4.189999999999999091e+03 0.000000000000000000e+00
4.199999999999999091e+03 1.021449362817624962e-15
4.209999999999999091e+03 0.000000000000000000e+00
4.219999999999999091e+03 0.000000000000000000e+00
4.229999999999999091e+03 0.000000000000000000e+00
4.239999999999999091e+03 0.000000000000000000e+00
4.249999999999999091e+03 0.000000000000000000e+00
4.259999999999999091e+03 0.000000000000000000e+00
4.269999999999999091e+03 0.000000000000000000e+00
4.279999999999999091e+03 0.000000000000000000e+00
4.289999999999999091e+03 0.000000000000000000e+00
4.299999999999999091e+03 0.000000000000000000e+00
4.309999999999999091e+03 0.000000000000000000e+00
4.319999999999999091e+03 0.000000000000000000e+00
4.329999999999999091e+03 0.000000000000000000e+00
4.339999999999999091e+03 0.000000000000000000e+00
4.349999999999999091e+03 0.000000000000000000e+00
4.359999999999999091e+03 0.000000000000000000e+00
4.369999999999999091e+03 0.000000000000000000e+00
4.379999999999999091e+03 0.000000000000000000e+00
4.389999999999999091e+03 0.000000000000000000e+00
4.399999999999999091e+03 0.000000000000000000e+00
4.409999999999999091e+03 0.000000000000000000e+00
4.419999999999999091e+03 0.000000000000000000e+00
4.429999999999999091e+03 0.000000000000000000e+00
4.439999999999999091e+03 0.000000000000000000e+00
4.449999999999999091e+03 2.548602115500314977e-11
4.459999999999999091e+03 0.000000000000000000e+00
4.469999999999999091e+03 0.000000000000000000e+00
4.479999999999999091e+03 0.000000000000000000e+00
4.489999999999999091e+03 0.000000000000000000e+00
4.499999999999999091e+03 0.000000000000000000e+00
4.509999999999999091e+03 0.000000000000000000e+00
4.519999999999999091e+03 0.000000000000000000e+00
4.529999999999999091e+03 0.000000000000000000e+00
4.539999999999999091e+03 0.000000000000000000e+00
4.549999999999999091e+03 0.000000000000000000e+00
4.559999999999999091e+03 0.000000000000000000e+00
4.569999999999999091e+03 0.000000000000000000e+00
4.579999999999999091e+03 0.000000000000000000e+00
4.589999999999999091e+03 0.000000000000000000e+00
4.599999999999999091e+03 0.000000000000000000e+00
4.609999999999999091e+03 6.684297841443635579e-11
4.619999999999999091e+03 0.000000000000000000e+00
4.629999999999999091e+03 0.000000000000000000e+00
4.639999999999999091e+03 0.000000000000000000e+00
4.649999999999999091e+03 0.000000000000000000e+00
4.659999999999999091e+03 0.000000000000000000e+00
4.669999999999999091e+03 0.000000000000000000e+00
4.679999999999999091e+03 0.000000000000000000e+00
4.689999999999999091e+03 0.000000000000000000e+00
4.699999999999999091e+03 0.000000000000000000e+00
4.709999999999999091e+03 0.000000000000000000e+00
4.719999999999999091e+03 0.000000000000000000e+00
4.729999999999999091e+03 0.000000000000000000e+00
4.739999999999999091e+03 0.000000000000000000e+00
4.749999999999999091e+03 0.000000000000000000e+00
4.759999999999999091e+03 0.000000000000000000e+00
4.769999999999999091e+03 0.000000000000000000e+00
4.779999999999999091e+03 0.000000000000000000e+00
4.789999999999999091e+03 0.000000000000000000e+00
4.799999999999999091e+03 0.000000000000000000e+00
4.809999999999999091e+03 0.000000000000000000e+00
4.819999999999999091e+03 0.000000000000000000e+00
4.829999999999999091e+03 0.000000000000000000e+00
4.839999999999999091e+03 0.000000000000000000e+00
4.849999999999999091e+03 0.000000000000000000e+00
4.859999999999999091e+03 1.325061601388243394e-08
4.869999999999999091e+03 0.000000000000000000e+00
4.879999999999999091e+03 0.000000000000000000e+00
4.889999999999999091e+03 0.000000000000000000e+00
4.899999999999999091e+03 0.000000000000000000e+00
4.909999999999999091e+03 0.000000000000000000e+00
4.919999999999999091e+03 0.000000000000000000e+00
4.929999999999999091e+03 0.000000000000000000e+00
4.939999999999999091e+03 0.000000000000000000e+00
4.949999999999999091e+03 0.000000000000000000e+00
4.959999999999999091e+03 0.000000000000000000e+00
4.969999999999999091e+03 0.000000000000000000e+00
4.979999999999999091e+03 0.000000000000000000e+00
4.989999999999999091e+03 0.000000000000000000e+00
4.999999999999999091e+03 0.000000000000000000e+00
5.009999999999999091e+03 0.000000000000000000e+00
5.019999999999999091e+03 0.000000000000000000e+00
5.029999999999999091e+03 1.688148618915312956e-09
5.039999999999999091e+03 0.000000000000000000e+00
5.049999999999999091e+03 0.000000000000000000e+00
5.059999999999999091e+03 0.000000000000000000e+00
5.069999999999999091e+03 0.000000000000000000e+00
5.079999999999999091e+03 0.000000000000000000e+00
5.089999999999999091e+03 0.000000000000000000e+00
5.099999999999999091e+03 0.000000000000000000e+00
5.109999999999999091e+03 0.000000000000000000e+00
5.119999999999999091e+03 0.000000000000000000e+00
5.129999999999999091e+03 0.000000000000000000e+00
5.139999999999999091e+03 0.000000000000000000e+00
5.149999999999999091e+03 0.000000000000000000e+00
5.159999999999999091e+03 0.000000000000000000e+00
5.169999999999999091e+03 0.000000000000000000e+00
5.179999999999999091e+03 0.000000000000000000e+00
5.189999999999999091e+03 0.000000000000000000e+00
5.199999999999999091e+03 0.000000000000000000e+00
5.209999999999999091e+03 0.000000000000000000e+00
5.219999999999999091e+03 0.000000000000000000e+00
5.229999999999999091e+03 0.000000000000000000e+00
5.239999999999999091e+03 0.000000000000000000e+00
5.249999999999999091e+03 4.687951348831668539e-11
5.259999999999999091e+03 0.000000000000000000e+00
5.269999999999999091e+03 0.000000000000000000e+00
5.279999999999999091e+03 0.000000000000000000e+00
5.289999999999999091e+03 0.000000000000000000e+00
5.299999999999999091e+03 0.000000000000000000e+00
5.309999999999999091e+03 0.000000000000000000e+00
5.319999999999999091e+03 4.031939307766416990e-11
5.329999999999999091e+03 0.000000000000000000e+00
5.339999999999999091e+03 0.000000000000000000e+00
5.349999999999999091e+03 0.000000000000000000e+00
5.359999999999999091e+03 0.000000000000000000e+00
5.369999999999999091e+03 0.000000000000000000e+00
5.379999999999999091e+03 2.566153100574825210e-10
5.389999999999999091e+03 0.000000000000000000e+00
5.399999999999999091e+03 0.000000000000000000e+00
5.409999999999999091e+03 0.000000000000000000e+00
5.419999999999999091e+03 0.000000000000000000e+00
5.429999999999999091e+03 0.000000000000000000e+00
5.439999999999999091e+03 0.000000000000000000e+00
5.449999999999999091e+03 0.000000000000000000e+00
5.459999999999999091e+03 2.109525823395331622e-12
5.469999999999999091e+03 0.000000000000000000e+00
5.479999999999999091e+03 0.000000000000000000e+00
5.489999999999999091e+03 0.000000000000000000e+00
5.499999999999999091e+03 5.274968952185624330e-15
5.509999999999999091e+03 2.285153390520000392e-15
5.519999999999999091e+03 0.000000000000000000e+00
5.529999999999999091e+03 7.099665439365625556e-16
5.539999999999999091e+03 1.039627072764000021e-15
5.549999999999999091e+03 3.815956588858750007e-16
5.559999999999999091e+03 5.918077828490625208e-16
5.569999999999999091e+03 2.524661475297499881e-13
5.579999999999999091e+03 8.257877264835625538e-15
5.589999999999999091e+03 5.187306894673750174e-13
5.599999999999999091e+03 3.597993039834374868e-15
5.609999999999999091e+03 1.936397046969000181e-15
5.619999999999999091e+03 2.879731269197999556e-15
5.629999999999999091e+03 8.808517689063750910e-15
5.639999999999999091e+03 1.095579696499312569e-12
5.649999999999999091e+03 4.936569295043750813e-15
5.659999999999999091e+03 2.242204322793750146e-15
5.669999999999999091e+03 5.894896741369999939e-15
5.679999999999999091e+03 6.328059170330624892e-14
5.689999999999999091e+03 2.662195385031875582e-13
5.699999999999999091e+03 1.205719415411874928e-13
5.709999999999999091e+03 2.868404454197187654e-13
5.719999999999999091e+03 5.102527110170000254e-12
5.729999999999999091e+03 1.481386836237000221e-12
5.739999999999999091e+03 1.294933072403249810e-12
5.749999999999999091e+03 9.201212190318750596e-12
5.759999999999999091e+03 1.285019847187562416e-13
5.769999999999999091e+03 1.047607859043375111e-14
5.779999999999999091e+03 4.504471501241250677e-15
5.789999999999999091e+03 2.659626259692500039e-14
5.799999999999999091e+03 1.028097308084000013e-15
5.809999999999999091e+03 2.534743060749374854e-16
5.819999999999999091e+03 4.064637650220000631e-17
5.829999999999999091e+03 7.098550653565000113e-17
5.839999999999999091e+03 0.000000000000000000e+00
5.849999999999999091e+03 1.080856692650000155e-16
5.859999999999999091e+03 0.000000000000000000e+00
5.869999999999999091e+03 0.000000000000000000e+00
5.879999999999999091e+03 0.000000000000000000e+00
5.889999999999999091e+03 1.866118490302500365e-16
5.899999999999999091e+03 7.816155994605000696e-16
5.909999999999999091e+03 7.938168928112500908e-17
5.919999999999999091e+03 0.000000000000000000e+00
5.929999999999999091e+03 0.000000000000000000e+00
5.939999999999999091e+03 2.023642101783750388e-16
5.949999999999999091e+03 1.924699330121750050e-15
5.959999999999999091e+03 1.582952611721249864e-15
5.969999999999999091e+03 4.038807021471250430e-15
5.979999999999999091e+03 1.505058295022625198e-14
5.989999999999999091e+03 1.343292928722500111e-13
5.999999999999999091e+03 1.281713792231250003e-10
6.009999999999999091e+03 2.842573096650000153e-13
6.019999999999999091e+03 1.206859090508312552e-13
6.029999999999999091e+03 4.239427599920625870e-13
6.039999999999999091e+03 2.142855137337687415e-14
6.049999999999999091e+03 7.472509212734999451e-15
6.059999999999999091e+03 0.000000000000000000e+00
6.069999999999999091e+03 0.000000000000000000e+00
6.079999999999999091e+03 9.880191307271252308e-16
6.089999999999999091e+03 1.098766333831250084e-15
6.099999999999999091e+03 1.468949772955000118e-14
6.109999999999999091e+03 4.020849059644375844e-14
6.119999999999999091e+03 5.642379420610625769e-15
6.129999999999999091e+03 8.975068048450000332e-14
6.139999999999999091e+03 2.849792585493000630e-13
6.149999999999999091e+03 4.249425970265000824e-14
6.159999999999999091e+03 3.935909341560000213e-13
6.169999999999999091e+03 2.251631286942187387e-11
6.179999999999999091e+03 5.652274916618750087e-12
6.189999999999999091e+03 2.478020381602500105e-11
6.199999999999999091e+03 1.785257658653437558e-13
6.209999999999999091e+03 9.282006299816251621e-15
6.219999999999999091e+03 5.213773735073750244e-15
6.229999999999999091e+03 0.000000000000000000e+00
6.239999999999999091e+03 0.000000000000000000e+00
6.249999999999999091e+03 0.000000000000000000e+00
6.259999999999999091e+03 1.419829036229187498e-14
6.269999999999999091e+03 7.832325781822499808e-14
6.279999999999999091e+03 3.302644072560000240e-12
6.289999999999999091e+03 5.328368745700000292e-14
6.299999999999999091e+03 1.254143504446874855e-13
6.309999999999999091e+03 3.321971655253124479e-14
6.319999999999999091e+03 3.182157711390000170e-15
6.329999999999999091e+03 4.003579642142500496e-16
6.339999999999999091e+03 0.000000000000000000e+00
6.349999999999999091e+03 7.817067663553751780e-16
6.359999999999999091e+03 4.269316083523749798e-15
6.369999999999999091e+03 1.201532736225500073e-14
6.379999999999999091e+03 1.762485110217999998e-15
6.389999999999999091e+03 0.000000000000000000e+00
6.399999999999999091e+03 0.000000000000000000e+00
6.409999999999999091e+03 0.000000000000000000e+00
6.419999999999999091e+03 1.815347799940500212e-14
6.429999999999999091e+03 1.380484096143249931e-13
6.439999999999999091e+03 2.552202985290000068e-13
6.449999999999999091e+03 2.942996886703125279e-14
6.459999999999999091e+03 3.326767513807500143e-14
6.469999999999999091e+03 6.658512741890625652e-13
6.479999999999999091e+03 5.560120469312500647e-14
6.489999999999999091e+03 1.996928299668749929e-14
6.499999999999999091e+03 1.367158687324499820e-14
6.509999999999999091e+03 2.296633122329000118e-14
6.519999999999999091e+03 7.676792854325000092e-14
6.529999999999999091e+03 5.891367514716249855e-13
6.539999999999999091e+03 7.009290950011875229e-13
6.549999999999999091e+03 1.892465001629125001e-13
6.559999999999999091e+03 3.181957486689625601e-13
6.569999999999999091e+03 6.257909973437499570e-13
6.579999999999999091e+03 2.136718827427187540e-14
6.589999999999999091e+03 0.000000000000000000e+00
6.599999999999999091e+03 0.000000000000000000e+00
6.609999999999999091e+03 0.000000000000000000e+00
6.619999999999999091e+03 0.000000000000000000e+00
6.629999999999999091e+03 0.000000000000000000e+00
6.639999999999999091e+03 0.000000000000000000e+00
6.649999999999999091e+03 0.000000000000000000e+00
6.659999999999999091e+03 7.873920031582500686e-15
6.669999999999999091e+03 2.200520617898749968e-13
6.679999999999999091e+03 1.504051434582375018e-14
6.689999999999999091e+03 1.062788734918750043e-13
6.699999999999999091e+03 9.803305684733749797e-13
6.709999999999999091e+03 2.004203945849875268e-13
6.719999999999999091e+03 6.416396403007500718e-14
6.729999999999999091e+03 1.759053915653125000e-13
6.739999999999999091e+03 1.901567005406249830e-10
6.749999999999999091e+03 8.608522461568749994e-14
6.759999999999999091e+03 1.993231909637500329e-14
6.769999999999999091e+03 4.051854261455000082e-14
6.779999999999999091e+03 1.261530560605000017e-14
6.789999999999999091e+03 2.162872221365625329e-14
6.799999999999999091e+03 2.597495893230000023e-14
6.809999999999999091e+03 1.900451431746874846e-13
6.819999999999999091e+03 4.486601246596875261e-14
6.829999999999999091e+03 4.288521505633750580e-15
6.839999999999999091e+03 2.698427077701250331e-15
6.849999999999999091e+03 1.707056614287500271e-14
6.859999999999999091e+03 2.982259623271250509e-15
6.869999999999999091e+03 1.064450113146875162e-14
6.879999999999999091e+03 7.112890501513125066e-13
6.889999999999999091e+03 2.503503048519374737e-15
6.899999999999999091e+03 1.020432238276937479e-14
6.909999999999999091e+03 0.000000000000000000e+00
6.919999999999999091e+03 1.031820714571500046e-14
6.929999999999999091e+03 9.158214435365625671e-14
6.939999999999999091e+03 1.539896596533750118e-12
6.949999999999999091e+03 1.192023530155500122e-12
6.959999999999999091e+03 2.066105179480125116e-13
6.969999999999999091e+03 1.467240312184499910e-13
6.979999999999999091e+03 3.401288374233749954e-13
6.989999999999999091e+03 6.215698276331250537e-13
6.999999999999999091e+03 1.715471436840000124e-12
7.009999999999999091e+03 1.049163738446250032e-11
7.019999999999999091e+03 8.095746638840000229e-11
7.029999999999999091e+03 7.039479465821251634e-12
7.039999999999999091e+03 3.234320527914000380e-12
7.049999999999999091e+03 4.105071868801312324e-12
7.059999999999999091e+03 2.155821491285000008e-12
7.069999999999999091e+03 6.776113711202500581e-13
7.079999999999999091e+03 1.891077956748749860e-13
7.089999999999999091e+03 1.075608117307499877e-13
7.099999999999999091e+03 1.592610320437500286e-14
7.109999999999999091e+03 1.376078189731875154e-13
7.119999999999999091e+03 0.000000000000000000e+00
7.129999999999999091e+03 0.000000000000000000e+00
7.139999999999999091e+03 0.000000000000000000e+00
7.149999999999999091e+03 3.429627168187499997e-13
7.159999999999999091e+03 0.000000000000000000e+00
7.169999999999999091e+03 6.638667060024999619e-12
7.179999999999999091e+03 2.451278207844375289e-12
7.189999999999999091e+03 4.630643325214375133e-13
7.199999999999999091e+03 1.046732885226874935e-12
7.209999999999999091e+03 4.864382409722499460e-13
7.219999999999999091e+03 5.230133762831250900e-14
7.229999999999999091e+03 5.306219665678750676e-13
7.239999999999999091e+03 4.581588074621250000e-13
7.249999999999999091e+03 7.248399644517500711e-13
7.259999999999999091e+03 1.426071241279999879e-14
7.269999999999999091e+03 3.046068739840000040e-14
7.279999999999999091e+03 5.088324943156874492e-14
7.289999999999999091e+03 1.769040984821250102e-15
7.299999999999999091e+03 9.401186003650000596e-16
7.309999999999999091e+03 6.292627282304999060e-14
7.319999999999999091e+03 3.213681771021750483e-13
7.329999999999999091e+03 0.000000000000000000e+00
7.339999999999999091e+03 4.590374664093749916e-15
7.349999999999999091e+03 0.000000000000000000e+00
7.359999999999999091e+03 6.798786563677500576e-14
7.369999999999999091e+03 8.772196058303126227e-15
7.379999999999999091e+03 1.144746168483750070e-14
7.389999999999999091e+03 1.058470857001250053e-14
7.399999999999999091e+03 9.480605301956250031e-14
7.409999999999999091e+03 6.422037506570000143e-14
7.419999999999999091e+03 0.000000000000000000e+00
7.429999999999999091e+03 2.129800441615000518e-12
7.439999999999999091e+03 9.486156092699999411e-10
7.449999999999999091e+03 7.637535004924998763e-12
7.459999999999999091e+03 1.968495204957750217e-12
7.469999999999999091e+03 4.191628887442499887e-13
7.479999999999999091e+03 3.554054761565874799e-13
7.489999999999999091e+03 0.000000000000000000e+00
7.499999999999999091e+03 0.000000000000000000e+00
7.509999999999999091e+03 4.023814861390624759e-12
7.519999999999999091e+03 0.000000000000000000e+00
7.529999999999999091e+03 2.069214435408750048e-12
7.539999999999999091e+03 7.524786654910001110e-12
7.549999999999999091e+03 0.000000000000000000e+00
7.559999999999999091e+03 2.948671682573750233e-14
7.569999999999999091e+03 1.259183265508437417e-13
7.579999999999999091e+03 0.000000000000000000e+00
7.589999999999999091e+03 7.671079642485000271e-15
7.599999999999999091e+03 2.618131107900000256e-13
7.609999999999999091e+03 2.159055322345249872e-12
7.619999999999999091e+03 7.321903318200624674e-14
7.629999999999999091e+03 7.299128973342501012e-16
7.639999999999999091e+03 0.000000000000000000e+00
7.649999999999999091e+03 0.000000000000000000e+00
7.659999999999999091e+03 0.000000000000000000e+00
7.669999999999999091e+03 0.000000000000000000e+00
7.679999999999998181e+03 0.000000000000000000e+00
7.689999999999998181e+03 0.000000000000000000e+00
7.699999999999998181e+03 0.000000000000000000e+00
7.709999999999998181e+03 0.000000000000000000e+00
7.719999999999998181e+03 0.000000000000000000e+00
7.729999999999998181e+03 0.000000000000000000e+00
7.739999999999998181e+03 0.000000000000000000e+00
7.749999999999998181e+03 0.000000000000000000e+00
7.759999999999998181e+03 0.000000000000000000e+00
7.769999999999998181e+03 4.493201397116250396e-16
7.779999999999998181e+03 0.000000000000000000e+00
7.789999999999998181e+03 2.306238290991250282e-14
7.799999999999998181e+03 3.096530758781250163e-14
7.809999999999998181e+03 2.412568350281250188e-14
7.819999999999998181e+03 1.878401517888875267e-13
7.829999999999998181e+03 2.669502896550000254e-13
7.839999999999998181e+03 8.909465810752500689e-14
7.849999999999998181e+03 0.000000000000000000e+00
7.859999999999998181e+03 2.258766142473749592e-15
7.869999999999998181e+03 2.671269261902500433e-15
7.879999999999998181e+03 6.404427213310001518e-15
7.889999999999998181e+03 1.235223864540750264e-14
7.899999999999998181e+03 0.000000000000000000e+00
7.909999999999998181e+03 4.159602657350000071e-16
7.919999999999998181e+03 5.778996828342500696e-16
7.929999999999998181e+03 0.000000000000000000e+00
7.939999999999998181e+03 0.000000000000000000e+00
7.949999999999998181e+03 2.182801943437500232e-16
7.959999999999998181e+03 1.122742566522500077e-14
7.969999999999998181e+03 6.248392187620625739e-14
7.979999999999998181e+03 6.615779070906249957e-14
7.989999999999998181e+03 1.109109635486125098e-13
7.999999999999998181e+03 1.370925912257999799e-13
8.009999999999998181e+03 7.437711949606215666e-14
8.019999999999998181e+03 6.451560974951150183e-14
8.029999999999998181e+03 1.221359950356957469e-14
8.039999999999998181e+03 2.880328806270592449e-14
8.049999999999998181e+03 1.613953363002648766e-13
8.059999999999998181e+03 0.000000000000000000e+00
8.069999999999998181e+03 2.697314055869045325e-13
8.079999999999998181e+03 4.595444099748498319e-13
8.089999999999998181e+03 1.036515563240894828e-13
8.099999999999998181e+03 0.000000000000000000e+00
8.109999999999998181e+03 0.000000000000000000e+00
8.119999999999998181e+03 4.832604231066375442e-13
8.129999999999998181e+03 4.738600320030158535e-13
8.139999999999998181e+03 1.580121242421869082e-12
8.149999999999998181e+03 4.939306067685309132e-13
8.159999999999998181e+03 0.000000000000000000e+00
8.169999999999998181e+03 5.265065837471507350e-14
8.179999999999998181e+03 0.000000000000000000e+00
8.189999999999998181e+03 1.897972304625780540e-12
8.199999999999998181e+03 0.000000000000000000e+00
8.209999999999998181e+03 0.000000000000000000e+00
8.219999999999998181e+03 0.000000000000000000e+00
8.229999999999998181e+03 2.601972364457775577e-12
8.239999999999998181e+03 2.073445897835364092e-11
8.249999999999998181e+03 1.700972320834347657e-11
8.259999999999998181e+03 6.228524172937090097e-12
8.269999999999998181e+03 3.182756341636791764e-11
8.279999999999998181e+03 1.812628599741818313e-11
8.289999999999998181e+03 0.000000000000000000e+00
8.299999999999998181e+03 4.248151657712748931e-13
8.309999999999998181e+03 0.000000000000000000e+00
8.319999999999998181e+03 5.197907172342025543e-12
8.329999999999998181e+03 4.304843764136538202e-11
8.339999999999998181e+03 2.594844269193652463e-11
8.349999999999998181e+03 3.434016188654704556e-11
8.359999999999998181e+03 1.762071227396519832e-12
8.369999999999998181e+03 2.656393483974573422e-11
8.379999999999998181e+03 4.813891476644907457e-12
8.389999999999998181e+03 3.469364044355285559e-12
8.399999999999998181e+03 0.000000000000000000e+00
8.409999999999998181e+03 8.006080826660424748e-12
8.419999999999998181e+03 4.682730164054837698e-12
8.429999999999998181e+03 1.650661657310346776e-11
8.439999999999998181e+03 0.000000000000000000e+00
8.449999999999998181e+03 0.000000000000000000e+00
8.459999999999998181e+03 0.000000000000000000e+00
8.469999999999998181e+03 1.949884201059519257e-11
8.479999999999998181e+03 9.535465728065551137e-11
8.489999999999998181e+03 8.772891813917440409e-11
8.499999999999998181e+03 0.000000000000000000e+00
8.509999999999998181e+03 1.092016809011821729e-11
8.519999999999998181e+03 0.000000000000000000e+00
8.529999999999998181e+03 0.000000000000000000e+00
8.539999999999998181e+03 0.000000000000000000e+00
8.549999999999998181e+03 1.010930463768365752e-11
8.559999999999998181e+03 3.308279034504808047e-12
8.569999999999998181e+03 0.000000000000000000e+00
8.579999999999998181e+03 0.000000000000000000e+00
8.589999999999998181e+03 0.000000000000000000e+00
8.599999999999998181e+03 1.165756728734529786e-11
8.609999999999998181e+03 2.023347223870577316e-11
8.619999999999998181e+03 5.676667450540634693e-11
8.629999999999998181e+03 2.374006422151302511e-12
8.639999999999998181e+03 0.000000000000000000e+00
8.649999999999998181e+03 3.597057533506469963e-12
8.659999999999998181e+03 7.736212611143342516e-13
8.669999999999998181e+03 3.958584962090972756e-11
8.679999999999998181e+03 0.000000000000000000e+00
8.689999999999998181e+03 0.000000000000000000e+00
8.699999999999998181e+03 0.000000000000000000e+00
8.709999999999998181e+03 0.000000000000000000e+00
8.719999999999998181e+03 8.538515896094259850e-12
8.729999999999998181e+03 0.000000000000000000e+00
8.739999999999998181e+03 5.077062308936966666e-12
8.749999999999998181e+03 1.966453572424120082e-11
8.759999999999998181e+03 5.501416332497027099e-11
8.769999999999998181e+03 3.389730783271141049e-11
8.779999999999998181e+03 3.628027987588924875e-11
8.789999999999998181e+03 1.667305392089691655e-12
8.799999999999998181e+03 1.798553338823938914e-11
8.809999999999998181e+03 3.376786741318472915e-11
8.819999999999998181e+03 1.158997890888584841e-11
8.829999999999998181e+03 0.000000000000000000e+00
8.839999999999998181e+03 2.910093279875028567e-11
8.849999999999998181e+03 0.000000000000000000e+00
8.859999999999998181e+03 4.460215709709181169e-12
8.869999999999998181e+03 1.016527736283566667e-11
8.879999999999998181e+03 1.043227850971742097e-12
8.889999999999998181e+03 0.000000000000000000e+00
8.899999999999998181e+03 0.000000000000000000e+00
8.909999999999998181e+03 0.000000000000000000e+00
8.919999999999998181e+03 0.000000000000000000e+00
8.929999999999998181e+03 4.767197861151621386e-12
8.939999999999998181e+03 1.009945931675139257e-13
8.949999999999998181e+03 0.000000000000000000e+00
8.959999999999998181e+03 1.841563611000753866e-10
8.969999999999998181e+03 0.000000000000000000e+00
8.979999999999998181e+03 5.173657971821177174e-14
8.989999999999998181e+03 2.149260996134796583e-13
8.999999999999998181e+03 0.000000000000000000e+00
9.009999999999998181e+03 0.000000000000000000e+00
9.019999999999998181e+03 1.094750782954504281e-13
9.029999999999998181e+03 1.107079088557970786e-14
9.039999999999998181e+03 7.487279058530207915e-14
9.049999999999998181e+03 0.000000000000000000e+00
9.059999999999998181e+03 0.000000000000000000e+00
9.069999999999998181e+03 0.000000000000000000e+00
9.079999999999998181e+03 0.000000000000000000e+00
9.089999999999998181e+03 0.000000000000000000e+00
9.099999999999998181e+03 0.000000000000000000e+00
9.109999999999998181e+03 0.000000000000000000e+00
9.119999999999998181e+03 0.000000000000000000e+00
9.129999999999998181e+03 0.000000000000000000e+00
9.139999999999998181e+03 0.000000000000000000e+00
9.149999999999998181e+03 0.000000000000000000e+00
9.159999999999998181e+03 0.000000000000000000e+00
9.169999999999998181e+03 0.000000000000000000e+00
9.179999999999998181e+03 0.000000000000000000e+00
9.189999999999998181e+03 0.000000000000000000e+00
9.199999999999998181e+03 0.000000000000000000e+00
9.209999999999998181e+03 0.000000000000000000e+00
9.219999999999998181e+03 0.000000000000000000e+00
9.229999999999998181e+03 0.000000000000000000e+00
9.239999999999998181e+03 0.000000000000000000e+00
9.249999999999998181e+03 0.000000000000000000e+00
9.259999999999998181e+03 0.000000000000000000e+00
9.269999999999998181e+03 0.000000000000000000e+00
9.279999999999998181e+03 0.000000000000000000e+00
9.289999999999998181e+03 0.000000000000000000e+00
9.299999999999998181e+03 0.000000000000000000e+00
9.309999999999998181e+03 0.000000000000000000e+00
9.319999999999998181e+03 0.000000000000000000e+00
9.329999999999998181e+03 0.000000000000000000e+00
9.339999999999998181e+03 0.000000000000000000e+00
9.349999999999998181e+03 0.000000000000000000e+00
9.359999999999998181e+03 0.000000000000000000e+00
9.369999999999998181e+03 0.000000000000000000e+00
9.379999999999998181e+03 0.000000000000000000e+00
9.389999999999998181e+03 0.000000000000000000e+00
9.399999999999998181e+03 0.000000000000000000e+00
9.409999999999998181e+03 0.000000000000000000e+00
9.419999999999998181e+03 0.000000000000000000e+00
9.429999999999998181e+03 0.000000000000000000e+00
9.439999999999998181e+03 0.000000000000000000e+00
9.449999999999998181e+03 0.000000000000000000e+00
9.459999999999998181e+03 0.000000000000000000e+00
9.469999999999998181e+03 0.000000000000000000e+00
9.479999999999998181e+03 0.000000000000000000e+00
9.489999999999998181e+03 0.000000000000000000e+00
9.499999999999998181e+03 0.000000000000000000e+00
9.509999999999998181e+03 0.000000000000000000e+00
9.519999999999998181e+03 0.000000000000000000e+00
9.529999999999998181e+03 0.000000000000000000e+00
9.539999999999998181e+03 0.000000000000000000e+00
9.549999999999998181e+03 0.000000000000000000e+00
9.559999999999998181e+03 0.000000000000000000e+00
9.569999999999998181e+03 0.000000000000000000e+00
9.579999999999998181e+03 0.000000000000000000e+00
9.589999999999998181e+03 0.000000000000000000e+00
9.599999999999998181e+03 0.000000000000000000e+00
9.609999999999998181e+03 0.000000000000000000e+00
9.619999999999998181e+03 0.000000000000000000e+00
9.629999999999998181e+03 0.000000000000000000e+00
9.639999999999998181e+03 0.000000000000000000e+00
9.649999999999998181e+03 0.000000000000000000e+00
9.659999999999998181e+03 0.000000000000000000e+00
9.669999999999998181e+03 0.000000000000000000e+00
9.679999999999998181e+03 0.000000000000000000e+00
9.689999999999998181e+03 0.000000000000000000e+00
9.699999999999998181e+03 0.000000000000000000e+00
9.709999999999998181e+03 0.000000000000000000e+00
9.719999999999998181e+03 1.063263931904952000e-07
9.729999999999998181e+03 0.000000000000000000e+00
9.739999999999998181e+03 0.000000000000000000e+00
9.749999999999998181e+03 0.000000000000000000e+00
9.759999999999998181e+03 0.000000000000000000e+00
9.769999999999998181e+03 0.000000000000000000e+00
9.779999999999998181e+03 0.000000000000000000e+00
9.789999999999998181e+03 0.000000000000000000e+00
9.799999999999998181e+03 0.000000000000000000e+00
9.809999999999998181e+03 0.000000000000000000e+00
9.819999999999998181e+03 0.000000000000000000e+00
9.829999999999998181e+03 0.000000000000000000e+00
9.839999999999998181e+03 0.000000000000000000e+00
9.849999999999998181e+03 0.000000000000000000e+00
9.859999999999998181e+03 0.000000000000000000e+00
9.869999999999998181e+03 0.000000000000000000e+00
9.879999999999998181e+03 0.000000000000000000e+00
9.889999999999998181e+03 0.000000000000000000e+00
9.899999999999998181e+03 0.000000000000000000e+00
9.909999999999998181e+03 0.000000000000000000e+00
9.919999999999998181e+03 0.000000000000000000e+00
9.929999999999998181e+03 0.000000000000000000e+00
9.939999999999998181e+03 0.000000000000000000e+00
9.949999999999998181e+03 0.000000000000000000e+00
9.959999999999998181e+03 0.000000000000000000e+00
9.969999999999998181e+03 0.000000000000000000e+00
9.979999999999998181e+03 5.394225979451879122e-08
9.989999999999998181e+03 0.000000000000000000e+00
9.999999999999998181e+03 0.000000000000000000e+00
1.000999999999999818e+04 0.000000000000000000e+00
1.001999999999999818e+04 0.000000000000000000e+00
1.002999999999999818e+04 0.000000000000000000e+00
1.003999999999999818e+04 0.000000000000000000e+00
1.004999999999999818e+04 0.000000000000000000e+00
1.005999999999999818e+04 0.000000000000000000e+00
1.006999999999999818e+04 0.000000000000000000e+00
1.007999999999999818e+04 0.000000000000000000e+00
1.008999999999999818e+04 0.000000000000000000e+00
1.009999999999999818e+04 0.000000000000000000e+00
1.010999999999999818e+04 0.000000000000000000e+00
1.011999999999999818e+04 0.000000000000000000e+00
1.012999999999999818e+04 0.000000000000000000e+00
1.013999999999999818e+04 0.000000000000000000e+00
1.014999999999999818e+04 0.000000000000000000e+00
1.015999999999999818e+04 0.000000000000000000e+00
1.016999999999999818e+04 0.000000000000000000e+00
1.017999999999999818e+04 0.000000000000000000e+00
1.018999999999999818e+04 0.000000000000000000e+00
1.019999999999999818e+04 0.000000000000000000e+00
1.020999999999999818e+04 0.000000000000000000e+00
1.021999999999999818e+04 0.000000000000000000e+00
1.022999999999999818e+04 0.000000000000000000e+00
1.023999999999999818e+04 0.000000000000000000e+00
1.024999999999999818e+04 0.000000000000000000e+00
1.025999999999999818e+04 0.000000000000000000e+00
1.026999999999999818e+04 5.458756436357063391e-08
1.027999999999999818e+04 1.089322974670278060e-07
1.028999999999999818e+04 2.174707274680025030e-07
1.029999999999999818e+04 5.978485980616122432e-07
1.030999999999999818e+04 1.903424546672070199e-06
1.031999999999999818e+04 9.081250776929460200e-06
1.032999999999999818e+04 7.942053767401347517e-05
1.033999999999999818e+04 9.042743914402129757e-05
1.034999999999999818e+04 5.051666634896885728e-05
1.035999999999999818e+04 5.242276574306768949e-05
1.036999999999999818e+04 7.433025225127064077e-05
1.037999999999999818e+04 9.517969418250048187e-05
1.038999999999999818e+04 7.338979186303629511e-05
1.039999999999999818e+04 4.698882330731930405e-05
1.040999999999999818e+04 3.348550185987072013e-05
1.041999999999999818e+04 2.826655144557158256e-05
1.042999999999999818e+04 2.780011567551440589e-05
1.043999999999999818e+04 3.106389389660733268e-05
1.044999999999999818e+04 3.861448845968995909e-05
1.045999999999999818e+04 5.217595993138566287e-05
1.046999999999999818e+04 7.150598428582829904e-05
1.047999999999999818e+04 8.750370117107491555e-05
1.048999999999999818e+04 8.801122446593052451e-05
1.049999999999999818e+04 7.745683540704231557e-05
1.050999999999999818e+04 6.806912390449379024e-05
1.051999999999999818e+04 6.330734392544261823e-05
1.052999999999999818e+04 6.375781697101302263e-05
1.053999999999999818e+04 6.968984162689342474e-05
1.054999999999999818e+04 7.989694504298928068e-05
1.055999999999999818e+04 8.915065014357113926e-05
1.056999999999999818e+04 8.762790450792302152e-05
1.057999999999999818e+04 7.267254187509973433e-05
1.058999999999999818e+04 5.495582897685640959e-05
1.059999999999999818e+04 4.118661928955326125e-05
1.060999999999999818e+04 3.225321821903356614e-05
1.061999999999999818e+04 2.663620786567589172e-05
1.062999999999999818e+04 2.373147199014285206e-05
1.063999999999999818e+04 2.260024776537096781e-05
1.064999999999999818e+04 2.309861739948675121e-05
1.065999999999999818e+04 2.505589318599628126e-05
1.066999999999999818e+04 2.928668365128483811e-05
1.067999999999999818e+04 3.622930801880665637e-05
1.068999999999999818e+04 4.752257376824555845e-05
1.069999999999999818e+04 6.375002396134257180e-05
1.070999999999999818e+04 8.147762556805775603e-05
1.071999999999999818e+04 8.962144208016910405e-05
1.072999999999999818e+04 8.096528914730624497e-05
1.073999999999999818e+04 6.592548149126758192e-05
1.074999999999999818e+04 5.318878699087254151e-05
1.075999999999999818e+04 4.430737327564645731e-05
1.076999999999999818e+04 3.919740780832499605e-05
1.077999999999999818e+04 3.706615580784810318e-05
1.078999999999999818e+04 3.734590901493086893e-05
1.079999999999999818e+04 4.011964189519360083e-05
1.080999999999999818e+04 4.555787334864378141e-05
1.081999999999999818e+04 5.468259190764089827e-05
1.082999999999999818e+04 6.695865682438522368e-05
1.083999999999999818e+04 8.056892980631046920e-05
1.084999999999999818e+04 8.858736336077428720e-05
1.085999999999999818e+04 8.427237526328654562e-05
1.086999999999999818e+04 7.060796553678195294e-05
1.087999999999999818e+04 5.570007590549609351e-05
1.088999999999999818e+04 4.424608379083387307e-05
1.089999999999999818e+04 3.630433139137439439e-05
1.090999999999999818e+04 3.135892885188172857e-05
1.091999999999999818e+04 2.812471629036802296e-05
1.092999999999999818e+04 2.672975300467824179e-05
1.093999999999999818e+04 2.651684682210262543e-05
1.094999999999999818e+04 2.749120544288378607e-05
1.095999999999999818e+04 3.004199093305282323e-05
1.096999999999999818e+04 3.425909336492896602e-05
1.097999999999999818e+04 4.069082814260136113e-05
1.098999999999999818e+04 4.999076378407002160e-05
1.099999999999999818e+04 6.178521872630959866e-05
1.100999999999999818e+04 7.477243111383993454e-05
1.101999999999999818e+04 8.382524796457299231e-05
1.102999999999999818e+04 8.334472143693010015e-05
1.103999999999999818e+04 7.387934681674218347e-05
1.104999999999999818e+04 6.140528072148690800e-05
1.105999999999999818e+04 5.007117184574417303e-05
1.106999999999999818e+04 4.148955110649361975e-05
1.107999999999999818e+04 3.529542800960920677e-05
1.108999999999999818e+04 3.109422746492310164e-05
1.109999999999999818e+04 2.826741456237457392e-05
1.110999999999999818e+04 2.654013332796561131e-05
1.111999999999999818e+04 2.572199472135224053e-05
1.112999999999999818e+04 2.569479367587377300e-05
1.113999999999999818e+04 2.624768836751360278e-05
1.114999999999999818e+04 2.749292841001538737e-05
1.115999999999999818e+04 2.952980864211863666e-05
1.116999999999999818e+04 3.229719319347131782e-05
1.117999999999999818e+04 3.589508358364335103e-05
1.118999999999999818e+04 4.044013687293683204e-05
1.119999999999999818e+04 4.606458846596557711e-05
1.120999999999999818e+04 5.266619565390557315e-05
1.121999999999999818e+04 5.992761398576001779e-05
1.122999999999999818e+04 6.746863431561771641e-05
1.123999999999999818e+04 7.459735353567438618e-05
1.124999999999999818e+04 8.052804044158343047e-05
1.125999999999999818e+04 8.438710040255586119e-05
1.126999999999999818e+04 8.593660836445280696e-05
1.127999999999999818e+04 8.538817696808545250e-05
1.128999999999999818e+04 8.355223638806054984e-05
1.129999999999999818e+04 8.085986748479561889e-05
1.130999999999999818e+04 7.807179000197261723e-05
1.131999999999999818e+04 7.560266927353371396e-05
1.132999999999999818e+04 7.376597327936623585e-05
1.133999999999999818e+04 7.219597017452862738e-05
1.134999999999999818e+04 7.163173086972103240e-05
1.135999999999999818e+04 7.179835872565349048e-05
1.136999999999999818e+04 7.252178772666725327e-05
1.137999999999999818e+04 7.402219786608234145e-05
1.138999999999999818e+04 7.591049226357688936e-05
1.139999999999999818e+04 7.810226273164520166e-05
1.140999999999999818e+04 8.054455859012428975e-05
1.141999999999999818e+04 8.274658524637012113e-05
1.142999999999999818e+04 8.447328792461037154e-05
1.143999999999999818e+04 8.570496597007048437e-05
1.144999999999999818e+04 8.602058101079453610e-05
1.145999999999999818e+04 8.578009334200056022e-05
1.146999999999999818e+04 8.481459304836413819e-05
1.147999999999999818e+04 8.350607209628525059e-05
1.148999999999999818e+04 8.204313997404814038e-05
1.149999999999999818e+04 8.066030333321190494e-05
1.150999999999999818e+04 7.977589379362758483e-05
1.151999999999999818e+04 7.909453293039188609e-05
1.152999999999999818e+04 7.895307470946084114e-05
1.153999999999999818e+04 7.935963451120714982e-05
1.154999999999999818e+04 8.024053606738909127e-05
1.155999999999999818e+04 8.153114037989637628e-05
1.156999999999999818e+04 8.307221443943034456e-05
1.157999999999999818e+04 8.481993861635746430e-05
1.158999999999999818e+04 8.629837390093151694e-05
1.159999999999999818e+04 8.757035802567295481e-05
1.160999999999999818e+04 8.822571104664126080e-05
1.161999999999999818e+04 8.823491769857176581e-05
1.162999999999999818e+04 8.768024489273181291e-05
1.163999999999999818e+04 8.664529163353773458e-05
1.164999999999999818e+04 8.514418992773180935e-05
1.165999999999999818e+04 8.359893408508556052e-05
1.166999999999999818e+04 8.203732250883027065e-05
1.167999999999999818e+04 8.075046206601881331e-05
1.168999999999999818e+04 7.969617811703302195e-05
1.169999999999999818e+04 7.918976551906465938e-05
1.170999999999999818e+04 7.915208386040996661e-05
1.171999999999999818e+04 7.951282554181198761e-05
1.172999999999999818e+04 8.036479473821710835e-05
1.173999999999999818e+04 8.161544093353020424e-05
1.174999999999999818e+04 8.313334065615639193e-05
1.175999999999999818e+04 8.463654070128603913e-05
1.176999999999999818e+04 8.591697370222629220e-05
1.177999999999999818e+04 8.708714901055560509e-05
1.178999999999999818e+04 8.774612158980512884e-05
1.179999999999999818e+04 8.797063443501373361e-05
1.180999999999999818e+04 8.759206921474463749e-05
1.181999999999999818e+04 8.666427524176442091e-05
1.182999999999999818e+04 8.555501231624263359e-05
1.183999999999999818e+04 8.424064533256510226e-05
1.184999999999999818e+04 8.309894596286154637e-05
1.185999999999999818e+04 8.210941574990571678e-05
1.186999999999999818e+04 8.155566476310052433e-05
1.187999999999999818e+04 8.127489615059926549e-05
1.188999999999999818e+04 8.156501387638181023e-05
1.189999999999999818e+04 8.234866871007665652e-05
1.190999999999999818e+04 8.362918008608769297e-05
1.191999999999999818e+04 8.513947882315802947e-05
1.192999999999999818e+04 8.659968625681763708e-05
1.193999999999999818e+04 8.780796273546993922e-05
1.194999999999999818e+04 8.835019718158893410e-05
1.195999999999999818e+04 8.770139073678784791e-05
1.196999999999999818e+04 8.571104682856681481e-05
1.197999999999999818e+04 8.206576735826413783e-05
1.198999999999999818e+04 7.714738888032751510e-05
1.199999999999999818e+04 7.112881564555078890e-05
1.200999999999999818e+04 6.463782650352551599e-05
1.201999999999999818e+04 5.807704940280336082e-05
1.202999999999999818e+04 5.201780246844623252e-05
1.203999999999999818e+04 4.651350022549082398e-05
1.204999999999999818e+04 4.172653080077121600e-05
1.205999999999999818e+04 3.767458392540579582e-05
1.206999999999999818e+04 3.422791159453348426e-05
1.207999999999999818e+04 3.140776915118147916e-05
1.208999999999999818e+04 2.917690684340195235e-05
1.209999999999999818e+04 2.739771360078072261e-05
1.210999999999999818e+04 2.603448629418003260e-05
1.211999999999999818e+04 2.513132770448996871e-05
1.212999999999999818e+04 2.453712595333571865e-05
1.213999999999999818e+04 2.432323791575742185e-05
1.214999999999999818e+04 2.441451777157899950e-05
1.215999999999999818e+04 2.490659672627924123e-05
1.216999999999999818e+04 2.579700521478588241e-05
1.217999999999999818e+04 2.711847757746134913e-05
1.218999999999999818e+04 2.887039934111340650e-05
1.219999999999999818e+04 3.128444503168888960e-05
1.220999999999999818e+04 3.438561021544642724e-05
1.221999999999999818e+04 3.835872337826324251e-05
1.222999999999999818e+04 4.332690033355604537e-05
1.223999999999999818e+04 4.958681256407596402e-05
1.224999999999999818e+04 5.714116121166518619e-05
1.225999999999999818e+04 6.568768214534338159e-05
1.226999999999999818e+04 7.488967092908630299e-05
1.227999999999999818e+04 8.358425332685468314e-05
1.228999999999999818e+04 9.018616325291768806e-05
1.229999999999999818e+04 9.331545702033364285e-05
1.230999999999999818e+04 9.242113003910989359e-05
1.231999999999999818e+04 8.803576228596822755e-05
1.232999999999999818e+04 8.170171509706500041e-05
1.233999999999999818e+04 7.471062891953570730e-05
1.234999999999999818e+04 6.822353873059732387e-05
1.235999999999999818e+04 6.253347122483765292e-05
1.236999999999999818e+04 5.793541875852118594e-05
1.237999999999999818e+04 5.445766682852278950e-05
1.238999999999999818e+04 5.202568638217066162e-05
1.239999999999999818e+04 5.055677132821972155e-05
1.240999999999999818e+04 4.999990247236485788e-05
1.241999999999999818e+04 5.034106653303779155e-05
1.242999999999999818e+04 5.148678439558371158e-05
1.243999999999999818e+04 5.344645291142676293e-05
1.244999999999999818e+04 5.635546587773151885e-05
1.245999999999999818e+04 6.018192536443117094e-05
1.246999999999999818e+04 6.478705226667223370e-05
1.247999999999999818e+04 7.000769014117132541e-05
1.248999999999999818e+04 7.579663313270299397e-05
1.249999999999999818e+04 8.135328140148278230e-05
1.250999999999999818e+04 8.607915404356930968e-05
1.251999999999999818e+04 8.932655363333488741e-05
1.252999999999999818e+04 9.044267894874596502e-05
1.253999999999999818e+04 8.920591381499337180e-05
1.254999999999999818e+04 8.592553084478963600e-05
1.255999999999999818e+04 8.148097896723717612e-05
1.256999999999999818e+04 7.645768087671037637e-05
1.257999999999999818e+04 7.144517323118080166e-05
1.258999999999999818e+04 6.686404882805484218e-05
1.259999999999999818e+04 6.288428117135056903e-05
1.260999999999999818e+04 5.982770988304745435e-05
1.261999999999999818e+04 5.752481003682860891e-05
1.262999999999999818e+04 5.594997607613292625e-05
1.263999999999999818e+04 5.525185174508714963e-05
1.264999999999999818e+04 5.509791823877758734e-05
1.265999999999999818e+04 5.583278621837184992e-05
1.266999999999999818e+04 5.721259854570445545e-05
1.267999999999999818e+04 5.927718863678651119e-05
1.268999999999999818e+04 6.209200937840025209e-05
1.269999999999999818e+04 6.550462705611674943e-05
1.270999999999999818e+04 6.950048176459670346e-05
1.271999999999999818e+04 7.388059977108058299e-05
1.272999999999999818e+04 7.843157165779881103e-05
1.273999999999999818e+04 8.278580338097372645e-05
1.274999999999999818e+04 8.660209336766767777e-05
1.275999999999999818e+04 8.946824130937755461e-05
1.276999999999999818e+04 9.106186733773909310e-05
1.277999999999999818e+04 9.141129887225493006e-05
1.278999999999999818e+04 9.059259963647142016e-05
1.279999999999999818e+04 8.866402895188981218e-05
1.280999999999999818e+04 8.633765031591564385e-05
1.281999999999999818e+04 8.358505493174043773e-05
1.282999999999999818e+04 8.087754489722130257e-05
1.283999999999999818e+04 7.852711745474941988e-05
1.284999999999999818e+04 7.656991359180805848e-05
1.285999999999999818e+04 7.505899213664935096e-05
1.286999999999999818e+04 7.423074742985529809e-05
1.287999999999999818e+04 7.395999592169210800e-05
1.288999999999999818e+04 7.421494089080719252e-05
1.289999999999999818e+04 7.497521347579999117e-05
1.290999999999999818e+04 7.618897756196802947e-05
1.291999999999999818e+04 7.802992153697684919e-05
1.292999999999999818e+04 8.012441617211146913e-05
1.293999999999999818e+04 8.235563165353544603e-05
1.294999999999999818e+04 8.449548785370156526e-05
1.295999999999999818e+04 8.651463660427464477e-05
1.296999999999999818e+04 8.804420314242670761e-05
1.297999999999999818e+04 8.915899118380692209e-05
1.298999999999999818e+04 8.945765034844738476e-05
1.299999999999999818e+04 8.917237432548727959e-05
1.300999999999999818e+04 8.809367252088179617e-05
1.301999999999999818e+04 8.663146588960894635e-05
1.302999999999999818e+04 8.484339394396412043e-05
1.303999999999999818e+04 8.285684887658409099e-05
1.304999999999999818e+04 8.083378340672951929e-05
1.305999999999999818e+04 7.906716404725544196e-05
1.306999999999999818e+04 7.758869050815808807e-05
1.307999999999999818e+04 7.639399846058237309e-05
1.308999999999999818e+04 7.569091211739397242e-05
1.309999999999999818e+04 7.543886591995363890e-05
1.310999999999999818e+04 7.579693313882913670e-05
1.311999999999999818e+04 7.655136191111136946e-05
1.312999999999999818e+04 7.778215862104741706e-05
1.313999999999999818e+04 7.945771139378762294e-05
1.314999999999999818e+04 8.152629193652400534e-05
1.315999999999999818e+04 8.379201800670665369e-05
1.316999999999999818e+04 8.631627232612515627e-05
1.317999999999999818e+04 8.868242194225442671e-05
1.318999999999999818e+04 9.074859094839960924e-05
1.319999999999999818e+04 9.225982932965303242e-05
1.320999999999999818e+04 9.300666965599035160e-05
1.321999999999999818e+04 9.281644266281707377e-05
1.322999999999999818e+04 9.163720335858296072e-05
1.323999999999999818e+04 8.938545334809456415e-05
1.324999999999999818e+04 8.653789407507413666e-05
1.325999999999999818e+04 8.288002283494546132e-05
1.326999999999999818e+04 7.891619244104056195e-05
1.327999999999999818e+04 7.496031278215159303e-05
1.328999999999999818e+04 7.090466894813600407e-05
1.329999999999999818e+04 6.715228713467482529e-05
1.330999999999999818e+04 6.374545415632830144e-05
1.331999999999999818e+04 6.077797583506493222e-05
1.332999999999999818e+04 5.815349408831058619e-05
1.333999999999999818e+04 5.598379673687409658e-05
1.334999999999999818e+04 5.421307241948972758e-05
1.335999999999999818e+04 5.286542620488390192e-05
1.336999999999999818e+04 5.185547119123921515e-05
1.337999999999999818e+04 5.133297089321473114e-05
1.338999999999999818e+04 5.120095047629844042e-05
1.339999999999999818e+04 5.139861737029945284e-05
1.340999999999999818e+04 5.192766558945101927e-05
1.341999999999999818e+04 5.299874117296500547e-05
1.342999999999999818e+04 5.437435329391067872e-05
1.343999999999999818e+04 5.620764526115333256e-05
1.344999999999999818e+04 5.848240608125509550e-05
1.345999999999999818e+04 6.106730854769659180e-05
1.346999999999999818e+04 6.425515188796939261e-05
1.347999999999999818e+04 6.769006659377085964e-05
1.348999999999999818e+04 7.160830447820008154e-05
1.349999999999999818e+04 7.569564786491072552e-05
1.350999999999999818e+04 7.982266370103184604e-05
1.351999999999999818e+04 8.370562989417959358e-05
1.352999999999999818e+04 8.709935506022659568e-05
1.353999999999999818e+04 8.955043291678855318e-05
1.354999999999999818e+04 9.053482343235834786e-05
1.355999999999999818e+04 8.988562358514989089e-05
1.356999999999999818e+04 8.772743264531200061e-05
1.357999999999999818e+04 8.394950788186563795e-05
1.358999999999999818e+04 7.896732672465554110e-05
1.359999999999999818e+04 7.331604038356334251e-05
1.360999999999999818e+04 6.706051899683704146e-05
1.361999999999999818e+04 6.110133054589079907e-05
1.362999999999999818e+04 5.519514098335698331e-05
1.363999999999999818e+04 4.992257831272674121e-05
1.364999999999999818e+04 4.503834920353215043e-05
1.365999999999999818e+04 4.079595130329281805e-05
1.366999999999999818e+04 3.701548919934104025e-05
1.367999999999999818e+04 3.369941342225047802e-05
1.368999999999999818e+04 3.083728996075723087e-05
1.369999999999999818e+04 2.831180097826791449e-05
1.370999999999999818e+04 2.606292067145754779e-05
1.371999999999999818e+04 2.414068810143653356e-05
1.372999999999999818e+04 2.252093900165717913e-05
1.373999999999999818e+04 2.102460042817479765e-05
1.374999999999999818e+04 1.978975727354274498e-05
1.375999999999999818e+04 1.881705844196040421e-05
1.376999999999999818e+04 1.798010151705891995e-05
1.377999999999999818e+04 1.728551929057282066e-05
1.378999999999999818e+04 1.683174139109407745e-05
1.379999999999999818e+04 1.647567083317670806e-05
1.380999999999999818e+04 1.625063100163661473e-05
1.381999999999999818e+04 1.621248661338924534e-05
1.382999999999999818e+04 1.625627974136981013e-05
1.383999999999999818e+04 1.648661330428299776e-05
1.384999999999999818e+04 1.678923656471413198e-05
1.385999999999999818e+04 1.725855601672637727e-05
1.386999999999999818e+04 1.784489127669789600e-05
1.387999999999999818e+04 1.855915164994983009e-05
1.388999999999999818e+04 1.944346742305066734e-05
1.389999999999999818e+04 2.045840765962040210e-05
1.390999999999999818e+04 2.168817773692403826e-05
1.391999999999999818e+04 2.307201639896280362e-05
1.392999999999999818e+04 2.465615155152368960e-05
1.393999999999999818e+04 2.653940367973096388e-05
1.394999999999999818e+04 2.863593794382239850e-05
1.395999999999999818e+04 3.100662421415481274e-05
1.396999999999999818e+04 3.366455233089499113e-05
1.397999999999999818e+04 3.671199935799575190e-05
1.398999999999999818e+04 4.003785293973572313e-05
1.399999999999999818e+04 4.378043036618541506e-05
1.400999999999999818e+04 4.777159030922488941e-05
1.401999999999999818e+04 5.204381740474732585e-05
1.402999999999999818e+04 5.658497114487750650e-05
1.403999999999999818e+04 6.128667956097867892e-05
1.404999999999999818e+04 6.582920805999599933e-05
1.405999999999999818e+04 7.017585253065021262e-05
1.406999999999999818e+04 7.425911123140912877e-05
1.407999999999999818e+04 7.774789468412383745e-05
1.408999999999999818e+04 8.044845800918926299e-05
1.409999999999999818e+04 8.238003768340886393e-05
1.410999999999999818e+04 8.342530329461963861e-05
1.411999999999999818e+04 8.369144665938787044e-05
1.412999999999999818e+04 8.324403508358025131e-05
1.413999999999999818e+04 8.212600927020518801e-05
1.414999999999999818e+04 8.067863320926128596e-05
1.415999999999999818e+04 7.878270754623253305e-05
1.416999999999999818e+04 7.676036969270725056e-05
1.417999999999999818e+04 7.464694624114503964e-05
1.418999999999999818e+04 7.253252292887181105e-05
1.419999999999999818e+04 7.041239402000651218e-05
1.420999999999999818e+04 6.841949503702559644e-05
1.421999999999999818e+04 6.655143815096507462e-05
1.422999999999999818e+04 6.485856072577197474e-05
1.423999999999999818e+04 6.339070956980701966e-05
1.424999999999999818e+04 6.205959884375760545e-05
1.425999999999999818e+04 6.107516597302837841e-05
1.426999999999999818e+04 6.019977959750613650e-05
1.427999999999999818e+04 5.945531174047360366e-05
1.428999999999999818e+04 5.894295412563858996e-05
1.429999999999999818e+04 5.852356630831460248e-05
1.430999999999999818e+04 5.843831414735455168e-05
1.431999999999999818e+04 5.851225689855770238e-05
1.432999999999999818e+04 5.871873128913810726e-05
1.433999999999999818e+04 5.919477768863116730e-05
1.434999999999999818e+04 5.968034425271582263e-05
1.435999999999999818e+04 6.048281773093997643e-05
1.436999999999999818e+04 6.144689219889674719e-05
1.437999999999999818e+04 6.245671159403934879e-05
1.438999999999999818e+04 6.369732618485899993e-05
1.439999999999999818e+04 6.510507651312150276e-05
1.440999999999999818e+04 6.654258708979706621e-05
1.441999999999999818e+04 6.819829220127920466e-05
1.442999999999999818e+04 6.986825583638220599e-05
1.443999999999999818e+04 7.164339236818012015e-05
1.444999999999999818e+04 7.336639189696968471e-05
1.445999999999999818e+04 7.514895420473614645e-05
1.446999999999999818e+04 7.690702935776872601e-05
1.447999999999999818e+04 7.857575253886952963e-05
1.448999999999999818e+04 8.004852277002562236e-05
1.449999999999999818e+04 8.138003594568211008e-05
1.450999999999999818e+04 8.255168689420583784e-05
1.451999999999999818e+04 8.342539099451812940e-05
1.452999999999999818e+04 8.415566362256954498e-05
1.453999999999999818e+04 8.456403140402559185e-05
1.454999999999999818e+04 8.471191828636014229e-05
1.455999999999999818e+04 8.465911615125063579e-05
1.456999999999999818e+04 8.435586049110641678e-05
1.457999999999999818e+04 8.405153494523723518e-05
1.458999999999999818e+04 8.353665082893225893e-05
1.459999999999999818e+04 8.295134060347077393e-05
1.460999999999999818e+04 8.230760032209606669e-05
1.461999999999999818e+04 8.167208881559901324e-05
1.462999999999999818e+04 8.117363667203221001e-05
1.463999999999999818e+04 8.072087226293061255e-05
1.464999999999999818e+04 8.033150557939859159e-05
1.465999999999999818e+04 8.015491114606165400e-05
1.466999999999999818e+04 8.014579698199058818e-05
1.467999999999999818e+04 8.035723506277033142e-05
1.468999999999999818e+04 8.077008369838090921e-05
1.469999999999999818e+04 8.142033290361814092e-05
1.470999999999999818e+04 8.236637661028727139e-05
1.471999999999999818e+04 8.370745842589372534e-05
1.472999999999999818e+04 8.525639551385021195e-05
1.473999999999999818e+04 8.715641063179285471e-05
1.474999999999999818e+04 8.953193558084003459e-05
1.475999999999999818e+04 9.239241756976547342e-05
1.476999999999999818e+04 9.568431829175399746e-05
1.477999999999999818e+04 9.946146728521165271e-05
1.478999999999999818e+04 1.037767778881187099e-04
1.479999999999999818e+04 1.089317199563420930e-04
1.480999999999999818e+04 1.147928626415086487e-04
1.481999999999999818e+04 1.214910174069092129e-04
1.482999999999999818e+04 1.292738844990843879e-04
1.483999999999999818e+04 1.383792202080961402e-04
1.484999999999999818e+04 1.483405814063473889e-04
1.485999999999999818e+04 1.599996887603234849e-04
1.486999999999999818e+04 1.734180142766618014e-04
1.487999999999999818e+04 1.888430441802208773e-04
1.488999999999999818e+04 2.067338361190029057e-04
1.489999999999999818e+04 2.275166226451437587e-04
1.490999999999999818e+04 2.518097810343688267e-04
1.491999999999999818e+04 2.795455201071769661e-04
1.492999999999999818e+04 3.125066624190457154e-04
1.493999999999999818e+04 3.512626329553981356e-04
1.494999999999999818e+04 3.971286264160450220e-04
1.495999999999999818e+04 4.510294633447545806e-04
1.496999999999999818e+04 5.153680447077807611e-04
1.497999999999999818e+04 5.918726172646403489e-04
1.498999999999999818e+04 6.849554165370764277e-04
1.499999999999999818e+04 7.965122342784043815e-04
1.500999999999999818e+04 9.335410596755118993e-04
1.501999999999999818e+04 1.100564581561599064e-03
1.502999999999999818e+04 1.305928375432946920e-03
1.503999999999999818e+04 1.559956271572046681e-03
1.504999999999999818e+04 1.876874535128936769e-03
1.505999999999999818e+04 2.277886200264497493e-03
1.506999999999999818e+04 2.782162602767404482e-03
1.507999999999999818e+04 3.428859727945513577e-03
1.508999999999999818e+04 4.257131700392569398e-03
1.509999999999999818e+04 5.337192474344432808e-03
1.510999999999999818e+04 6.748937488257255798e-03
1.511999999999999818e+04 8.618691484875290465e-03
1.512999999999999818e+04 1.112518408834367069e-02
1.513999999999999818e+04 1.449489703923549297e-02
1.514999999999999818e+04 1.907319281786902521e-02
1.515999999999999818e+04 2.539893396947479065e-02
1.516999999999999818e+04 3.417121330084925412e-02
1.517999999999999818e+04 4.640479979475670841e-02
1.518999999999999818e+04 6.355829023037064263e-02
1.519999999999999818e+04 8.740179860517037491e-02
1.520999999999999818e+04 1.203121119132610217e-01
1.521999999999999818e+04 1.649287840328119703e-01
1.522999999999999818e+04 2.216561974382448563e-01
1.523999999999999818e+04 2.894842970139209215e-01
1.524999999999999818e+04 3.623927893065828632e-01
1.525999999999999818e+04 4.308137247995318941e-01
1.526999999999999818e+04 4.864431082376727833e-01
1.527999999999999818e+04 5.243431419738842081e-01
1.528999999999999818e+04 5.461541048536781018e-01
1.529999999999999818e+04 5.561271699120391432e-01
1.530999999999999818e+04 5.594487565660927197e-01
1.531999999999999818e+04 5.590505820998599162e-01
1.532999999999999818e+04 5.584158452259320171e-01
1.533999999999999818e+04 5.566558218821011650e-01
1.534999999999999818e+04 5.561893866301071965e-01
1.535999999999999636e+04 5.568834247237177681e-01
1.536999999999999636e+04 5.563317714363334998e-01
1.537999999999999636e+04 5.565225068960936161e-01
1.538999999999999636e+04 5.572242181376138026e-01
1.539999999999999636e+04 5.573676201156060328e-01
1.540999999999999636e+04 5.582040694710287410e-01
1.541999999999999636e+04 5.576180690325986955e-01
1.542999999999999636e+04 5.575098992189964076e-01
1.543999999999999636e+04 5.567412416688066745e-01
1.544999999999999636e+04 5.559451808234218140e-01
1.545999999999999636e+04 5.555425363666280925e-01
1.546999999999999636e+04 5.552606470777071701e-01
1.547999999999999636e+04 5.550072930155227624e-01
1.548999999999999636e+04 5.543042872893860773e-01
1.549999999999999636e+04 5.541880174693062378e-01
1.550999999999999636e+04 5.546932199435462563e-01
1.551999999999999636e+04 5.544358168440794987e-01
1.552999999999999636e+04 5.557443673328175127e-01
1.553999999999999636e+04 5.562706518502241737e-01
1.554999999999999636e+04 5.559713486598103493e-01
1.555999999999999636e+04 5.561427281521312826e-01
1.556999999999999636e+04 5.568966007651603434e-01
1.557999999999999636e+04 5.572534078545205993e-01
1.558999999999999636e+04 5.572363741492587508e-01
1.559999999999999636e+04 5.574950894936558932e-01
1.560999999999999636e+04 5.564943997455498170e-01
1.561999999999999636e+04 5.562263549376051941e-01
1.562999999999999636e+04 5.558154874935423706e-01
1.563999999999999636e+04 5.553353734201978975e-01
1.564999999999999636e+04 5.551364823190808595e-01
1.565999999999999636e+04 5.549197497959368341e-01
1.566999999999999636e+04 5.544103860444496990e-01
1.567999999999999636e+04 5.540611203034444543e-01
1.568999999999999636e+04 5.540087055559917983e-01
1.569999999999999636e+04 5.543027664895562312e-01
1.570999999999999636e+04 5.549188939323596026e-01
1.571999999999999636e+04 5.551143297220396677e-01
1.572999999999999636e+04 5.551693495751770513e-01
1.573999999999999636e+04 5.557814100350485509e-01
1.574999999999999636e+04 5.567820084470623820e-01
1.575999999999999636e+04 5.565919555951320818e-01
1.576999999999999636e+04 5.568598930513293244e-01
1.577999999999999636e+04 5.576607978867651472e-01
1.578999999999999636e+04 5.579431629801616666e-01
1.579999999999999636e+04 5.579481308099902837e-01
1.580999999999999636e+04 5.579340776003836044e-01
1.581999999999999636e+04 5.575541422359943100e-01
1.582999999999999636e+04 5.573972405218452497e-01
1.583999999999999636e+04 5.572269000250001936e-01
1.584999999999999636e+04 5.575725959443833535e-01
1.585999999999999636e+04 5.570034855208555458e-01
1.586999999999999636e+04 5.565977400547296172e-01
1.587999999999999636e+04 5.561475053666694590e-01
1.588999999999999636e+04 5.556976444534448278e-01
1.589999999999999636e+04 5.551290414249557825e-01
1.590999999999999636e+04 5.551780160575668921e-01
1.591999999999999636e+04 5.546689260133053079e-01
1.592999999999999636e+04 5.547849102370530083e-01
1.593999999999999636e+04 5.545051681600796645e-01
1.594999999999999636e+04 5.543123889386891712e-01
1.595999999999999636e+04 5.542097856530016076e-01
1.596999999999999636e+04 5.541004561617580704e-01
1.597999999999999636e+04 5.539960885504062738e-01
1.598999999999999636e+04 5.542260369689191446e-01
1.599999999999999636e+04 5.545408905231928864e-01
1.600999999999999636e+04 5.547289501203831463e-01
1.601999999999999636e+04 5.543272942413783877e-01
1.602999999999999636e+04 5.544717879225098400e-01
1.603999999999999636e+04 5.544086064124208457e-01
1.604999999999999636e+04 5.542850675951914718e-01
1.605999999999999636e+04 5.545657255674331099e-01
1.606999999999999636e+04 5.537251342084145156e-01
1.607999999999999636e+04 5.537446389953085690e-01
1.608999999999999636e+04 5.530827613852620228e-01
1.609999999999999636e+04 5.525876774422501247e-01
1.610999999999999636e+04 5.518356979615151037e-01
1.611999999999999636e+04 5.514602090278106772e-01
1.612999999999999636e+04 5.510039612896532324e-01
1.613999999999999636e+04 5.505695268009535015e-01
1.614999999999999636e+04 5.506131569852257268e-01
1.615999999999999636e+04 5.501287430965672298e-01
1.616999999999999636e+04 5.494701897445890548e-01
1.617999999999999636e+04 5.490190045216999382e-01
1.618999999999999636e+04 5.489489153586143422e-01
1.619999999999999636e+04 5.489069386948493001e-01
1.620999999999999636e+04 5.491925949371884164e-01
1.621999999999999636e+04 5.485919939451360250e-01
1.622999999999999636e+04 5.480601166621962284e-01
1.623999999999999636e+04 5.488732569605496714e-01
1.624999999999999636e+04 5.487037773876487501e-01
1.625999999999999636e+04 5.486148457488096986e-01
1.626999999999999636e+04 5.486601592094260127e-01
1.627999999999999636e+04 5.483300715103547329e-01
1.628999999999999636e+04 5.488074934745199585e-01
1.629999999999999636e+04 5.483839965340459033e-01
1.630999999999999636e+04 5.486858532887692874e-01
1.631999999999999636e+04 5.481592387233371610e-01
1.632999999999999636e+04 5.479506216558208687e-01
1.633999999999999636e+04 5.473158830126446661e-01
1.634999999999999636e+04 5.471027310646542352e-01
1.635999999999999636e+04 5.467955794885284160e-01
1.636999999999999636e+04 5.462325135604425563e-01
1.637999999999999636e+04 5.459963288188093289e-01
1.638999999999999636e+04 5.453052208030314540e-01
1.639999999999999636e+04 5.452414629332149598e-01
1.640999999999999636e+04 5.445371168295788378e-01
1.641999999999999636e+04 5.435990601458934313e-01
1.642999999999999636e+04 5.440554453252244294e-01
1.643999999999999636e+04 5.436577297053895030e-01
1.644999999999999636e+04 5.436282288980928135e-01
1.645999999999999636e+04 5.429041709995231502e-01
1.646999999999999636e+04 5.422500906748223271e-01
1.647999999999999636e+04 5.431793882287352382e-01
1.648999999999999636e+04 5.427569249270082219e-01
1.649999999999999636e+04 5.432783167628369991e-01
1.650999999999999636e+04 5.429443288340489726e-01
1.651999999999999636e+04 5.433415145422443304e-01
1.652999999999999636e+04 5.432244595391547692e-01
1.653999999999999636e+04 5.439491923273910290e-01
1.654999999999999636e+04 5.441942516017626019e-01
1.655999999999999636e+04 5.441148742807190297e-01
1.656999999999999636e+04 5.446083621461657032e-01
1.657999999999999636e+04 5.450505860516894341e-01
1.658999999999999636e+04 5.451658446565463834e-01
1.659999999999999636e+04 5.454103262429551569e-01
1.660999999999999636e+04 5.455382408528338667e-01
1.661999999999999636e+04 5.453369851966762827e-01
1.662999999999999636e+04 5.455720893109191616e-01
1.663999999999999636e+04 5.454325815112367470e-01
1.664999999999999636e+04 5.454709651575280205e-01
1.665999999999999636e+04 5.451154480954448767e-01
1.666999999999999636e+04 5.448350456303271416e-01
1.667999999999999636e+04 5.448213137666018113e-01
1.668999999999999636e+04 5.447961108676783182e-01
1.669999999999999636e+04 5.446114239073278629e-01
1.670999999999999636e+04 5.441023148676567001e-01
1.671999999999999636e+04 5.441270045969964775e-01
1.672999999999999636e+04 5.437996467782172383e-01
1.673999999999999636e+04 5.436314736784433332e-01
1.674999999999999636e+04 5.436365023275204766e-01
1.675999999999999636e+04 5.438643429447598265e-01
1.676999999999999636e+04 5.433209770238501823e-01
1.677999999999999636e+04 5.429427277151879228e-01
1.678999999999999636e+04 5.433055067151161266e-01
1.679999999999999636e+04 5.429007996155486016e-01
1.680999999999999636e+04 5.428843582713118732e-01
1.681999999999999636e+04 5.430536446556207819e-01
1.682999999999999636e+04 5.436442118376736410e-01
1.683999999999999636e+04 5.441133888550507836e-01
1.684999999999999636e+04 5.446291936232537934e-01
1.685999999999999636e+04 5.445451604185453931e-01
1.686999999999999636e+04 5.445642724930130907e-01
1.687999999999999636e+04 5.450747758662312092e-01
1.688999999999999636e+04 5.454783823868584181e-01
1.689999999999999636e+04 5.455921595637842625e-01
1.690999999999999636e+04 5.455227495973350438e-01
1.691999999999999636e+04 5.461863917217001374e-01
1.692999999999999636e+04 5.470753678226070171e-01
1.693999999999999636e+04 5.467699397412978390e-01
1.694999999999999636e+04 5.467876088316999672e-01
1.695999999999999636e+04 5.469224144845895585e-01
1.696999999999999636e+04 5.464521959369430526e-01
1.697999999999999636e+04 5.464349444076744833e-01
1.698999999999999636e+04 5.473654250101955832e-01
1.699999999999999636e+04 5.467858445687601154e-01
1.700999999999999636e+04 5.469281552867020224e-01
1.701999999999999636e+04 5.463427422654545396e-01
1.702999999999999636e+04 5.458131181954422040e-01
1.703999999999999636e+04 5.463272562717115255e-01
1.704999999999999636e+04 5.463791298110726169e-01
1.705999999999999636e+04 5.461999175019344177e-01
1.706999999999999636e+04 5.461032730785145839e-01
1.707999999999999636e+04 5.458642582963026957e-01
1.708999999999999636e+04 5.461378079420909915e-01
1.709999999999999636e+04 5.464611678711652765e-01
1.710999999999999636e+04 5.460617537342126182e-01
1.711999999999999636e+04 5.464117096294304199e-01
1.712999999999999636e+04 5.459183177344024696e-01
1.713999999999999636e+04 5.459121963686425216e-01
1.714999999999999636e+04 5.472886614630921853e-01
1.715999999999999636e+04 5.467772055340108794e-01
1.716999999999999636e+04 5.469373861558262107e-01
1.717999999999999636e+04 5.475235209626734267e-01
1.718999999999999636e+04 5.478201627514314165e-01
1.719999999999999636e+04 5.476354158436308461e-01
1.720999999999999636e+04 5.482232300469440656e-01
1.721999999999999636e+04 5.481037526010045235e-01
1.722999999999999636e+04 5.484685441245122917e-01
1.723999999999999636e+04 5.487263704255509467e-01
1.724999999999999636e+04 5.493788179865395360e-01
1.725999999999999636e+04 5.493828217711337336e-01
1.726999999999999636e+04 5.492112014615856408e-01
1.727999999999999636e+04 5.491679075210359473e-01
1.728999999999999636e+04 5.492497793114687887e-01
1.729999999999999636e+04 5.494017027486938209e-01
1.730999999999999636e+04 5.494520923758315911e-01
1.731999999999999636e+04 5.496978853383941432e-01
1.732999999999999636e+04 5.496178581735146063e-01
1.733999999999999636e+04 5.494139565770758127e-01
1.734999999999999636e+04 5.492215128483945996e-01
1.735999999999999636e+04 5.489715629314666501e-01
1.736999999999999636e+04 5.491367551041541617e-01
1.737999999999999636e+04 5.491144912934831090e-01
1.738999999999999636e+04 5.488580222790410135e-01
1.739999999999999636e+04 5.486458186699492146e-01
1.740999999999999636e+04 5.477092915781300864e-01
1.741999999999999636e+04 5.480630231521662621e-01
1.742999999999999636e+04 5.475778134851854162e-01
1.743999999999999636e+04 5.482667490573296387e-01
1.744999999999999636e+04 5.481297088438394915e-01
1.745999999999999636e+04 5.471771709827422114e-01
1.746999999999999636e+04 5.473107818132398883e-01
1.747999999999999636e+04 5.484629995067294983e-01
1.748999999999999636e+04 5.479260251329799436e-01
1.749999999999999636e+04 5.481597813001796160e-01
1.750999999999999636e+04 5.472288432345484566e-01
1.751999999999999636e+04 5.484094117850618622e-01
1.752999999999999636e+04 5.478874143839264077e-01
1.753999999999999636e+04 5.481502417713510766e-01
1.754999999999999636e+04 5.484444241542668630e-01
1.755999999999999636e+04 5.490570123663092161e-01
1.756999999999999636e+04 5.489273305921252843e-01
1.757999999999999636e+04 5.489022747383822676e-01
1.758999999999999636e+04 5.488824482861414111e-01
1.759999999999999636e+04 5.488044548483652640e-01
1.760999999999999636e+04 5.497417332848174576e-01
1.761999999999999636e+04 5.484264831930981687e-01
1.762999999999999636e+04 5.492983664897304052e-01
1.763999999999999636e+04 5.486567894139653401e-01
1.764999999999999636e+04 5.494790023193515394e-01
1.765999999999999636e+04 5.482844303882195014e-01
1.766999999999999636e+04 5.485459479587405651e-01
1.767999999999999636e+04 5.489606677299053716e-01
1.768999999999999636e+04 5.491838235632404697e-01
1.769999999999999636e+04 5.478701274883566175e-01
1.770999999999999636e+04 5.474311274830985230e-01
1.771999999999999636e+04 5.472652912564698324e-01
1.772999999999999636e+04 5.478991513195774488e-01
1.773999999999999636e+04 5.482233253811293894e-01
1.774999999999999636e+04 5.474531167367786555e-01
1.775999999999999636e+04 5.475398093217002105e-01
1.776999999999999636e+04 5.471136605657229701e-01
1.777999999999999636e+04 5.473146888154174494e-01
1.778999999999999636e+04 5.467880111816829647e-01
1.779999999999999636e+04 5.468779719887594259e-01
1.780999999999999636e+04 5.470435631773142848e-01
1.781999999999999636e+04 5.469809407482320029e-01
1.782999999999999636e+04 5.467123653309102771e-01
1.783999999999999636e+04 5.468130761671510243e-01
1.784999999999999636e+04 5.465091821849501486e-01
1.785999999999999636e+04 5.467956352562909350e-01
1.786999999999999636e+04 5.474846642405531982e-01
1.787999999999999636e+04 5.476234701225313195e-01
1.788999999999999636e+04 5.474982249733376660e-01
1.789999999999999636e+04 5.477858205865354657e-01
1.790999999999999636e+04 5.478792235624784235e-01
1.791999999999999636e+04 5.477692206786126672e-01
1.792999999999999636e+04 5.486543689170053639e-01
1.793999999999999636e+04 5.484110076881775209e-01
1.794999999999999636e+04 5.495572034614039092e-01
1.795999999999999636e+04 5.489705904133617143e-01
1.796999999999999636e+04 5.494444540341782979e-01
1.797999999999999636e+04 5.485645580066617066e-01
1.798999999999999636e+04 5.495393881872011610e-01
1.799999999999999636e+04 5.488485219433886231e-01
1.800999999999999636e+04 5.488995269673508925e-01
1.801999999999999636e+04 5.493248306427209737e-01
1.802999999999999636e+04 5.503440295225678902e-01
1.803999999999999636e+04 5.491488973426265074e-01
1.804999999999999636e+04 5.491012073100349777e-01
1.805999999999999636e+04 5.483489596708207570e-01
1.806999999999999636e+04 5.485596548823384877e-01
1.807999999999999636e+04 5.494619584114617261e-01
1.808999999999999636e+04 5.486377063330328818e-01
1.809999999999999636e+04 5.486486552985897491e-01
1.810999999999999636e+04 5.487362371689025187e-01
1.811999999999999636e+04 5.486053672329425090e-01
1.812999999999999636e+04 5.485230842743203938e-01
1.813999999999999636e+04 5.483949123746384435e-01
1.814999999999999636e+04 5.485155593568453725e-01
1.815999999999999636e+04 5.485263421129443762e-01
1.816999999999999636e+04 5.485491535800035567e-01
1.817999999999999636e+04 5.489611860665264409e-01
1.818999999999999636e+04 5.491480218073097053e-01
1.819999999999999636e+04 5.495278201900478665e-01
1.820999999999999636e+04 5.489234154262531140e-01
1.821999999999999636e+04 5.490625041506964621e-01
1.822999999999999636e+04 5.497440563053498375e-01
1.823999999999999636e+04 5.496595446379376471e-01
1.824999999999999636e+04 5.493128393309097968e-01
1.825999999999999636e+04 5.503221116749877906e-01
1.826999999999999636e+04 5.505030116992151168e-01
1.827999999999999636e+04 5.511744452697389107e-01
1.828999999999999636e+04 5.503570827112834740e-01
1.829999999999999636e+04 5.497545666029174383e-01
1.830999999999999636e+04 5.506893015798666191e-01
1.831999999999999636e+04 5.507867873624268107e-01
1.832999999999999636e+04 5.513380351987332562e-01
1.833999999999999636e+04 5.510171358884338177e-01
1.834999999999999636e+04 5.514466586251761671e-01
1.835999999999999636e+04 5.506469883023722423e-01
1.836999999999999636e+04 5.502953888503966384e-01
1.837999999999999636e+04 5.505759682842157332e-01
1.838999999999999636e+04 5.494940329203308327e-01
1.839999999999999636e+04 5.493412112298396988e-01
1.840999999999999636e+04 5.498450949149632505e-01
1.841999999999999636e+04 5.489419305887343059e-01
1.842999999999999636e+04 5.485081072385696865e-01
1.843999999999999636e+04 5.479786408586890811e-01
1.844999999999999636e+04 5.474580225486800344e-01
1.845999999999999636e+04 5.461615522496350295e-01
1.846999999999999636e+04 5.461446247885878291e-01
1.847999999999999636e+04 5.461964000476675629e-01
1.848999999999999636e+04 5.451198042917910769e-01
1.849999999999999636e+04 5.454574599016839276e-01
1.850999999999999636e+04 5.456042134118309628e-01
1.851999999999999636e+04 5.452431032775422182e-01
1.852999999999999636e+04 5.442274880269131199e-01
1.853999999999999636e+04 5.439908678794200814e-01
1.854999999999999636e+04 5.439201577269310306e-01
1.855999999999999636e+04 5.435784320172825090e-01
1.856999999999999636e+04 5.431295182417406053e-01
1.857999999999999636e+04 5.436827835447295421e-01
1.858999999999999636e+04 5.433835815806103975e-01
1.859999999999999636e+04 5.430229422459841304e-01
1.860999999999999636e+04 5.436034623487231432e-01
1.861999999999999636e+04 5.437388354919181488e-01
1.862999999999999636e+04 5.443539691285386173e-01
1.863999999999999636e+04 5.439374652825694767e-01
1.864999999999999636e+04 5.443095526602221845e-01
1.865999999999999636e+04 5.448826059602065452e-01
1.866999999999999636e+04 5.444822988971157463e-01
1.867999999999999636e+04 5.433893268834966150e-01
1.868999999999999636e+04 5.439678519323120076e-01
1.869999999999999636e+04 5.442239355904968656e-01
1.870999999999999636e+04 5.436234206922475609e-01
1.871999999999999636e+04 5.435431165702726553e-01
1.872999999999999636e+04 5.428437717021724618e-01
1.873999999999999636e+04 5.426599677504527763e-01
1.874999999999999636e+04 5.441056816155614984e-01
1.875999999999999636e+04 5.439255157488507297e-01
1.876999999999999636e+04 5.428890334315129573e-01
1.877999999999999636e+04 5.429937554461767846e-01
1.878999999999999636e+04 5.432230168342480070e-01
1.879999999999999636e+04 5.426382825257283216e-01
1.880999999999999636e+04 5.416410423301695198e-01
1.881999999999999636e+04 5.410450844732995757e-01
1.882999999999999636e+04 5.408680002270475073e-01
1.883999999999999636e+04 5.409684329252294477e-01
1.884999999999999636e+04 5.403224008149083435e-01
1.885999999999999636e+04 5.404720544575056795e-01
1.886999999999999636e+04 5.400996208950314958e-01
1.887999999999999636e+04 5.396924490699724908e-01
1.888999999999999636e+04 5.385356776666261336e-01
1.889999999999999636e+04 5.378173981323921549e-01
1.890999999999999636e+04 5.383198657736074644e-01
1.891999999999999636e+04 5.385015920766569320e-01
1.892999999999999636e+04 5.386006370225195905e-01
1.893999999999999636e+04 5.386719666406013518e-01
1.894999999999999636e+04 5.390974864511258735e-01
1.895999999999999636e+04 5.390710600229281502e-01
1.896999999999999636e+04 5.383980962954939553e-01
1.897999999999999636e+04 5.375873968219969656e-01
1.898999999999999636e+04 5.376972656530558670e-01
1.899999999999999636e+04 5.389768229609108730e-01
1.900999999999999636e+04 5.384111952890905384e-01
1.901999999999999636e+04 5.385892003935099925e-01
1.902999999999999636e+04 5.387433993367803930e-01
1.903999999999999636e+04 5.388002353123660937e-01
1.904999999999999636e+04 5.393173407437658051e-01
1.905999999999999636e+04 5.395710087742485728e-01
1.906999999999999636e+04 5.396961912123531269e-01
1.907999999999999636e+04 5.401813451733512572e-01
1.908999999999999636e+04 5.401196564038512893e-01
1.909999999999999636e+04 5.399660824928484981e-01
1.910999999999999636e+04 5.400107959835869220e-01
1.911999999999999636e+04 5.388151642469074520e-01
1.912999999999999636e+04 5.395622301028821788e-01
1.913999999999999636e+04 5.394043705883793116e-01
1.914999999999999636e+04 5.388706820128190689e-01
1.915999999999999636e+04 5.390507014268284269e-01
1.916999999999999636e+04 5.385349297363144494e-01
1.917999999999999636e+04 5.383608423846705238e-01
1.918999999999999636e+04 5.374629063531826123e-01
1.919999999999999636e+04 5.372944550250317031e-01
1.920999999999999636e+04 5.372521768597559033e-01
1.921999999999999636e+04 5.364634537340077225e-01
1.922999999999999636e+04 5.359106565285607360e-01
1.923999999999999636e+04 5.342171515892942812e-01
1.924999999999999636e+04 5.346159399179418736e-01
1.925999999999999636e+04 5.351739345744522813e-01
1.926999999999999636e+04 5.343608414664136053e-01
1.927999999999999636e+04 5.322204487692914210e-01
1.928999999999999636e+04 5.327918061402805439e-01
1.929999999999999636e+04 5.328027098255820881e-01
1.930999999999999636e+04 5.332383570729839484e-01
1.931999999999999636e+04 5.329866595918735239e-01
1.932999999999999636e+04 5.316996971455375531e-01
1.933999999999999636e+04 5.329686356074015974e-01
1.934999999999999636e+04 5.315984987155235597e-01
1.935999999999999636e+04 5.315257992505192375e-01
1.936999999999999636e+04 5.305184226524887192e-01
1.937999999999999636e+04 5.305552484378177613e-01
1.938999999999999636e+04 5.303867023917816503e-01
1.939999999999999636e+04 5.298522691542861818e-01
1.940999999999999636e+04 5.300040179621513525e-01
1.941999999999999636e+04 5.300168679885227663e-01
1.942999999999999636e+04 5.290950833695884370e-01
1.943999999999999636e+04 5.289773241845895368e-01
1.944999999999999636e+04 5.284450644210854087e-01
1.945999999999999636e+04 5.285568581388464526e-01
1.946999999999999636e+04 5.285426044879121266e-01
1.947999999999999636e+04 5.284535455360270806e-01
1.948999999999999636e+04 5.277693359457509281e-01
1.949999999999999636e+04 5.276681124129638523e-01
1.950999999999999636e+04 5.263697468080914543e-01
1.951999999999999636e+04 5.269124678075683965e-01
1.952999999999999636e+04 5.258403638347121101e-01
1.953999999999999636e+04 5.249607101824482758e-01
1.954999999999999636e+04 5.252517599693036221e-01
1.955999999999999636e+04 5.236788260382734261e-01
1.956999999999999636e+04 5.234101042142428328e-01
1.957999999999999636e+04 5.233343587023874255e-01
1.958999999999999636e+04 5.231641250727531167e-01
1.959999999999999636e+04 5.215479222895378353e-01
1.960999999999999636e+04 5.205711571914988234e-01
1.961999999999999636e+04 5.210676380101418870e-01
1.962999999999999636e+04 5.206505926419027208e-01
1.963999999999999636e+04 5.195268075888237469e-01
1.964999999999999636e+04 5.187678179847943216e-01
1.965999999999999636e+04 5.186797489637073877e-01
1.966999999999999636e+04 5.182023869668850313e-01
1.967999999999999636e+04 5.181570742813177421e-01
1.968999999999999636e+04 5.166016469540349876e-01
1.969999999999999636e+04 5.164176225503499529e-01
1.970999999999999636e+04 5.164913285701707713e-01
1.971999999999999636e+04 5.157706822329051199e-01
1.972999999999999636e+04 5.151125378914696018e-01
1.973999999999999636e+04 5.157279161960151015e-01
1.974999999999999636e+04 5.143225210909685430e-01
1.975999999999999636e+04 5.154051639473465896e-01
1.976999999999999636e+04 5.153198959692292247e-01
1.977999999999999636e+04 5.138324839892717266e-01
1.978999999999999636e+04 5.137392837686632907e-01
1.979999999999999636e+04 5.134611833841666861e-01
1.980999999999999636e+04 5.135465645032918358e-01
1.981999999999999636e+04 5.142307802582005705e-01
1.982999999999999636e+04 5.134257662897765417e-01
1.983999999999999636e+04 5.133314393188918023e-01
1.984999999999999636e+04 5.128495674684487859e-01
1.985999999999999636e+04 5.130404263527380548e-01
1.986999999999999636e+04 5.124999649841337490e-01
1.987999999999999636e+04 5.117725795701459912e-01
1.988999999999999636e+04 5.113134451068027664e-01
1.989999999999999636e+04 5.114068667979938532e-01
1.990999999999999636e+04 5.117272491421834824e-01
1.991999999999999636e+04 5.109030378957726271e-01
1.992999999999999636e+04 5.119480780741706427e-01
1.993999999999999636e+04 5.114071010297176478e-01
1.994999999999999636e+04 5.107214296475194315e-01
1.995999999999999636e+04 5.106088154765581200e-01
1.996999999999999636e+04 5.104694748512293989e-01
1.997999999999999636e+04 5.103902803889054374e-01
1.998999999999999636e+04 5.097458797203346936e-01
1.999999999999999636e+04 5.102541089030047106e-01
2.000999999999999636e+04 5.097192874937541696e-01
2.001999999999999636e+04 5.092534859589595841e-01
2.002999999999999636e+04 5.077426296507733250e-01
2.003999999999999636e+04 5.079865804357470704e-01
2.004999999999999636e+04 5.064491925118758120e-01
2.005999999999999636e+04 5.062663888057227224e-01
2.006999999999999636e+04 5.055127434858285307e-01
2.007999999999999636e+04 5.053715151053916887e-01
2.008999999999999636e+04 5.052098888978659996e-01
2.009999999999999636e+04 5.049050966643205962e-01
2.010999999999999636e+04 5.045736231714245124e-01
2.011999999999999636e+04 5.040477068969104746e-01
2.012999999999999636e+04 5.046685184093528953e-01
2.013999999999999636e+04 5.052842020734007455e-01
2.014999999999999636e+04 5.058510610190688483e-01
2.015999999999999636e+04 5.053262098996431639e-01
2.016999999999999636e+04 5.040356841403026422e-01
2.017999999999999636e+04 5.006270281960316648e-01
2.018999999999999636e+04 4.949925389016776589e-01
2.019999999999999636e+04 4.856086130366532583e-01
2.020999999999999636e+04 4.721201386067387928e-01
2.021999999999999636e+04 4.530903171125074680e-01
2.022999999999999636e+04 4.275532219179508653e-01
2.023999999999999636e+04 3.956368412866388962e-01
2.024999999999999636e+04 3.589800605188284699e-01
2.025999999999999636e+04 3.178211638601239342e-01
2.026999999999999636e+04 2.754959234544649416e-01
2.027999999999999636e+04 2.349194155109802229e-01
2.028999999999999636e+04 1.967238546597973869e-01
2.029999999999999636e+04 1.625843703581622279e-01
2.030999999999999636e+04 1.329358867973600700e-01
2.031999999999999636e+04 1.080300912532458774e-01
2.032999999999999636e+04 8.756333062052625016e-02
2.033999999999999636e+04 7.085095909877790754e-02
2.034999999999999636e+04 5.728074897552525024e-02
2.035999999999999636e+04 4.643843830101693909e-02
2.036999999999999636e+04 3.762024079160805612e-02
2.037999999999999636e+04 3.064172620076442352e-02
2.038999999999999636e+04 2.507038352286556152e-02
2.039999999999999636e+04 2.053356187327609605e-02
2.040999999999999636e+04 1.689831503975569582e-02
2.041999999999999636e+04 1.397869093328399891e-02
2.042999999999999636e+04 1.162436094769473717e-02
2.043999999999999636e+04 9.663873497929348702e-03
2.044999999999999636e+04 8.097495491340360452e-03
2.045999999999999636e+04 6.782094403016625077e-03
2.046999999999999636e+04 5.712815406009183299e-03
2.047999999999999636e+04 4.843201970483982342e-03
2.048999999999999636e+04 4.110165991170354818e-03
2.049999999999999636e+04 3.497439609313453181e-03
2.050999999999999636e+04 2.995869940098241837e-03
2.051999999999999636e+04 2.570007015709575588e-03
2.052999999999999636e+04 2.211514745299271879e-03
2.053999999999999636e+04 1.909959759302257707e-03
2.054999999999999636e+04 1.652982837985186556e-03
2.055999999999999636e+04 1.434211566342234734e-03
2.056999999999999636e+04 1.249489552547124053e-03
2.057999999999999636e+04 1.088918970202428730e-03
2.058999999999999636e+04 9.517256794281246006e-04
2.059999999999999636e+04 8.365416945543000318e-04
2.060999999999999636e+04 7.375144014345357728e-04
2.061999999999999636e+04 6.483784187444681553e-04
2.062999999999999636e+04 5.742344550777857487e-04
2.063999999999999636e+04 5.093902495202394043e-04
2.064999999999999636e+04 4.521829387814255098e-04
2.065999999999999636e+04 4.025407814632693169e-04
2.066999999999999636e+04 3.601515349886757165e-04
2.067999999999999636e+04 3.218945320988396853e-04
2.068999999999999636e+04 2.886039258106339544e-04
2.069999999999999636e+04 2.592449380893542435e-04
2.070999999999999636e+04 2.325301612656258240e-04
2.071999999999999636e+04 2.100028120879992633e-04
2.072999999999999636e+04 1.895160772878770594e-04
2.073999999999999636e+04 1.714129164008060876e-04
2.074999999999999636e+04 1.560524734872117080e-04
2.075999999999999636e+04 1.415008300902446394e-04
2.076999999999999636e+04 1.287064733740998172e-04
2.077999999999999636e+04 1.176164762685211830e-04
2.078999999999999636e+04 1.068430876621868968e-04
2.079999999999999636e+04 9.790839386985589101e-05
2.080999999999999636e+04 8.978492708132694219e-05
2.081999999999999636e+04 8.239934238101607089e-05
2.082999999999999636e+04 7.576615881226348977e-05
2.083999999999999636e+04 6.963754262459598331e-05
2.084999999999999636e+04 6.436881644111099780e-05
2.085999999999999636e+04 5.927937659015676325e-05
2.086999999999999636e+04 5.477382778397040360e-05
2.087999999999999636e+04 5.085149092645765317e-05
2.088999999999999636e+04 4.707889614403164047e-05
2.089999999999999636e+04 4.372269687979468044e-05
2.090999999999999636e+04 4.062571820395656421e-05
2.091999999999999636e+04 3.789086268990488244e-05
2.092999999999999636e+04 3.528819548895260639e-05
2.093999999999999636e+04 3.305263970578602503e-05
2.094999999999999636e+04 3.086809306998932714e-05
2.095999999999999636e+04 2.891125429338817039e-05
2.096999999999999636e+04 2.710675797036192874e-05
2.097999999999999636e+04 2.544951289569192079e-05
2.098999999999999636e+04 2.426865892062825736e-05
2.099999999999999636e+04 0.000000000000000000e+00
