3.819999999999999545e+03 0.000000000000000000e+00
3.829999999999999545e+03 2.318254664350625585e-12
3.839999999999999091e+03 1.473861217195937453e-11
3.849999999999999091e+03 0.000000000000000000e+00
3.859999999999999091e+03 0.000000000000000000e+00
3.869999999999999091e+03 0.000000000000000000e+00
3.879999999999999091e+03 0.000000000000000000e+00
3.889999999999999091e+03 0.000000000000000000e+00
3.899999999999999091e+03 0.000000000000000000e+00
3.909999999999999091e+03 0.000000000000000000e+00
3.919999999999999091e+03 0.000000000000000000e+00
3.929999999999999091e+03 0.000000000000000000e+00
3.939999999999999091e+03 1.956665140682481282e-12
3.949999999999999091e+03 0.000000000000000000e+00
3.959999999999999091e+03 0.000000000000000000e+00
3.969999999999999091e+03 0.000000000000000000e+00
3.979999999999999091e+03 0.000000000000000000e+00
3.989999999999999091e+03 0.000000000000000000e+00
3.999999999999999091e+03 0.000000000000000000e+00
4.009999999999999091e+03 0.000000000000000000e+00
4.019999999999999091e+03 0.000000000000000000e+00
4.029999999999999091e+03 0.000000000000000000e+00
4.039999999999999091e+03 0.000000000000000000e+00
4.049999999999999091e+03 0.000000000000000000e+00
4.059999999999999091e+03 0.000000000000000000e+00
4.069999999999999091e+03 0.000000000000000000e+00
4.079999999999999091e+03 0.000000000000000000e+00
4.089999999999999091e+03 0.000000000000000000e+00
4.099999999999999091e+03 0.000000000000000000e+00
4.109999999999999091e+03 0.000000000000000000e+00
4.119999999999999091e+03 0.000000000000000000e+00
4.129999999999999091e+03 0.000000000000000000e+00
4.139999999999999091e+03 0.000000000000000000e+00
4.149999999999999091e+03 0.000000000000000000e+00
4.159999999999999091e+03 0.000000000000000000e+00
4.169999999999999091e+03 0.000000000000000000e+00
4.179999999999999091e+03 0.000000000000000000e+00
4.189999999999999091e+03 0.000000000000000000e+00
4.199999999999999091e+03 1.004021562013049976e-15
4.209999999999999091e+03 0.000000000000000000e+00
4.219999999999999091e+03 0.000000000000000000e+00
4.229999999999999091e+03 0.000000000000000000e+00
4.239999999999999091e+03 0.000000000000000000e+00
4.249999999999999091e+03 0.000000000000000000e+00
4.259999999999999091e+03 0.000000000000000000e+00
4.269999999999999091e+03 0.000000000000000000e+00
4.279999999999999091e+03 0.000000000000000000e+00
4.289999999999999091e+03 0.000000000000000000e+00
4.299999999999999091e+03 0.000000000000000000e+00
4.309999999999999091e+03 0.000000000000000000e+00
4.319999999999999091e+03 0.000000000000000000e+00
4.329999999999999091e+03 0.000000000000000000e+00
4.339999999999999091e+03 0.000000000000000000e+00
4.349999999999999091e+03 0.000000000000000000e+00
4.359999999999999091e+03 0.000000000000000000e+00
4.369999999999999091e+03 0.000000000000000000e+00
4.379999999999999091e+03 0.000000000000000000e+00
4.389999999999999091e+03 0.000000000000000000e+00
4.399999999999999091e+03 0.000000000000000000e+00
4.409999999999999091e+03 0.000000000000000000e+00
4.419999999999999091e+03 0.000000000000000000e+00
4.429999999999999091e+03 0.000000000000000000e+00
4.439999999999999091e+03 0.000000000000000000e+00
4.449999999999999091e+03 2.554416796173794838e-11
4.459999999999999091e+03 0.000000000000000000e+00
4.469999999999999091e+03 0.000000000000000000e+00
4.479999999999999091e+03 0.000000000000000000e+00
4.489999999999999091e+03 0.000000000000000000e+00
4.499999999999999091e+03 0.000000000000000000e+00
4.509999999999999091e+03 0.000000000000000000e+00
4.519999999999999091e+03 0.000000000000000000e+00
4.529999999999999091e+03 0.000000000000000000e+00
4.539999999999999091e+03 0.000000000000000000e+00
4.549999999999999091e+03 0.000000000000000000e+00
4.559999999999999091e+03 0.000000000000000000e+00
4.569999999999999091e+03 0.000000000000000000e+00
4.579999999999999091e+03 0.000000000000000000e+00
4.589999999999999091e+03 0.000000000000000000e+00
4.599999999999999091e+03 0.000000000000000000e+00
4.609999999999999091e+03 6.825258044989142469e-11
4.619999999999999091e+03 0.000000000000000000e+00
4.629999999999999091e+03 0.000000000000000000e+00
4.639999999999999091e+03 0.000000000000000000e+00
4.649999999999999091e+03 0.000000000000000000e+00
4.659999999999999091e+03 0.000000000000000000e+00
4.669999999999999091e+03 0.000000000000000000e+00
4.679999999999999091e+03 0.000000000000000000e+00
4.689999999999999091e+03 0.000000000000000000e+00
4.699999999999999091e+03 0.000000000000000000e+00
4.709999999999999091e+03 0.000000000000000000e+00
4.719999999999999091e+03 0.000000000000000000e+00
4.729999999999999091e+03 0.000000000000000000e+00
4.739999999999999091e+03 0.000000000000000000e+00
4.749999999999999091e+03 0.000000000000000000e+00
4.759999999999999091e+03 0.000000000000000000e+00
4.769999999999999091e+03 0.000000000000000000e+00
4.779999999999999091e+03 0.000000000000000000e+00
4.789999999999999091e+03 0.000000000000000000e+00
4.799999999999999091e+03 0.000000000000000000e+00
4.809999999999999091e+03 0.000000000000000000e+00
4.819999999999999091e+03 0.000000000000000000e+00
4.829999999999999091e+03 0.000000000000000000e+00
4.839999999999999091e+03 0.000000000000000000e+00
4.849999999999999091e+03 0.000000000000000000e+00
4.859999999999999091e+03 1.331124932779583708e-08
4.869999999999999091e+03 0.000000000000000000e+00
4.879999999999999091e+03 0.000000000000000000e+00
4.889999999999999091e+03 0.000000000000000000e+00
4.899999999999999091e+03 0.000000000000000000e+00
4.909999999999999091e+03 0.000000000000000000e+00
4.919999999999999091e+03 0.000000000000000000e+00
4.929999999999999091e+03 0.000000000000000000e+00
4.939999999999999091e+03 0.000000000000000000e+00
4.949999999999999091e+03 0.000000000000000000e+00
4.959999999999999091e+03 0.000000000000000000e+00
4.969999999999999091e+03 0.000000000000000000e+00
4.979999999999999091e+03 0.000000000000000000e+00
4.989999999999999091e+03 0.000000000000000000e+00
4.999999999999999091e+03 0.000000000000000000e+00
5.009999999999999091e+03 0.000000000000000000e+00
5.019999999999999091e+03 0.000000000000000000e+00
5.029999999999999091e+03 1.705174860299417001e-09
5.039999999999999091e+03 0.000000000000000000e+00
5.049999999999999091e+03 0.000000000000000000e+00
5.059999999999999091e+03 0.000000000000000000e+00
5.069999999999999091e+03 0.000000000000000000e+00
5.079999999999999091e+03 0.000000000000000000e+00
5.089999999999999091e+03 0.000000000000000000e+00
5.099999999999999091e+03 0.000000000000000000e+00
5.109999999999999091e+03 0.000000000000000000e+00
5.119999999999999091e+03 0.000000000000000000e+00
5.129999999999999091e+03 0.000000000000000000e+00
5.139999999999999091e+03 0.000000000000000000e+00
5.149999999999999091e+03 0.000000000000000000e+00
5.159999999999999091e+03 0.000000000000000000e+00
5.169999999999999091e+03 0.000000000000000000e+00
5.179999999999999091e+03 0.000000000000000000e+00
5.189999999999999091e+03 0.000000000000000000e+00
5.199999999999999091e+03 0.000000000000000000e+00
5.209999999999999091e+03 0.000000000000000000e+00
5.219999999999999091e+03 0.000000000000000000e+00
5.229999999999999091e+03 0.000000000000000000e+00
5.239999999999999091e+03 0.000000000000000000e+00
5.249999999999999091e+03 4.733168501134670443e-11
5.259999999999999091e+03 0.000000000000000000e+00
5.269999999999999091e+03 0.000000000000000000e+00
5.279999999999999091e+03 0.000000000000000000e+00
5.289999999999999091e+03 0.000000000000000000e+00
5.299999999999999091e+03 0.000000000000000000e+00
5.309999999999999091e+03 0.000000000000000000e+00
5.319999999999999091e+03 4.063226283911103199e-11
5.329999999999999091e+03 0.000000000000000000e+00
5.339999999999999091e+03 0.000000000000000000e+00
5.349999999999999091e+03 0.000000000000000000e+00
5.359999999999999091e+03 0.000000000000000000e+00
5.369999999999999091e+03 0.000000000000000000e+00
5.379999999999999091e+03 2.094416453863246648e-10
5.389999999999999091e+03 0.000000000000000000e+00
5.399999999999999091e+03 0.000000000000000000e+00
5.409999999999999091e+03 0.000000000000000000e+00
5.419999999999999091e+03 0.000000000000000000e+00
5.429999999999999091e+03 0.000000000000000000e+00
5.439999999999999091e+03 0.000000000000000000e+00
5.449999999999999091e+03 0.000000000000000000e+00
5.459999999999999091e+03 4.731871203442250118e-13
5.469999999999999091e+03 0.000000000000000000e+00
5.479999999999999091e+03 0.000000000000000000e+00
5.489999999999999091e+03 0.000000000000000000e+00
5.499999999999999091e+03 1.878639206145624668e-15
5.509999999999999091e+03 9.915159581735626964e-16
5.519999999999999091e+03 0.000000000000000000e+00
5.529999999999999091e+03 4.096746009059375458e-16
5.539999999999999091e+03 6.190367216945625589e-16
5.549999999999999091e+03 2.666246263786874582e-16
5.559999999999999091e+03 4.698611871646874639e-16
5.569999999999999091e+03 2.512263363426250196e-13
5.579999999999999091e+03 1.147076535498250077e-14
5.589999999999999091e+03 8.975775815015626844e-13
5.599999999999999091e+03 5.439857654043750339e-15
5.609999999999999091e+03 2.142399296055374794e-15
5.619999999999999091e+03 2.260484607992625058e-15
5.629999999999999091e+03 5.547157637280000919e-15
5.639999999999999091e+03 8.058930828624375203e-13
5.649999999999999091e+03 4.249058274142501075e-15
5.659999999999999091e+03 2.767369185962499830e-15
5.669999999999999091e+03 5.735313179504999963e-15
5.679999999999999091e+03 6.879490605907500676e-14
5.689999999999999091e+03 2.921282526658125131e-13
5.699999999999999091e+03 1.342304368018249790e-13
5.709999999999999091e+03 2.363065798701562865e-13
5.719999999999999091e+03 3.797186920134999974e-12
5.729999999999999091e+03 9.815492436330001497e-13
5.739999999999999091e+03 6.311865206206874025e-13
5.749999999999999091e+03 3.261904397591875471e-12
5.759999999999999091e+03 5.760929418737500796e-14
5.769999999999999091e+03 4.816786451006250233e-15
5.779999999999999091e+03 2.801971829262374937e-15
5.789999999999999091e+03 2.132626816044812552e-14
5.799999999999999091e+03 6.271536484530625775e-16
5.809999999999999091e+03 1.842926021706875082e-16
5.819999999999999091e+03 1.113729835055250077e-16
5.829999999999999091e+03 3.639725796209999918e-17
5.839999999999999091e+03 0.000000000000000000e+00
5.849999999999999091e+03 6.129994076325000947e-17
5.859999999999999091e+03 0.000000000000000000e+00
5.869999999999999091e+03 0.000000000000000000e+00
5.879999999999999091e+03 0.000000000000000000e+00
5.889999999999999091e+03 2.639345508725625483e-16
5.899999999999999091e+03 1.082138790206250138e-15
5.909999999999999091e+03 2.289974776512500114e-16
5.919999999999999091e+03 0.000000000000000000e+00
5.929999999999999091e+03 0.000000000000000000e+00
5.939999999999999091e+03 6.001145804823750988e-16
5.949999999999999091e+03 9.062607031835001396e-15
5.959999999999999091e+03 6.030347760298749782e-15
5.969999999999999091e+03 1.151916076456250077e-14
5.979999999999999091e+03 2.231757130732500111e-14
5.989999999999999091e+03 7.854034425527499789e-14
5.999999999999999091e+03 5.692476797109374864e-11
6.009999999999999091e+03 2.249531840920000112e-13
6.019999999999999091e+03 2.017157595720312497e-13
6.029999999999999091e+03 3.770397942679375543e-13
6.039999999999999091e+03 1.650925294063062415e-14
6.049999999999999091e+03 3.450215551229999709e-15
6.059999999999999091e+03 0.000000000000000000e+00
6.069999999999999091e+03 0.000000000000000000e+00
6.079999999999999091e+03 4.582155503992500885e-16
6.089999999999999091e+03 3.463410351222500548e-16
6.099999999999999091e+03 6.871081923300000872e-15
6.109999999999999091e+03 1.442631333314937660e-14
6.119999999999999091e+03 2.905567429366875135e-14
6.129999999999999091e+03 5.569851919047499705e-13
6.139999999999999091e+03 7.978587797355001514e-13
6.149999999999999091e+03 4.974169603681250156e-13
6.159999999999999091e+03 1.323633544495500275e-12
6.169999999999999091e+03 2.449000745021249849e-11
6.179999999999999091e+03 2.128452161014375057e-12
6.189999999999999091e+03 1.231647455272500085e-11
6.199999999999999091e+03 7.126578238075625976e-14
6.209999999999999091e+03 6.285236971138126017e-15
6.219999999999999091e+03 7.329076559735000515e-15
6.229999999999999091e+03 0.000000000000000000e+00
6.239999999999999091e+03 0.000000000000000000e+00
6.249999999999999091e+03 0.000000000000000000e+00
6.259999999999999091e+03 4.440055654881874986e-15
6.269999999999999091e+03 2.709389994885000286e-14
6.279999999999999091e+03 1.616631523920000217e-12
6.289999999999999091e+03 2.329563896659999708e-14
6.299999999999999091e+03 4.022421849731250132e-14
6.309999999999999091e+03 3.290126680968749872e-14
6.319999999999999091e+03 3.059109680444999772e-15
6.329999999999999091e+03 1.683136360298750141e-15
6.339999999999999091e+03 0.000000000000000000e+00
6.349999999999999091e+03 2.247659039399813026e-15
6.359999999999999091e+03 7.658000620488750687e-15
6.369999999999999091e+03 3.383805994555000552e-14
6.379999999999999091e+03 7.304873422559999665e-15
6.389999999999999091e+03 0.000000000000000000e+00
6.399999999999999091e+03 0.000000000000000000e+00
6.409999999999999091e+03 0.000000000000000000e+00
6.419999999999999091e+03 7.678862825760000219e-15
6.429999999999999091e+03 8.878710538219375913e-14
6.439999999999999091e+03 2.419009402792500119e-13
6.449999999999999091e+03 4.112661925378124879e-14
6.459999999999999091e+03 4.925195925562499857e-14
6.469999999999999091e+03 1.286145363868750135e-12
6.479999999999999091e+03 1.377850577199687475e-13
6.489999999999999091e+03 5.748529200478750707e-14
6.499999999999999091e+03 3.566164153229999883e-14
6.509999999999999091e+03 4.262840988997500062e-14
6.519999999999999091e+03 7.006917755950000224e-14
6.529999999999999091e+03 3.007389419949687487e-13
6.539999999999999091e+03 5.281535827426687953e-13
6.549999999999999091e+03 1.875018204886750053e-13
6.559999999999999091e+03 3.783653831051500209e-13
6.569999999999999091e+03 7.142863629890625594e-13
6.579999999999999091e+03 2.428189676670625268e-14
6.589999999999999091e+03 0.000000000000000000e+00
6.599999999999999091e+03 0.000000000000000000e+00
6.609999999999999091e+03 0.000000000000000000e+00
6.619999999999999091e+03 0.000000000000000000e+00
6.629999999999999091e+03 0.000000000000000000e+00
6.639999999999999091e+03 0.000000000000000000e+00
6.649999999999999091e+03 0.000000000000000000e+00
6.659999999999999091e+03 5.126505394552500304e-15
6.669999999999999091e+03 3.065201017527687555e-13
6.679999999999999091e+03 1.129200164067500211e-13
6.689999999999999091e+03 2.670658148265624999e-13
6.699999999999999091e+03 2.576071037526874627e-12
6.709999999999999091e+03 5.390752263863750340e-13
6.719999999999999091e+03 1.854296726782500168e-13
6.729999999999999091e+03 3.881365321697499860e-13
6.739999999999999091e+03 2.810547527567499878e-10
6.749999999999999091e+03 1.234265977726249973e-13
6.759999999999999091e+03 1.820640848687500348e-14
6.769999999999999091e+03 2.957566236625000318e-14
6.779999999999999091e+03 1.545241750324999965e-14
6.789999999999999091e+03 2.823685163578125096e-14
6.799999999999999091e+03 3.456640652220000190e-14
6.809999999999999091e+03 1.635175582250000099e-13
6.819999999999999091e+03 1.542071290921875154e-14
6.829999999999999091e+03 1.261867305050625172e-15
6.839999999999999091e+03 9.706746568198750539e-15
6.849999999999999091e+03 2.549845292378125278e-14
6.859999999999999091e+03 8.228372289226251317e-16
6.869999999999999091e+03 5.499123028021875462e-14
6.879999999999999091e+03 6.277111181026875475e-13
6.889999999999999091e+03 7.432635231026249749e-15
6.899999999999999091e+03 1.701305252394999790e-14
6.909999999999999091e+03 0.000000000000000000e+00
6.919999999999999091e+03 2.234220836032500056e-14
6.929999999999999091e+03 7.861643794593750156e-14
6.939999999999999091e+03 2.444433208107188041e-12
6.949999999999999091e+03 2.163632997907500284e-12
6.959999999999999091e+03 3.540500837575187495e-13
6.969999999999999091e+03 4.149116068859999721e-13
6.979999999999999091e+03 7.654753138291874648e-13
6.989999999999999091e+03 9.810173227181250067e-13
6.999999999999999091e+03 2.007744335309999913e-12
7.009999999999999091e+03 1.089746168096250047e-11
7.019999999999999091e+03 4.167846727520000308e-11
7.029999999999999091e+03 1.677588318448875321e-12
7.039999999999999091e+03 9.509417247566250979e-13
7.049999999999999091e+03 1.748458462190999901e-12
7.059999999999999091e+03 6.711615085560000166e-13
7.069999999999999091e+03 3.898964236973750058e-13
7.079999999999999091e+03 5.314932176644999979e-14
7.089999999999999091e+03 2.241693842692499933e-14
7.099999999999999091e+03 5.772156103350001544e-14
7.109999999999999091e+03 1.472014963548062617e-13
7.119999999999999091e+03 0.000000000000000000e+00
7.129999999999999091e+03 7.300695122490001205e-13
7.139999999999999091e+03 0.000000000000000000e+00
7.149999999999999091e+03 4.582440653000000089e-13
7.159999999999999091e+03 0.000000000000000000e+00
7.169999999999999091e+03 8.351213844154999738e-12
7.179999999999999091e+03 6.024981954600000617e-12
7.189999999999999091e+03 9.623874587731250790e-13
7.199999999999999091e+03 1.462826441475437598e-12
7.209999999999999091e+03 7.878250711913750773e-13
7.219999999999999091e+03 5.472393584525000570e-14
7.229999999999999091e+03 2.324311330818750195e-13
7.239999999999999091e+03 1.984302944662500193e-13
7.249999999999999091e+03 3.573156773200000511e-13
7.259999999999999091e+03 8.943611870821250600e-15
7.269999999999999091e+03 1.213717738239999987e-14
7.279999999999999091e+03 1.800686094934999984e-14
7.289999999999999091e+03 6.022241061506250639e-15
7.299999999999999091e+03 6.654099176375000278e-15
7.309999999999999091e+03 1.568355999210000113e-13
7.319999999999999091e+03 9.056238486767501605e-13
7.329999999999999091e+03 0.000000000000000000e+00
7.339999999999999091e+03 3.438603943503749598e-14
7.349999999999999091e+03 0.000000000000000000e+00
7.359999999999999091e+03 9.109515182880001794e-14
7.369999999999999091e+03 1.312899712197500072e-14
7.379999999999999091e+03 2.332021431757500169e-14
7.389999999999999091e+03 2.756434032362500133e-14
7.399999999999999091e+03 1.328785169105625033e-13
7.409999999999999091e+03 1.890671826851499917e-13
7.419999999999999091e+03 0.000000000000000000e+00
7.429999999999999091e+03 1.823010510186250434e-12
7.439999999999999091e+03 7.120622042799999915e-10
7.449999999999999091e+03 5.639294086610624364e-12
7.459999999999999091e+03 8.050506583770000930e-13
7.469999999999999091e+03 8.759570770794375363e-14
7.479999999999999091e+03 4.572126768501250048e-13
7.489999999999999091e+03 0.000000000000000000e+00
7.499999999999999091e+03 2.345618938127500150e-12
7.509999999999999091e+03 4.451952271965625176e-12
7.519999999999999091e+03 0.000000000000000000e+00
7.529999999999999091e+03 9.016852660943750773e-13
7.539999999999999091e+03 1.334278879657500218e-11
7.549999999999999091e+03 0.000000000000000000e+00
7.559999999999999091e+03 1.233473538456250037e-13
7.569999999999999091e+03 1.538755343101375023e-13
7.579999999999999091e+03 0.000000000000000000e+00
7.589999999999999091e+03 5.842292122520000516e-15
7.599999999999999091e+03 8.303872964310002175e-14
7.609999999999999091e+03 5.454593930520000521e-13
7.619999999999999091e+03 3.124101978554812561e-14
7.629999999999999091e+03 1.989477826700000115e-15
7.639999999999999091e+03 0.000000000000000000e+00
7.649999999999999091e+03 0.000000000000000000e+00
7.659999999999999091e+03 0.000000000000000000e+00
7.669999999999999091e+03 0.000000000000000000e+00
7.679999999999998181e+03 0.000000000000000000e+00
7.689999999999998181e+03 0.000000000000000000e+00
7.699999999999998181e+03 0.000000000000000000e+00
7.709999999999998181e+03 0.000000000000000000e+00
7.719999999999998181e+03 0.000000000000000000e+00
7.729999999999998181e+03 0.000000000000000000e+00
7.739999999999998181e+03 0.000000000000000000e+00
7.749999999999998181e+03 0.000000000000000000e+00
7.759999999999998181e+03 0.000000000000000000e+00
7.769999999999998181e+03 1.670754436422750305e-16
7.779999999999998181e+03 0.000000000000000000e+00
7.789999999999998181e+03 2.055362766620625420e-14
7.799999999999998181e+03 1.837454741272499855e-14
7.809999999999998181e+03 7.109378754384375901e-14
7.819999999999998181e+03 3.801682577855750678e-13
7.829999999999998181e+03 1.875486561427500058e-13
7.839999999999998181e+03 2.969302256732438042e-14
7.849999999999998181e+03 0.000000000000000000e+00
7.859999999999998181e+03 7.080325469717498698e-16
7.869999999999998181e+03 2.981390804761250033e-15
7.879999999999998181e+03 4.384382999430000579e-15
7.889999999999998181e+03 3.489441596506250486e-15
7.899999999999998181e+03 0.000000000000000000e+00
7.909999999999998181e+03 2.602889794646750469e-15
7.919999999999998181e+03 1.000986571558750206e-14
7.929999999999998181e+03 0.000000000000000000e+00
7.939999999999998181e+03 0.000000000000000000e+00
7.949999999999998181e+03 5.299227852187500561e-15
7.959999999999998181e+03 1.344836755399375121e-14
7.969999999999998181e+03 2.355903149328749763e-14
7.979999999999998181e+03 4.932821250805000335e-14
7.989999999999998181e+03 1.015876139396125081e-13
7.999999999999998181e+03 1.096481561377999860e-13
8.009999999999998181e+03 3.900061925960721354e-14
8.019999999999998181e+03 2.478360196747020145e-14
8.029999999999998181e+03 1.042465259656980384e-14
8.039999999999998181e+03 2.590253116569855196e-14
8.049999999999998181e+03 1.169671397880030000e-13
8.059999999999998181e+03 0.000000000000000000e+00
8.069999999999998181e+03 1.165572325760506725e-13
8.079999999999998181e+03 1.987428960828685158e-13
8.089999999999998181e+03 1.099377357075096122e-13
8.099999999999998181e+03 0.000000000000000000e+00
8.109999999999998181e+03 0.000000000000000000e+00
8.119999999999998181e+03 1.734560506791896320e-12
8.129999999999998181e+03 2.131280460611818531e-12
8.139999999999998181e+03 3.825944259175057650e-12
8.149999999999998181e+03 2.751434849526896000e-13
8.159999999999998181e+03 0.000000000000000000e+00
8.169999999999998181e+03 2.264841404682115625e-13
8.179999999999998181e+03 0.000000000000000000e+00
8.189999999999998181e+03 3.096427274232521498e-13
8.199999999999998181e+03 0.000000000000000000e+00
8.209999999999998181e+03 0.000000000000000000e+00
8.219999999999998181e+03 0.000000000000000000e+00
8.229999999999998181e+03 4.924108155535587020e-12
8.239999999999998181e+03 1.569613510935799423e-11
8.249999999999998181e+03 1.340466405554666229e-11
8.259999999999998181e+03 2.758640373743512509e-12
8.269999999999998181e+03 5.303533561650510388e-11
8.279999999999998181e+03 7.654912040876990406e-11
8.289999999999998181e+03 0.000000000000000000e+00
8.299999999999998181e+03 1.090542955795863915e-12
8.309999999999998181e+03 0.000000000000000000e+00
8.319999999999998181e+03 1.724257340723760988e-11
8.329999999999998181e+03 1.172726046236475367e-11
8.339999999999998181e+03 2.420929139231220372e-11
8.349999999999998181e+03 5.543128470193764266e-11
8.359999999999998181e+03 4.960432738200083648e-12
8.369999999999998181e+03 3.576718294975526476e-11
8.379999999999998181e+03 1.597798212289964277e-12
8.389999999999998181e+03 6.768032708167321394e-13
8.399999999999998181e+03 0.000000000000000000e+00
8.409999999999998181e+03 3.544055487166426863e-12
8.419999999999998181e+03 1.228153779809608320e-11
8.429999999999998181e+03 8.753075290987604099e-12
8.439999999999998181e+03 0.000000000000000000e+00
8.449999999999998181e+03 0.000000000000000000e+00
8.459999999999998181e+03 0.000000000000000000e+00
8.469999999999998181e+03 7.804442897467185921e-11
8.479999999999998181e+03 7.051126094973204834e-11
8.489999999999998181e+03 2.710676046025346244e-11
8.499999999999998181e+03 0.000000000000000000e+00
8.509999999999998181e+03 3.865579089523090526e-11
8.519999999999998181e+03 0.000000000000000000e+00
8.529999999999998181e+03 9.408069428224483303e-12
8.539999999999998181e+03 6.209722845136833471e-12
8.549999999999998181e+03 2.315166832909390253e-11
8.559999999999998181e+03 8.507486835932121481e-12
8.569999999999998181e+03 0.000000000000000000e+00
8.579999999999998181e+03 0.000000000000000000e+00
8.589999999999998181e+03 0.000000000000000000e+00
8.599999999999998181e+03 3.071180042824462030e-11
8.609999999999998181e+03 2.733234750931998505e-11
8.619999999999998181e+03 8.910217763570924298e-11
8.629999999999998181e+03 1.834222985843815526e-12
8.639999999999998181e+03 0.000000000000000000e+00
8.649999999999998181e+03 2.936147916406108019e-11
8.659999999999998181e+03 3.364159720444046462e-11
8.669999999999998181e+03 2.078951475187530191e-11
8.679999999999998181e+03 0.000000000000000000e+00
8.689999999999998181e+03 0.000000000000000000e+00
8.699999999999998181e+03 0.000000000000000000e+00
8.709999999999998181e+03 0.000000000000000000e+00
8.719999999999998181e+03 1.682676222992238639e-11
8.729999999999998181e+03 0.000000000000000000e+00
8.739999999999998181e+03 1.075055442879850647e-11
8.749999999999998181e+03 8.001649024794735799e-12
8.759999999999998181e+03 4.985422221031083426e-11
8.769999999999998181e+03 4.827368531708441689e-11
8.779999999999998181e+03 2.615053109101842230e-11
8.789999999999998181e+03 5.648745145845503715e-12
8.799999999999998181e+03 2.334115601632391056e-11
8.809999999999998181e+03 6.119658645201293577e-11
8.819999999999998181e+03 5.677848377339147578e-12
8.829999999999998181e+03 6.758719236509397566e-12
8.839999999999998181e+03 2.783171830610285688e-11
8.849999999999998181e+03 0.000000000000000000e+00
8.859999999999998181e+03 6.952310422484000245e-12
8.869999999999998181e+03 2.731513177690842600e-11
8.879999999999998181e+03 6.534494040201244589e-12
8.889999999999998181e+03 0.000000000000000000e+00
8.899999999999998181e+03 0.000000000000000000e+00
8.909999999999998181e+03 0.000000000000000000e+00
8.919999999999998181e+03 0.000000000000000000e+00
8.929999999999998181e+03 5.345706865812016849e-11
8.939999999999998181e+03 4.973470913149675017e-11
8.949999999999998181e+03 0.000000000000000000e+00
8.959999999999998181e+03 3.205184925674999550e-11
8.969999999999998181e+03 0.000000000000000000e+00
8.979999999999998181e+03 9.986322663506908749e-12
8.989999999999998181e+03 2.370057306328699753e-13
8.999999999999998181e+03 4.360877679772894753e-14
9.009999999999998181e+03 7.099492401159099754e-14
9.019999999999998181e+03 1.048026651286493790e-13
9.029999999999998181e+03 5.295599194166735034e-14
9.039999999999998181e+03 1.501692476940203069e-13
9.049999999999998181e+03 0.000000000000000000e+00
9.059999999999998181e+03 0.000000000000000000e+00
9.069999999999998181e+03 0.000000000000000000e+00
9.079999999999998181e+03 0.000000000000000000e+00
9.089999999999998181e+03 0.000000000000000000e+00
9.099999999999998181e+03 0.000000000000000000e+00
9.109999999999998181e+03 0.000000000000000000e+00
9.119999999999998181e+03 0.000000000000000000e+00
9.129999999999998181e+03 0.000000000000000000e+00
9.139999999999998181e+03 0.000000000000000000e+00
9.149999999999998181e+03 0.000000000000000000e+00
9.159999999999998181e+03 0.000000000000000000e+00
9.169999999999998181e+03 0.000000000000000000e+00
9.179999999999998181e+03 0.000000000000000000e+00
9.189999999999998181e+03 0.000000000000000000e+00
9.199999999999998181e+03 0.000000000000000000e+00
9.209999999999998181e+03 0.000000000000000000e+00
9.219999999999998181e+03 0.000000000000000000e+00
9.229999999999998181e+03 0.000000000000000000e+00
9.239999999999998181e+03 0.000000000000000000e+00
9.249999999999998181e+03 0.000000000000000000e+00
9.259999999999998181e+03 0.000000000000000000e+00
9.269999999999998181e+03 0.000000000000000000e+00
9.279999999999998181e+03 0.000000000000000000e+00
9.289999999999998181e+03 0.000000000000000000e+00
9.299999999999998181e+03 0.000000000000000000e+00
9.309999999999998181e+03 0.000000000000000000e+00
9.319999999999998181e+03 0.000000000000000000e+00
9.329999999999998181e+03 0.000000000000000000e+00
9.339999999999998181e+03 0.000000000000000000e+00
9.349999999999998181e+03 0.000000000000000000e+00
9.359999999999998181e+03 0.000000000000000000e+00
9.369999999999998181e+03 0.000000000000000000e+00
9.379999999999998181e+03 0.000000000000000000e+00
9.389999999999998181e+03 0.000000000000000000e+00
9.399999999999998181e+03 0.000000000000000000e+00
9.409999999999998181e+03 0.000000000000000000e+00
9.419999999999998181e+03 0.000000000000000000e+00
9.429999999999998181e+03 0.000000000000000000e+00
9.439999999999998181e+03 0.000000000000000000e+00
9.449999999999998181e+03 0.000000000000000000e+00
9.459999999999998181e+03 0.000000000000000000e+00
9.469999999999998181e+03 0.000000000000000000e+00
9.479999999999998181e+03 0.000000000000000000e+00
9.489999999999998181e+03 0.000000000000000000e+00
9.499999999999998181e+03 0.000000000000000000e+00
9.509999999999998181e+03 0.000000000000000000e+00
9.519999999999998181e+03 0.000000000000000000e+00
9.529999999999998181e+03 0.000000000000000000e+00
9.539999999999998181e+03 0.000000000000000000e+00
9.549999999999998181e+03 0.000000000000000000e+00
9.559999999999998181e+03 0.000000000000000000e+00
9.569999999999998181e+03 0.000000000000000000e+00
9.579999999999998181e+03 0.000000000000000000e+00
9.589999999999998181e+03 0.000000000000000000e+00
9.599999999999998181e+03 0.000000000000000000e+00
9.609999999999998181e+03 0.000000000000000000e+00
9.619999999999998181e+03 0.000000000000000000e+00
9.629999999999998181e+03 0.000000000000000000e+00
9.639999999999998181e+03 0.000000000000000000e+00
9.649999999999998181e+03 0.000000000000000000e+00
9.659999999999998181e+03 0.000000000000000000e+00
9.669999999999998181e+03 0.000000000000000000e+00
9.679999999999998181e+03 0.000000000000000000e+00
9.689999999999998181e+03 0.000000000000000000e+00
9.699999999999998181e+03 0.000000000000000000e+00
9.709999999999998181e+03 0.000000000000000000e+00
9.719999999999998181e+03 1.063730409867538594e-07
9.729999999999998181e+03 0.000000000000000000e+00
9.739999999999998181e+03 0.000000000000000000e+00
9.749999999999998181e+03 0.000000000000000000e+00
9.759999999999998181e+03 0.000000000000000000e+00
9.769999999999998181e+03 0.000000000000000000e+00
9.779999999999998181e+03 0.000000000000000000e+00
9.789999999999998181e+03 0.000000000000000000e+00
9.799999999999998181e+03 0.000000000000000000e+00
9.809999999999998181e+03 0.000000000000000000e+00
9.819999999999998181e+03 0.000000000000000000e+00
9.829999999999998181e+03 0.000000000000000000e+00
9.839999999999998181e+03 0.000000000000000000e+00
9.849999999999998181e+03 0.000000000000000000e+00
9.859999999999998181e+03 0.000000000000000000e+00
9.869999999999998181e+03 0.000000000000000000e+00
9.879999999999998181e+03 0.000000000000000000e+00
9.889999999999998181e+03 0.000000000000000000e+00
9.899999999999998181e+03 0.000000000000000000e+00
9.909999999999998181e+03 0.000000000000000000e+00
9.919999999999998181e+03 0.000000000000000000e+00
9.929999999999998181e+03 0.000000000000000000e+00
9.939999999999998181e+03 0.000000000000000000e+00
9.949999999999998181e+03 0.000000000000000000e+00
9.959999999999998181e+03 0.000000000000000000e+00
9.969999999999998181e+03 0.000000000000000000e+00
9.979999999999998181e+03 5.416774476738985731e-08
9.989999999999998181e+03 0.000000000000000000e+00
9.999999999999998181e+03 0.000000000000000000e+00
1.000999999999999818e+04 0.000000000000000000e+00
1.001999999999999818e+04 0.000000000000000000e+00
1.002999999999999818e+04 0.000000000000000000e+00
1.003999999999999818e+04 0.000000000000000000e+00
1.004999999999999818e+04 0.000000000000000000e+00
1.005999999999999818e+04 0.000000000000000000e+00
1.006999999999999818e+04 0.000000000000000000e+00
1.007999999999999818e+04 0.000000000000000000e+00
1.008999999999999818e+04 0.000000000000000000e+00
1.009999999999999818e+04 0.000000000000000000e+00
1.010999999999999818e+04 0.000000000000000000e+00
1.011999999999999818e+04 0.000000000000000000e+00
1.012999999999999818e+04 0.000000000000000000e+00
1.013999999999999818e+04 0.000000000000000000e+00
1.014999999999999818e+04 0.000000000000000000e+00
1.015999999999999818e+04 0.000000000000000000e+00
1.016999999999999818e+04 0.000000000000000000e+00
1.017999999999999818e+04 0.000000000000000000e+00
1.018999999999999818e+04 0.000000000000000000e+00
1.019999999999999818e+04 0.000000000000000000e+00
1.020999999999999818e+04 0.000000000000000000e+00
1.021999999999999818e+04 0.000000000000000000e+00
1.022999999999999818e+04 0.000000000000000000e+00
1.023999999999999818e+04 0.000000000000000000e+00
1.024999999999999818e+04 0.000000000000000000e+00
1.025999999999999818e+04 0.000000000000000000e+00
1.026999999999999818e+04 5.456812405906780534e-08
1.027999999999999818e+04 1.089252269055077379e-07
1.028999999999999818e+04 2.174803700229380804e-07
1.029999999999999818e+04 5.980985826076843924e-07
1.030999999999999818e+04 1.904603504917806732e-06
1.031999999999999818e+04 9.089648609524966257e-06
1.032999999999999818e+04 7.948065438278449591e-05
1.033999999999999818e+04 9.047035268644341077e-05
1.034999999999999818e+04 5.056512997766882692e-05
1.035999999999999818e+04 5.251266031175032728e-05
1.036999999999999818e+04 7.444329331826361762e-05
1.037999999999999818e+04 9.530750332349120335e-05
1.038999999999999818e+04 7.351832165829052135e-05
1.039999999999999818e+04 4.708317162547041667e-05
1.040999999999999818e+04 3.354959409491819870e-05
1.041999999999999818e+04 2.831725418820017523e-05
1.042999999999999818e+04 2.785331009672175083e-05
1.043999999999999818e+04 3.113503180455759651e-05
1.044999999999999818e+04 3.867499898140422729e-05
1.045999999999999818e+04 5.222136651622074819e-05
1.046999999999999818e+04 7.159826166420469576e-05
1.047999999999999818e+04 8.765569562922463328e-05
1.048999999999999818e+04 8.814244866821996502e-05
1.049999999999999818e+04 7.755175724129864038e-05
1.050999999999999818e+04 6.812959459132545998e-05
1.051999999999999818e+04 6.334935743374460926e-05
1.052999999999999818e+04 6.378366209008289576e-05
1.053999999999999818e+04 6.974578778249954330e-05
1.054999999999999818e+04 7.995987411666418104e-05
1.055999999999999818e+04 8.924610009796766726e-05
1.056999999999999818e+04 8.776109767789646730e-05
1.057999999999999818e+04 7.274077234932899464e-05
1.058999999999999818e+04 5.504080115194621753e-05
1.059999999999999818e+04 4.124727676461804584e-05
1.060999999999999818e+04 3.229772993350214994e-05
1.061999999999999818e+04 2.668637243860023906e-05
1.062999999999999818e+04 2.377888539228107924e-05
1.063999999999999818e+04 2.263683754191286304e-05
1.064999999999999818e+04 2.313890513449535065e-05
1.065999999999999818e+04 2.511404846501756954e-05
1.066999999999999818e+04 2.935787425376564435e-05
1.067999999999999818e+04 3.632966638914704704e-05
1.068999999999999818e+04 4.764169522696568465e-05
1.069999999999999818e+04 6.388310845779505693e-05
1.070999999999999818e+04 8.168751454486841582e-05
1.071999999999999818e+04 8.988594616894195319e-05
1.072999999999999818e+04 8.117830316466355378e-05
1.073999999999999818e+04 6.612279639801161256e-05
1.074999999999999818e+04 5.331907107435939934e-05
1.075999999999999818e+04 4.441969936763995460e-05
1.076999999999999818e+04 3.930293406571469891e-05
1.077999999999999818e+04 3.716322511577002235e-05
1.078999999999999818e+04 3.743624069552984441e-05
1.079999999999999818e+04 4.019298137803254003e-05
1.080999999999999818e+04 4.565023952865105561e-05
1.081999999999999818e+04 5.478177529289670478e-05
1.082999999999999818e+04 6.709739178027843761e-05
1.083999999999999818e+04 8.073797156187886425e-05
1.084999999999999818e+04 8.873342057441419505e-05
1.085999999999999818e+04 8.434479586628462267e-05
1.086999999999999818e+04 7.064468814955988777e-05
1.087999999999999818e+04 5.574772759446010474e-05
1.088999999999999818e+04 4.427444947308254271e-05
1.089999999999999818e+04 3.630767964498464949e-05
1.090999999999999818e+04 3.136355336938041988e-05
1.091999999999999818e+04 2.811962676244305538e-05
1.092999999999999818e+04 2.672087483839674752e-05
1.093999999999999818e+04 2.649821758893993774e-05
1.094999999999999818e+04 2.747434011349042936e-05
1.095999999999999818e+04 3.003037018537430325e-05
1.096999999999999818e+04 3.423937240458011655e-05
1.097999999999999818e+04 4.065328588119068742e-05
1.098999999999999818e+04 4.996693334430218404e-05
1.099999999999999818e+04 6.173887838092983820e-05
1.100999999999999818e+04 7.475006934784792672e-05
1.101999999999999818e+04 8.378689656815870447e-05
1.102999999999999818e+04 8.332282094040628412e-05
1.103999999999999818e+04 7.387536466855784928e-05
1.104999999999999818e+04 6.141266514938598315e-05
1.105999999999999818e+04 5.009585279987944091e-05
1.106999999999999818e+04 4.150291545275170709e-05
1.107999999999999818e+04 3.532301588618194421e-05
1.108999999999999818e+04 3.111436462285053584e-05
1.109999999999999818e+04 2.829929610383606915e-05
1.110999999999999818e+04 2.657940742083449710e-05
1.111999999999999818e+04 2.576518726225655525e-05
1.112999999999999818e+04 2.574540251361880175e-05
1.113999999999999818e+04 2.630782651192339981e-05
1.114999999999999818e+04 2.757457895395134972e-05
1.115999999999999818e+04 2.962150393762843942e-05
1.116999999999999818e+04 3.238068631418170631e-05
1.117999999999999818e+04 3.599783826533636409e-05
1.118999999999999818e+04 4.056870340700113187e-05
1.119999999999999818e+04 4.620953750964532466e-05
1.120999999999999818e+04 5.283350180264248920e-05
1.121999999999999818e+04 6.009944120579579715e-05
1.122999999999999818e+04 6.766440253805450591e-05
1.123999999999999818e+04 7.485787633323638310e-05
1.124999999999999818e+04 8.070906417339897862e-05
1.125999999999999818e+04 8.459009952305115163e-05
1.126999999999999818e+04 8.612658310728898428e-05
1.127999999999999818e+04 8.556611275689908719e-05
1.128999999999999818e+04 8.374468572880505442e-05
1.129999999999999818e+04 8.098274135247656423e-05
1.130999999999999818e+04 7.825256156977994457e-05
1.131999999999999818e+04 7.570477988780517956e-05
1.132999999999999818e+04 7.385851684204242714e-05
1.133999999999999818e+04 7.231981672859672341e-05
1.134999999999999818e+04 7.174450544645306633e-05
1.135999999999999818e+04 7.187222024255038571e-05
1.136999999999999818e+04 7.257776826262972176e-05
1.137999999999999818e+04 7.411584976619518578e-05
1.138999999999999818e+04 7.596465971306219373e-05
1.139999999999999818e+04 7.818615346956959912e-05
1.140999999999999818e+04 8.063219875908549409e-05
1.141999999999999818e+04 8.284537009502240161e-05
1.142999999999999818e+04 8.461495464153994512e-05
1.143999999999999818e+04 8.582240941570198965e-05
1.144999999999999818e+04 8.617562122248162600e-05
1.145999999999999818e+04 8.588731473132295280e-05
1.146999999999999818e+04 8.494000854802644606e-05
1.147999999999999818e+04 8.361708468431444761e-05
1.148999999999999818e+04 8.216301198096784600e-05
1.149999999999999818e+04 8.077615930821213034e-05
1.150999999999999818e+04 7.989564789933911195e-05
1.151999999999999818e+04 7.922068850621944835e-05
1.152999999999999818e+04 7.904235951662451224e-05
1.153999999999999818e+04 7.947774750923459000e-05
1.154999999999999818e+04 8.034109593836732607e-05
1.155999999999999818e+04 8.161705465851285175e-05
1.156999999999999818e+04 8.319785733947405516e-05
1.157999999999999818e+04 8.493999142070766354e-05
1.158999999999999818e+04 8.640352766387482625e-05
1.159999999999999818e+04 8.761215416868100951e-05
1.160999999999999818e+04 8.828454062814322927e-05
1.161999999999999818e+04 8.827327771863057674e-05
1.162999999999999818e+04 8.772086136767641169e-05
1.163999999999999818e+04 8.663997568772036355e-05
1.164999999999999818e+04 8.518618414528439614e-05
1.165999999999999818e+04 8.362664570319932569e-05
1.166999999999999818e+04 8.204084551176603650e-05
1.167999999999999818e+04 8.075878542342443400e-05
1.168999999999999818e+04 7.971346224351702340e-05
1.169999999999999818e+04 7.917430770955125085e-05
1.170999999999999818e+04 7.910301290000908224e-05
1.171999999999999818e+04 7.955368954629942900e-05
1.172999999999999818e+04 8.042108612553090948e-05
1.173999999999999818e+04 8.158384590774652692e-05
1.174999999999999818e+04 8.314237287643172828e-05
1.175999999999999818e+04 8.470115933949729956e-05
1.176999999999999818e+04 8.598657884516163548e-05
1.177999999999999818e+04 8.712168236758651590e-05
1.178999999999999818e+04 8.783007881068710676e-05
1.179999999999999818e+04 8.810293439215619623e-05
1.180999999999999818e+04 8.771476610950858970e-05
1.181999999999999818e+04 8.679078733328105119e-05
1.182999999999999818e+04 8.570847542785379667e-05
1.183999999999999818e+04 8.443180907578228770e-05
1.184999999999999818e+04 8.331380118400904904e-05
1.185999999999999818e+04 8.236313047053760996e-05
1.186999999999999818e+04 8.182285880667862119e-05
1.187999999999999818e+04 8.158598958560866023e-05
1.188999999999999818e+04 8.186465361605765434e-05
1.189999999999999818e+04 8.267902805837981021e-05
1.190999999999999818e+04 8.399422095400855756e-05
1.191999999999999818e+04 8.553367225849441884e-05
1.192999999999999818e+04 8.702092455463053100e-05
1.193999999999999818e+04 8.822822626175113897e-05
1.194999999999999818e+04 8.877517752190966440e-05
1.195999999999999818e+04 8.816564443852148816e-05
1.196999999999999818e+04 8.615168219984749797e-05
1.197999999999999818e+04 8.250297036005733845e-05
1.198999999999999818e+04 7.755174437622789664e-05
1.199999999999999818e+04 7.151023945702149733e-05
1.200999999999999818e+04 6.500056584535033319e-05
1.201999999999999818e+04 5.841289918096972250e-05
1.202999999999999818e+04 5.230873237060984401e-05
1.203999999999999818e+04 4.675025583247924971e-05
1.204999999999999818e+04 4.193688037157562070e-05
1.205999999999999818e+04 3.786178865553926670e-05
1.206999999999999818e+04 3.440701951644444104e-05
1.207999999999999818e+04 3.157278997908966658e-05
1.208999999999999818e+04 2.931182769057577038e-05
1.209999999999999818e+04 2.753984947045693641e-05
1.210999999999999818e+04 2.617536270254191617e-05
1.211999999999999818e+04 2.526114040171004800e-05
1.212999999999999818e+04 2.465247041371503473e-05
1.213999999999999818e+04 2.442630107281091112e-05
1.214999999999999818e+04 2.450568492180934559e-05
1.215999999999999818e+04 2.500336952633192507e-05
1.216999999999999818e+04 2.589658921892749516e-05
1.217999999999999818e+04 2.720825763887366609e-05
1.218999999999999818e+04 2.896812290864937800e-05
1.219999999999999818e+04 3.137578136877892780e-05
1.220999999999999818e+04 3.447054222050056172e-05
1.221999999999999818e+04 3.845951660445596934e-05
1.222999999999999818e+04 4.343837033875109339e-05
1.223999999999999818e+04 4.969446162809866422e-05
1.224999999999999818e+04 5.723228989011900687e-05
1.225999999999999818e+04 6.579495355017794605e-05
1.226999999999999818e+04 7.500837686498347209e-05
1.227999999999999818e+04 8.368984571571778453e-05
1.228999999999999818e+04 9.032055678702024637e-05
1.229999999999999818e+04 9.345569768649189134e-05
1.230999999999999818e+04 9.252492400286548339e-05
1.231999999999999818e+04 8.811477663957788828e-05
1.232999999999999818e+04 8.177164891637247329e-05
1.233999999999999818e+04 7.477170334521115341e-05
1.234999999999999818e+04 6.826600035615955982e-05
1.235999999999999818e+04 6.255413873925682938e-05
1.236999999999999818e+04 5.794728324910583051e-05
1.237999999999999818e+04 5.448671290728665029e-05
1.238999999999999818e+04 5.207141188464810256e-05
1.239999999999999818e+04 5.059178592972326274e-05
1.240999999999999818e+04 5.000860775715696468e-05
1.241999999999999818e+04 5.035126206004631090e-05
1.242999999999999818e+04 5.150575311933641416e-05
1.243999999999999818e+04 5.347664845223235443e-05
1.244999999999999818e+04 5.639579713614470825e-05
1.245999999999999818e+04 6.020917139584512032e-05
1.246999999999999818e+04 6.483586093584996690e-05
1.247999999999999818e+04 7.009513511778273824e-05
1.248999999999999818e+04 7.588177978496664703e-05
1.249999999999999818e+04 8.144666135203703760e-05
1.250999999999999818e+04 8.619333898925473682e-05
1.251999999999999818e+04 8.944186390946569300e-05
1.252999999999999818e+04 9.055391864950938004e-05
1.253999999999999818e+04 8.933715806637537965e-05
1.254999999999999818e+04 8.607354890821560726e-05
1.255999999999999818e+04 8.163192486160096442e-05
1.256999999999999818e+04 7.658408470690170067e-05
1.257999999999999818e+04 7.153820037875740167e-05
1.258999999999999818e+04 6.695203863838691545e-05
1.259999999999999818e+04 6.299986360194094698e-05
1.260999999999999818e+04 5.992253082424030340e-05
1.261999999999999818e+04 5.760357004995696287e-05
1.262999999999999818e+04 5.604156096845589222e-05
1.263999999999999818e+04 5.533165071368137302e-05
1.264999999999999818e+04 5.517729298814063606e-05
1.265999999999999818e+04 5.591889697616656235e-05
1.266999999999999818e+04 5.729392985769942624e-05
1.267999999999999818e+04 5.936297538810158457e-05
1.268999999999999818e+04 6.218174788497292502e-05
1.269999999999999818e+04 6.556895075148584705e-05
1.270999999999999818e+04 6.953723412111058203e-05
1.271999999999999818e+04 7.393244386072178717e-05
1.272999999999999818e+04 7.847219645512016023e-05
1.273999999999999818e+04 8.284280808668573225e-05
1.274999999999999818e+04 8.666587194046797304e-05
1.275999999999999818e+04 8.952050853824200386e-05
1.276999999999999818e+04 9.113236406552449348e-05
1.277999999999999818e+04 9.143669748158824275e-05
1.278999999999999818e+04 9.056375821311443849e-05
1.279999999999999818e+04 8.863735919272577304e-05
1.280999999999999818e+04 8.635316866562575526e-05
1.281999999999999818e+04 8.356629826415888759e-05
1.282999999999999818e+04 8.084977388675236771e-05
1.283999999999999818e+04 7.849043590111526802e-05
1.284999999999999818e+04 7.653272864557583374e-05
1.285999999999999818e+04 7.501066268351106771e-05
1.286999999999999818e+04 7.419678758175292648e-05
1.287999999999999818e+04 7.389134338270295619e-05
1.288999999999999818e+04 7.415406474629554609e-05
1.289999999999999818e+04 7.491858137015083581e-05
1.290999999999999818e+04 7.616344119761413720e-05
1.291999999999999818e+04 7.801352511463582916e-05
1.292999999999999818e+04 8.009765391559069147e-05
1.293999999999999818e+04 8.230150454138105635e-05
1.294999999999999818e+04 8.448357440394501934e-05
1.295999999999999818e+04 8.647831284666916479e-05
1.296999999999999818e+04 8.798276927319807913e-05
1.297999999999999818e+04 8.907407640497661905e-05
1.298999999999999818e+04 8.941702874995991997e-05
1.299999999999999818e+04 8.912279706668029542e-05
1.300999999999999818e+04 8.808011592977060876e-05
1.301999999999999818e+04 8.659169681110143906e-05
1.302999999999999818e+04 8.479725172495170948e-05
1.303999999999999818e+04 8.283007193263017243e-05
1.304999999999999818e+04 8.081171829201066483e-05
1.305999999999999818e+04 7.905327485536193036e-05
1.306999999999999818e+04 7.758676488029959918e-05
1.307999999999999818e+04 7.641912843995599211e-05
1.308999999999999818e+04 7.569529817146409482e-05
1.309999999999999818e+04 7.546362907063261342e-05
1.310999999999999818e+04 7.580072473737736955e-05
1.311999999999999818e+04 7.657297805562100128e-05
1.312999999999999818e+04 7.781240338828445205e-05
1.313999999999999818e+04 7.947378333984182058e-05
1.314999999999999818e+04 8.153601447391811707e-05
1.315999999999999818e+04 8.387096975263845619e-05
1.316999999999999818e+04 8.637688231278771933e-05
1.317999999999999818e+04 8.871125010761671714e-05
1.318999999999999818e+04 9.078934000744918488e-05
1.319999999999999818e+04 9.231173510692553094e-05
1.320999999999999818e+04 9.308534219585483025e-05
1.321999999999999818e+04 9.286007521572174162e-05
1.322999999999999818e+04 9.169063077052020500e-05
1.323999999999999818e+04 8.946220141587356810e-05
1.324999999999999818e+04 8.663440542966150673e-05
1.325999999999999818e+04 8.290988865081497759e-05
1.326999999999999818e+04 7.895539843752259117e-05
1.327999999999999818e+04 7.501648350388349766e-05
1.328999999999999818e+04 7.095791607829411913e-05
1.329999999999999818e+04 6.719125357616929993e-05
1.330999999999999818e+04 6.376489530941530429e-05
1.331999999999999818e+04 6.082518731854994794e-05
1.332999999999999818e+04 5.819014530978281889e-05
1.333999999999999818e+04 5.599348943492751351e-05
1.334999999999999818e+04 5.422688855855322537e-05
1.335999999999999818e+04 5.288978788999647171e-05
1.336999999999999818e+04 5.186264405317229080e-05
1.337999999999999818e+04 5.133356542102387608e-05
1.338999999999999818e+04 5.121140470610035280e-05
1.339999999999999818e+04 5.143628977748054175e-05
1.340999999999999818e+04 5.193537685569771332e-05
1.341999999999999818e+04 5.297637262808872679e-05
1.342999999999999818e+04 5.434691145482060547e-05
1.343999999999999818e+04 5.621629217712527940e-05
1.344999999999999818e+04 5.847364637179426459e-05
1.345999999999999818e+04 6.104795772885610104e-05
1.346999999999999818e+04 6.421457873865935061e-05
1.347999999999999818e+04 6.766324570333196733e-05
1.348999999999999818e+04 7.156167094254245204e-05
1.349999999999999818e+04 7.566084408987746603e-05
1.350999999999999818e+04 7.979623042895982806e-05
1.351999999999999818e+04 8.369399550125139258e-05
1.352999999999999818e+04 8.714869555544973014e-05
1.353999999999999818e+04 8.947800779000880406e-05
1.354999999999999818e+04 9.048055395342974555e-05
1.355999999999999818e+04 8.985332766134131893e-05
1.356999999999999818e+04 8.769774935811068973e-05
1.357999999999999818e+04 8.391871684275935142e-05
1.358999999999999818e+04 7.895284989213748701e-05
1.359999999999999818e+04 7.328353392598837895e-05
1.360999999999999818e+04 6.707819213024356954e-05
1.361999999999999818e+04 6.106125452296827061e-05
1.362999999999999818e+04 5.515090052909429983e-05
1.363999999999999818e+04 4.989725900648218931e-05
1.364999999999999818e+04 4.502213461495034813e-05
1.365999999999999818e+04 4.078821231588647346e-05
1.366999999999999818e+04 3.699605893932702752e-05
1.367999999999999818e+04 3.367951165070057472e-05
1.368999999999999818e+04 3.085238307163507704e-05
1.369999999999999818e+04 2.829876219554071045e-05
1.370999999999999818e+04 2.605700592632409284e-05
1.371999999999999818e+04 2.412175801665662352e-05
1.372999999999999818e+04 2.250806753485912252e-05
1.373999999999999818e+04 2.101220555866494650e-05
1.374999999999999818e+04 1.978625656574001422e-05
1.375999999999999818e+04 1.881179966505342320e-05
1.376999999999999818e+04 1.796451499643098083e-05
1.377999999999999818e+04 1.726304710749932892e-05
1.378999999999999818e+04 1.682190243815177093e-05
1.379999999999999818e+04 1.646575860539214962e-05
1.380999999999999818e+04 1.623079647788802291e-05
1.381999999999999818e+04 1.618740777571741420e-05
1.382999999999999818e+04 1.624062079038156062e-05
1.383999999999999818e+04 1.647558547986738780e-05
1.384999999999999818e+04 1.678157431085616286e-05
1.385999999999999818e+04 1.724490046380750143e-05
1.386999999999999818e+04 1.783745997213541512e-05
1.387999999999999818e+04 1.854727544641970519e-05
1.388999999999999818e+04 1.941861942916402450e-05
1.389999999999999818e+04 2.043771516678724530e-05
1.390999999999999818e+04 2.166549933140151027e-05
1.391999999999999818e+04 2.304894906114747402e-05
1.392999999999999818e+04 2.463911086239887029e-05
1.393999999999999818e+04 2.651524595470058888e-05
1.394999999999999818e+04 2.860494714549059698e-05
1.395999999999999818e+04 3.097664177831974705e-05
1.396999999999999818e+04 3.361633550865962349e-05
1.397999999999999818e+04 3.668458889524353329e-05
1.398999999999999818e+04 4.001496121079353631e-05
1.399999999999999818e+04 4.376016273807971347e-05
1.400999999999999818e+04 4.776123672018516692e-05
1.401999999999999818e+04 5.201838848699761914e-05
1.402999999999999818e+04 5.656928325085063095e-05
1.403999999999999818e+04 6.125304107738439136e-05
1.404999999999999818e+04 6.580667340093325469e-05
1.405999999999999818e+04 7.016428460373356634e-05
1.406999999999999818e+04 7.428537357043102959e-05
1.407999999999999818e+04 7.776477087957486465e-05
1.408999999999999818e+04 8.045286121590846458e-05
1.409999999999999818e+04 8.240784338202064628e-05
1.410999999999999818e+04 8.348570827781277425e-05
1.411999999999999818e+04 8.375801696832689688e-05
1.412999999999999818e+04 8.334718923896941123e-05
1.413999999999999818e+04 8.221455708494925234e-05
1.414999999999999818e+04 8.076199046336003228e-05
1.415999999999999818e+04 7.886202823198901711e-05
1.416999999999999818e+04 7.688877203771763672e-05
1.417999999999999818e+04 7.476325811456489378e-05
1.418999999999999818e+04 7.265960785905799333e-05
1.419999999999999818e+04 7.054669642958008677e-05
1.420999999999999818e+04 6.855338100870724254e-05
1.421999999999999818e+04 6.669436693384211154e-05
1.422999999999999818e+04 6.501629983829232634e-05
1.423999999999999818e+04 6.353926564233933205e-05
1.424999999999999818e+04 6.222084739366712833e-05
1.425999999999999818e+04 6.122261743296194007e-05
1.426999999999999818e+04 6.037003774580507740e-05
1.427999999999999818e+04 5.964811591997643301e-05
1.428999999999999818e+04 5.910147224548539466e-05
1.429999999999999818e+04 5.868852958873969433e-05
1.430999999999999818e+04 5.859607776215025436e-05
1.431999999999999818e+04 5.867406474159376698e-05
1.432999999999999818e+04 5.887725404335153288e-05
1.433999999999999818e+04 5.934538445644438369e-05
1.434999999999999818e+04 5.981815506287223300e-05
1.435999999999999818e+04 6.061720080266677055e-05
1.436999999999999818e+04 6.159288667396964150e-05
1.437999999999999818e+04 6.259985934334618546e-05
1.438999999999999818e+04 6.383261163389280612e-05
1.439999999999999818e+04 6.522345268781940854e-05
1.440999999999999818e+04 6.667844924193354415e-05
1.441999999999999818e+04 6.832264595103848146e-05
1.442999999999999818e+04 6.997175401827058941e-05
1.443999999999999818e+04 7.174110907867174377e-05
1.444999999999999818e+04 7.345910541833180845e-05
1.445999999999999818e+04 7.523007421617167027e-05
1.446999999999999818e+04 7.700765242892370157e-05
1.447999999999999818e+04 7.868470656285783064e-05
1.448999999999999818e+04 8.011016243750107590e-05
1.449999999999999818e+04 8.143891900180938686e-05
1.450999999999999818e+04 8.260355816803226984e-05
1.451999999999999818e+04 8.347287361434040413e-05
1.452999999999999818e+04 8.415558893525994471e-05
1.453999999999999818e+04 8.457021895559303478e-05
1.454999999999999818e+04 8.474440433909263088e-05
1.455999999999999818e+04 8.465683457300057573e-05
1.456999999999999818e+04 8.435051127960557077e-05
1.457999999999999818e+04 8.406591119942960553e-05
1.458999999999999818e+04 8.356317589159504373e-05
1.459999999999999818e+04 8.299840712271075460e-05
1.460999999999999818e+04 8.236743171241343679e-05
1.461999999999999818e+04 8.169158060048925020e-05
1.462999999999999818e+04 8.119862432762016478e-05
1.463999999999999818e+04 8.074132715407504862e-05
1.464999999999999818e+04 8.036431937167280324e-05
1.465999999999999818e+04 8.022474990224781166e-05
1.466999999999999818e+04 8.018605841450707173e-05
1.467999999999999818e+04 8.038917284004240072e-05
1.468999999999999818e+04 8.081091802961655273e-05
1.469999999999999818e+04 8.150424030883566726e-05
1.470999999999999818e+04 8.248138177963751122e-05
1.471999999999999818e+04 8.378645861867043874e-05
1.472999999999999818e+04 8.535116111809604091e-05
1.473999999999999818e+04 8.727671894549491661e-05
1.474999999999999818e+04 8.967687365798291299e-05
1.475999999999999818e+04 9.253924569967812166e-05
1.476999999999999818e+04 9.586604975677780627e-05
1.477999999999999818e+04 9.970251971543758491e-05
1.478999999999999818e+04 1.040344749706938117e-04
1.479999999999999818e+04 1.092042522837151250e-04
1.480999999999999818e+04 1.150980703596379714e-04
1.481999999999999818e+04 1.217992265683527333e-04
1.482999999999999818e+04 1.296060852319687459e-04
1.483999999999999818e+04 1.387237736351193385e-04
1.484999999999999818e+04 1.487682147505800534e-04
1.485999999999999818e+04 1.605277635352633249e-04
1.486999999999999818e+04 1.739041277459867020e-04
1.487999999999999818e+04 1.892798738724232779e-04
1.488999999999999818e+04 2.073108489525948741e-04
1.489999999999999818e+04 2.281999164383554345e-04
1.490999999999999818e+04 2.525216422252755271e-04
1.491999999999999818e+04 2.803700825573761921e-04
1.492999999999999818e+04 3.134819809436631606e-04
1.493999999999999818e+04 3.522298819206989232e-04
1.494999999999999818e+04 3.981176667461039354e-04
1.495999999999999818e+04 4.524658929947381991e-04
1.496999999999999818e+04 5.168839124372070527e-04
1.497999999999999818e+04 5.936854899779171182e-04
1.498999999999999818e+04 6.872376701975949510e-04
1.499999999999999818e+04 7.984692931283347579e-04
1.500999999999999818e+04 9.355755337840528877e-04
1.501999999999999818e+04 1.103023064553908944e-03
1.502999999999999818e+04 1.308323013598162651e-03
1.503999999999999818e+04 1.562559521490086397e-03
1.504999999999999818e+04 1.880830201748034079e-03
1.505999999999999818e+04 2.281426796709451043e-03
1.506999999999999818e+04 2.785539263902592558e-03
1.507999999999999818e+04 3.432888020485139451e-03
1.508999999999999818e+04 4.263255074959782821e-03
1.509999999999999818e+04 5.344282336437541567e-03
1.510999999999999818e+04 6.755378234288966950e-03
1.511999999999999818e+04 8.628757513015710562e-03
1.512999999999999818e+04 1.112629556910099335e-02
1.513999999999999818e+04 1.450571304884360792e-02
1.514999999999999818e+04 1.909344962960850267e-02
1.515999999999999818e+04 2.540985473879480219e-02
1.516999999999999818e+04 3.416324479763244854e-02
1.517999999999999818e+04 4.640686612844065889e-02
1.518999999999999818e+04 6.356168892648622615e-02
1.519999999999999818e+04 8.740141895708558595e-02
1.520999999999999818e+04 1.202329529653428375e-01
1.521999999999999818e+04 1.648867101031648297e-01
1.522999999999999818e+04 2.215333958711601936e-01
1.523999999999999818e+04 2.894241880628560248e-01
1.524999999999999818e+04 3.623805223069113124e-01
1.525999999999999818e+04 4.306569501937000388e-01
1.526999999999999818e+04 4.861658661742443988e-01
1.527999999999999818e+04 5.239486778922564092e-01
1.528999999999999818e+04 5.459087394230230927e-01
1.529999999999999818e+04 5.558963674216077511e-01
1.530999999999999818e+04 5.587825471568672597e-01
1.531999999999999818e+04 5.586648977881960576e-01
1.532999999999999818e+04 5.582580789923952125e-01
1.533999999999999818e+04 5.562687604765276239e-01
1.534999999999999818e+04 5.558803224895257911e-01
1.535999999999999636e+04 5.561884851897377358e-01
1.536999999999999636e+04 5.561381868662199635e-01
1.537999999999999636e+04 5.565523674596426495e-01
1.538999999999999636e+04 5.574856594266250909e-01
1.539999999999999636e+04 5.575115927140236183e-01
1.540999999999999636e+04 5.584153920594436826e-01
1.541999999999999636e+04 5.576759718522994458e-01
1.542999999999999636e+04 5.574070209227552919e-01
1.543999999999999636e+04 5.568486971017820863e-01
1.544999999999999636e+04 5.562208611111838508e-01
1.545999999999999636e+04 5.557041637333408612e-01
1.546999999999999636e+04 5.554219754196871861e-01
1.547999999999999636e+04 5.547190797981181865e-01
1.548999999999999636e+04 5.547751156531559591e-01
1.549999999999999636e+04 5.544723010593203272e-01
1.550999999999999636e+04 5.548569147521678069e-01
1.551999999999999636e+04 5.547198474067543961e-01
1.552999999999999636e+04 5.560394043975267486e-01
1.553999999999999636e+04 5.564925521882025938e-01
1.554999999999999636e+04 5.562352784618632695e-01
1.555999999999999636e+04 5.564737847409425564e-01
1.556999999999999636e+04 5.570258276580876133e-01
1.557999999999999636e+04 5.576402830951713296e-01
1.558999999999999636e+04 5.578520236487884976e-01
1.559999999999999636e+04 5.575407850497674511e-01
1.560999999999999636e+04 5.569052017882749617e-01
1.561999999999999636e+04 5.564129779019505451e-01
1.562999999999999636e+04 5.562754125003904759e-01
1.563999999999999636e+04 5.559106928073692666e-01
1.564999999999999636e+04 5.553928673231457447e-01
1.565999999999999636e+04 5.552107662047431891e-01
1.566999999999999636e+04 5.544761305886106717e-01
1.567999999999999636e+04 5.542726296662873198e-01
1.568999999999999636e+04 5.545012857265190220e-01
1.569999999999999636e+04 5.547094624097597126e-01
1.570999999999999636e+04 5.552980062141558149e-01
1.571999999999999636e+04 5.552810062092125021e-01
1.572999999999999636e+04 5.554401648292210947e-01
1.573999999999999636e+04 5.559090736395929655e-01
1.574999999999999636e+04 5.567667625678194288e-01
1.575999999999999636e+04 5.565368446095605437e-01
1.576999999999999636e+04 5.571461981263703400e-01
1.577999999999999636e+04 5.578611777768586188e-01
1.578999999999999636e+04 5.579794484773491492e-01
1.579999999999999636e+04 5.578934574781844180e-01
1.580999999999999636e+04 5.581925023257521268e-01
1.581999999999999636e+04 5.574939739279745066e-01
1.582999999999999636e+04 5.569221621305563419e-01
1.583999999999999636e+04 5.572052304466683648e-01
1.584999999999999636e+04 5.571940080779543836e-01
1.585999999999999636e+04 5.569274594094014708e-01
1.586999999999999636e+04 5.564351685985566842e-01
1.587999999999999636e+04 5.556908323731103438e-01
1.588999999999999636e+04 5.556188297260787889e-01
1.589999999999999636e+04 5.546741540197781539e-01
1.590999999999999636e+04 5.545440877707320526e-01
1.591999999999999636e+04 5.544586893014091800e-01
1.592999999999999636e+04 5.543073571629505425e-01
1.593999999999999636e+04 5.540413321594451768e-01
1.594999999999999636e+04 5.537092805638341719e-01
1.595999999999999636e+04 5.535184032807614063e-01
1.596999999999999636e+04 5.537209206916249293e-01
1.597999999999999636e+04 5.536228076038604007e-01
1.598999999999999636e+04 5.536202414916856496e-01
1.599999999999999636e+04 5.540011851338738635e-01
1.600999999999999636e+04 5.542113013173410874e-01
1.601999999999999636e+04 5.537914998358035579e-01
1.602999999999999636e+04 5.536665927258163089e-01
1.603999999999999636e+04 5.538565421921738396e-01
1.604999999999999636e+04 5.540361934919135756e-01
1.605999999999999636e+04 5.538311480582425173e-01
1.606999999999999636e+04 5.533109588563042136e-01
1.607999999999999636e+04 5.530344089543294261e-01
1.608999999999999636e+04 5.525467207051902863e-01
1.609999999999999636e+04 5.520944299983021608e-01
1.610999999999999636e+04 5.514875849448678258e-01
1.611999999999999636e+04 5.510231696366995058e-01
1.612999999999999636e+04 5.505434722759920962e-01
1.613999999999999636e+04 5.501069231460568032e-01
1.614999999999999636e+04 5.497671781661654933e-01
1.615999999999999636e+04 5.498948401657497431e-01
1.616999999999999636e+04 5.494895610870561553e-01
1.617999999999999636e+04 5.489795457281756441e-01
1.618999999999999636e+04 5.484891833641625247e-01
1.619999999999999636e+04 5.483394949399880147e-01
1.620999999999999636e+04 5.488744665429736713e-01
1.621999999999999636e+04 5.478609262478962849e-01
1.622999999999999636e+04 5.473448524918583802e-01
1.623999999999999636e+04 5.483769398353171010e-01
1.624999999999999636e+04 5.482124509378514254e-01
1.625999999999999636e+04 5.483179140020828513e-01
1.626999999999999636e+04 5.482560634480296846e-01
1.627999999999999636e+04 5.481261208504456528e-01
1.628999999999999636e+04 5.485449045640382604e-01
1.629999999999999636e+04 5.482555286748248546e-01
1.630999999999999636e+04 5.486763526948483793e-01
1.631999999999999636e+04 5.482017296846422028e-01
1.632999999999999636e+04 5.476804981370393399e-01
1.633999999999999636e+04 5.471722291855257714e-01
1.634999999999999636e+04 5.469015023272436604e-01
1.635999999999999636e+04 5.466024990438321796e-01
1.636999999999999636e+04 5.461915866663006325e-01
1.637999999999999636e+04 5.456876237633297988e-01
1.638999999999999636e+04 5.453456648516664673e-01
1.639999999999999636e+04 5.450264316746623594e-01
1.640999999999999636e+04 5.447116867486269109e-01
1.641999999999999636e+04 5.438506114526536761e-01
1.642999999999999636e+04 5.440384142330475514e-01
1.643999999999999636e+04 5.434896772937627407e-01
1.644999999999999636e+04 5.437440054470460415e-01
1.645999999999999636e+04 5.431245777746361858e-01
1.646999999999999636e+04 5.426932272440537774e-01
1.647999999999999636e+04 5.433025911056198476e-01
1.648999999999999636e+04 5.429817734598900714e-01
1.649999999999999636e+04 5.432602949068575660e-01
1.650999999999999636e+04 5.433010534682153336e-01
1.651999999999999636e+04 5.434821605706326997e-01
1.652999999999999636e+04 5.431303550163064653e-01
1.653999999999999636e+04 5.442892706086082111e-01
1.654999999999999636e+04 5.443686813409818193e-01
1.655999999999999636e+04 5.445369711267087354e-01
1.656999999999999636e+04 5.447262495909567237e-01
1.657999999999999636e+04 5.453472293481392841e-01
1.658999999999999636e+04 5.455105831419659879e-01
1.659999999999999636e+04 5.455235340765319796e-01
1.660999999999999636e+04 5.459354860992861047e-01
1.661999999999999636e+04 5.459262481854175730e-01
1.662999999999999636e+04 5.458043777495196203e-01
1.663999999999999636e+04 5.459968035626541205e-01
1.664999999999999636e+04 5.459025155281336250e-01
1.665999999999999636e+04 5.459195816791130307e-01
1.666999999999999636e+04 5.458383634323953348e-01
1.667999999999999636e+04 5.457206963401711741e-01
1.668999999999999636e+04 5.454922191557316502e-01
1.669999999999999636e+04 5.452378146569555328e-01
1.670999999999999636e+04 5.449061398201293649e-01
1.671999999999999636e+04 5.449368264275621376e-01
1.672999999999999636e+04 5.449561903406285879e-01
1.673999999999999636e+04 5.443953360351223569e-01
1.674999999999999636e+04 5.440621945516450619e-01
1.675999999999999636e+04 5.443539488858983866e-01
1.676999999999999636e+04 5.441507924089797887e-01
1.677999999999999636e+04 5.438537017834784715e-01
1.678999999999999636e+04 5.441196237623966425e-01
1.679999999999999636e+04 5.438835778498760654e-01
1.680999999999999636e+04 5.439651939152426730e-01
1.681999999999999636e+04 5.440785295587107218e-01
1.682999999999999636e+04 5.445596019989582537e-01
1.683999999999999636e+04 5.451726050219363184e-01
1.684999999999999636e+04 5.456187826692814324e-01
1.685999999999999636e+04 5.456530876621976667e-01
1.686999999999999636e+04 5.457147276795568658e-01
1.687999999999999636e+04 5.462069071967761147e-01
1.688999999999999636e+04 5.468980728465581143e-01
1.689999999999999636e+04 5.469919996407088814e-01
1.690999999999999636e+04 5.468810983099635648e-01
1.691999999999999636e+04 5.473758865367776005e-01
1.692999999999999636e+04 5.483341145451805509e-01
1.693999999999999636e+04 5.478495470959738878e-01
1.694999999999999636e+04 5.479214556880948050e-01
1.695999999999999636e+04 5.480803293690690303e-01
1.696999999999999636e+04 5.474437726841837604e-01
1.697999999999999636e+04 5.476258284527347753e-01
1.698999999999999636e+04 5.485225923497860645e-01
1.699999999999999636e+04 5.479384251100123393e-01
1.700999999999999636e+04 5.478952071906182386e-01
1.701999999999999636e+04 5.475685342314007276e-01
1.702999999999999636e+04 5.471354710552264189e-01
1.703999999999999636e+04 5.473942464347777426e-01
1.704999999999999636e+04 5.473254724221781053e-01
1.705999999999999636e+04 5.471504940577294196e-01
1.706999999999999636e+04 5.471117511823568869e-01
1.707999999999999636e+04 5.470983751995299738e-01
1.708999999999999636e+04 5.474768960755833636e-01
1.709999999999999636e+04 5.472460654035160577e-01
1.710999999999999636e+04 5.466943136240094425e-01
1.711999999999999636e+04 5.474298558863982533e-01
1.712999999999999636e+04 5.468542822289994554e-01
1.713999999999999636e+04 5.467335614724151416e-01
1.714999999999999636e+04 5.478842988557975913e-01
1.715999999999999636e+04 5.474260977649115789e-01
1.716999999999999636e+04 5.479308070875337222e-01
1.717999999999999636e+04 5.481249920858454194e-01
1.718999999999999636e+04 5.483480967568226117e-01
1.719999999999999636e+04 5.483801855067476083e-01
1.720999999999999636e+04 5.489498389805227418e-01
1.721999999999999636e+04 5.489612226787792260e-01
1.722999999999999636e+04 5.492036136848013061e-01
1.723999999999999636e+04 5.490435474405698235e-01
1.724999999999999636e+04 5.495665521657331354e-01
1.725999999999999636e+04 5.500439792965604591e-01
1.726999999999999636e+04 5.501103126227518958e-01
1.727999999999999636e+04 5.497986939911830850e-01
1.728999999999999636e+04 5.495191933566005993e-01
1.729999999999999636e+04 5.497205205300802477e-01
1.730999999999999636e+04 5.501018136955349025e-01
1.731999999999999636e+04 5.502880275718775582e-01
1.732999999999999636e+04 5.498009272524385649e-01
1.733999999999999636e+04 5.496476036827231404e-01
1.734999999999999636e+04 5.490172243058619728e-01
1.735999999999999636e+04 5.488568891880788447e-01
1.736999999999999636e+04 5.488228896463772655e-01
1.737999999999999636e+04 5.488738642767467812e-01
1.738999999999999636e+04 5.488486098020673998e-01
1.739999999999999636e+04 5.485271718535109642e-01
1.740999999999999636e+04 5.478438601731676627e-01
1.741999999999999636e+04 5.484425954491705113e-01
1.742999999999999636e+04 5.476201204246056164e-01
1.743999999999999636e+04 5.479943669721116795e-01
1.744999999999999636e+04 5.478667282432387875e-01
1.745999999999999636e+04 5.469306381826714025e-01
1.746999999999999636e+04 5.471138664370122084e-01
1.747999999999999636e+04 5.480758376165236756e-01
1.748999999999999636e+04 5.478970114385424139e-01
1.749999999999999636e+04 5.476209478880526005e-01
1.750999999999999636e+04 5.469753145049790488e-01
1.751999999999999636e+04 5.479433578436145869e-01
1.752999999999999636e+04 5.477841125579250292e-01
1.753999999999999636e+04 5.482901700892106600e-01
1.754999999999999636e+04 5.484297096444390451e-01
1.755999999999999636e+04 5.488168055862623351e-01
1.756999999999999636e+04 5.492650379203993793e-01
1.757999999999999636e+04 5.488539288598818233e-01
1.758999999999999636e+04 5.489672748973560834e-01
1.759999999999999636e+04 5.485774917639048009e-01
1.760999999999999636e+04 5.495704811270477608e-01
1.761999999999999636e+04 5.491046368739875838e-01
1.762999999999999636e+04 5.495084454696274046e-01
1.763999999999999636e+04 5.489694649902245871e-01
1.764999999999999636e+04 5.494434550483265900e-01
1.765999999999999636e+04 5.487269531796099553e-01
1.766999999999999636e+04 5.494383961568013452e-01
1.767999999999999636e+04 5.490377408716765606e-01
1.768999999999999636e+04 5.489092296855803133e-01
1.769999999999999636e+04 5.480200267332215880e-01
1.770999999999999636e+04 5.481707823852145500e-01
1.771999999999999636e+04 5.477795959617306476e-01
1.772999999999999636e+04 5.483610608777850226e-01
1.773999999999999636e+04 5.490550313494203527e-01
1.774999999999999636e+04 5.490893877164574333e-01
1.775999999999999636e+04 5.482219497571777511e-01
1.776999999999999636e+04 5.480323061538239227e-01
1.777999999999999636e+04 5.474463716110780087e-01
1.778999999999999636e+04 5.477006631391656555e-01
1.779999999999999636e+04 5.481206164011923621e-01
1.780999999999999636e+04 5.479756475669049776e-01
1.781999999999999636e+04 5.483194795706173297e-01
1.782999999999999636e+04 5.477172595056666315e-01
1.783999999999999636e+04 5.469746632076233350e-01
1.784999999999999636e+04 5.477837958088910275e-01
1.785999999999999636e+04 5.477340277595255102e-01
1.786999999999999636e+04 5.486484258966894956e-01
1.787999999999999636e+04 5.490117151111828520e-01
1.788999999999999636e+04 5.488237938574977992e-01
1.789999999999999636e+04 5.486647926513467111e-01
1.790999999999999636e+04 5.496761397309902764e-01
1.791999999999999636e+04 5.487437008510148706e-01
1.792999999999999636e+04 5.492986050030482792e-01
1.793999999999999636e+04 5.496468158257329373e-01
1.794999999999999636e+04 5.501292531115372642e-01
1.795999999999999636e+04 5.496666906859444257e-01
1.796999999999999636e+04 5.505844166849258592e-01
1.797999999999999636e+04 5.497446580812939132e-01
1.798999999999999636e+04 5.503619015800680359e-01
1.799999999999999636e+04 5.499879879637902258e-01
1.800999999999999636e+04 5.501678874458685309e-01
1.801999999999999636e+04 5.499616525180160975e-01
1.802999999999999636e+04 5.511517211411787187e-01
1.803999999999999636e+04 5.502926785099893081e-01
1.804999999999999636e+04 5.497557974110575119e-01
1.805999999999999636e+04 5.495706020312584039e-01
1.806999999999999636e+04 5.495024190241724060e-01
1.807999999999999636e+04 5.501841383311509848e-01
1.808999999999999636e+04 5.495446603747147218e-01
1.809999999999999636e+04 5.494764371363405342e-01
1.810999999999999636e+04 5.493116991957240902e-01
1.811999999999999636e+04 5.495595863574360695e-01
1.812999999999999636e+04 5.492637849426897922e-01
1.813999999999999636e+04 5.491304654798010443e-01
1.814999999999999636e+04 5.492008758314702588e-01
1.815999999999999636e+04 5.488208820451210279e-01
1.816999999999999636e+04 5.489360886952333596e-01
1.817999999999999636e+04 5.496147651146389146e-01
1.818999999999999636e+04 5.491079906449136683e-01
1.819999999999999636e+04 5.491021218772650370e-01
1.820999999999999636e+04 5.490347437084237558e-01
1.821999999999999636e+04 5.491497663740687596e-01
1.822999999999999636e+04 5.504044097380910161e-01
1.823999999999999636e+04 5.501559706461379706e-01
1.824999999999999636e+04 5.500117341977722729e-01
1.825999999999999636e+04 5.503700682425736179e-01
1.826999999999999636e+04 5.504246462346923385e-01
1.827999999999999636e+04 5.504871978676707522e-01
1.828999999999999636e+04 5.503871661808463767e-01
1.829999999999999636e+04 5.504635940094263491e-01
1.830999999999999636e+04 5.508066562068860694e-01
1.831999999999999636e+04 5.507689855805646406e-01
1.832999999999999636e+04 5.512685353085391426e-01
1.833999999999999636e+04 5.508428554483051354e-01
1.834999999999999636e+04 5.512270803927942220e-01
1.835999999999999636e+04 5.508835395373877786e-01
1.836999999999999636e+04 5.502319071760717328e-01
1.837999999999999636e+04 5.500690655442412869e-01
1.838999999999999636e+04 5.491960681980480041e-01
1.839999999999999636e+04 5.491463496641671993e-01
1.840999999999999636e+04 5.496201744078272888e-01
1.841999999999999636e+04 5.488409535511130644e-01
1.842999999999999636e+04 5.481326522602160134e-01
1.843999999999999636e+04 5.478788155857461373e-01
1.844999999999999636e+04 5.472976625391706706e-01
1.845999999999999636e+04 5.465837957607722064e-01
1.846999999999999636e+04 5.464789290235814168e-01
1.847999999999999636e+04 5.465640910861331303e-01
1.848999999999999636e+04 5.457648941743156179e-01
1.849999999999999636e+04 5.456809578318920773e-01
1.850999999999999636e+04 5.454632576602055360e-01
1.851999999999999636e+04 5.450987641648723514e-01
1.852999999999999636e+04 5.438437187512489279e-01
1.853999999999999636e+04 5.436109916448758073e-01
1.854999999999999636e+04 5.438982043597263560e-01
1.855999999999999636e+04 5.438862585922538129e-01
1.856999999999999636e+04 5.436112099632059991e-01
1.857999999999999636e+04 5.436145518184539727e-01
1.858999999999999636e+04 5.434432599342898795e-01
1.859999999999999636e+04 5.431719483116386193e-01
1.860999999999999636e+04 5.432486749175533536e-01
1.861999999999999636e+04 5.437372728748961492e-01
1.862999999999999636e+04 5.447178304172615171e-01
1.863999999999999636e+04 5.445691490393474998e-01
1.864999999999999636e+04 5.445848115032110304e-01
1.865999999999999636e+04 5.450040219689189502e-01
1.866999999999999636e+04 5.448601641887433900e-01
1.867999999999999636e+04 5.446704385848689656e-01
1.868999999999999636e+04 5.449029326871879242e-01
1.869999999999999636e+04 5.453454841448888146e-01
1.870999999999999636e+04 5.449342344110773562e-01
1.871999999999999636e+04 5.443439191675267796e-01
1.872999999999999636e+04 5.432412421115437873e-01
1.873999999999999636e+04 5.435914756317520302e-01
1.874999999999999636e+04 5.446018028230615871e-01
1.875999999999999636e+04 5.443075372231016562e-01
1.876999999999999636e+04 5.434836225149767275e-01
1.877999999999999636e+04 5.436012242450557475e-01
1.878999999999999636e+04 5.438134249160526679e-01
1.879999999999999636e+04 5.433699867348344981e-01
1.880999999999999636e+04 5.426178758544706326e-01
1.881999999999999636e+04 5.414680375115987765e-01
1.882999999999999636e+04 5.412593396050944250e-01
1.883999999999999636e+04 5.412861541890908734e-01
1.884999999999999636e+04 5.411606387062184442e-01
1.885999999999999636e+04 5.407964189338934080e-01
1.886999999999999636e+04 5.406119463970689987e-01
1.887999999999999636e+04 5.403647686350943058e-01
1.888999999999999636e+04 5.396508050664543532e-01
1.889999999999999636e+04 5.391791274416870561e-01
1.890999999999999636e+04 5.392520018771511658e-01
1.891999999999999636e+04 5.394125728316238044e-01
1.892999999999999636e+04 5.392387397895204160e-01
1.893999999999999636e+04 5.397138292272184446e-01
1.894999999999999636e+04 5.389466767834418803e-01
1.895999999999999636e+04 5.396349331573819796e-01
1.896999999999999636e+04 5.390289471269128496e-01
1.897999999999999636e+04 5.388508048145339568e-01
1.898999999999999636e+04 5.381698364651689159e-01
1.899999999999999636e+04 5.394745731569213776e-01
1.900999999999999636e+04 5.387438781535627275e-01
1.901999999999999636e+04 5.387067389023657560e-01
1.902999999999999636e+04 5.397856777698223363e-01
1.903999999999999636e+04 5.387116841080462626e-01
1.904999999999999636e+04 5.394267369678581447e-01
1.905999999999999636e+04 5.401226284443112480e-01
1.906999999999999636e+04 5.403672410937124804e-01
1.907999999999999636e+04 5.394515771607693022e-01
1.908999999999999636e+04 5.399005841232934477e-01
1.909999999999999636e+04 5.407189262967262433e-01
1.910999999999999636e+04 5.402702256096446609e-01
1.911999999999999636e+04 5.396249422038555954e-01
1.912999999999999636e+04 5.396378144588528381e-01
1.913999999999999636e+04 5.399790938008446339e-01
1.914999999999999636e+04 5.394910430887720487e-01
1.915999999999999636e+04 5.384762402930692859e-01
1.916999999999999636e+04 5.384600297189995333e-01
1.917999999999999636e+04 5.390463308088238037e-01
1.918999999999999636e+04 5.373123845019195377e-01
1.919999999999999636e+04 5.364099539175859466e-01
1.920999999999999636e+04 5.373703336262024566e-01
1.921999999999999636e+04 5.361350991100708452e-01
1.922999999999999636e+04 5.350809026413523295e-01
1.923999999999999636e+04 5.338156647907964514e-01
1.924999999999999636e+04 5.339898631919254290e-01
1.925999999999999636e+04 5.336505271085015822e-01
1.926999999999999636e+04 5.335671662443832730e-01
1.927999999999999636e+04 5.321336279057294893e-01
1.928999999999999636e+04 5.327914312590288359e-01
1.929999999999999636e+04 5.323598106170349675e-01
1.930999999999999636e+04 5.320399789779570732e-01
1.931999999999999636e+04 5.319363905390404046e-01
1.932999999999999636e+04 5.307405145203992758e-01
1.933999999999999636e+04 5.312149253188647169e-01
1.934999999999999636e+04 5.312557096189958195e-01
1.935999999999999636e+04 5.306718351831551939e-01
1.936999999999999636e+04 5.294245639560473116e-01
1.937999999999999636e+04 5.298591249554180926e-01
1.938999999999999636e+04 5.304581204032190467e-01
1.939999999999999636e+04 5.301261700039913149e-01
1.940999999999999636e+04 5.297382391607552421e-01
1.941999999999999636e+04 5.299607274732504036e-01
1.942999999999999636e+04 5.298228609423587532e-01
1.943999999999999636e+04 5.287753927368946671e-01
1.944999999999999636e+04 5.286342236878930345e-01
1.945999999999999636e+04 5.280184786381943995e-01
1.946999999999999636e+04 5.279098802157196069e-01
1.947999999999999636e+04 5.284028603843378136e-01
1.948999999999999636e+04 5.279719189562284143e-01
1.949999999999999636e+04 5.269018323144049054e-01
1.950999999999999636e+04 5.264428019550769777e-01
1.951999999999999636e+04 5.262185084458064210e-01
1.952999999999999636e+04 5.256014472154845185e-01
1.953999999999999636e+04 5.247881079250967806e-01
1.954999999999999636e+04 5.244480944702335501e-01
1.955999999999999636e+04 5.240286345521777411e-01
1.956999999999999636e+04 5.244107528646104743e-01
1.957999999999999636e+04 5.242166487987683920e-01
1.958999999999999636e+04 5.232766868222744616e-01
1.959999999999999636e+04 5.223375046477520822e-01
1.960999999999999636e+04 5.220924377681179784e-01
1.961999999999999636e+04 5.205137606683127860e-01
1.962999999999999636e+04 5.206751700121492465e-01
1.963999999999999636e+04 5.203722417076553919e-01
1.964999999999999636e+04 5.207638108090625328e-01
1.965999999999999636e+04 5.192747523390217612e-01
1.966999999999999636e+04 5.187538026045565021e-01
1.967999999999999636e+04 5.182926970263136424e-01
1.968999999999999636e+04 5.172028370449480716e-01
1.969999999999999636e+04 5.172333475580516149e-01
1.970999999999999636e+04 5.171514682543241204e-01
1.971999999999999636e+04 5.165328058776992304e-01
1.972999999999999636e+04 5.169679136058015212e-01
1.973999999999999636e+04 5.166118062669540212e-01
1.974999999999999636e+04 5.159716117670475333e-01
1.975999999999999636e+04 5.161793750934017266e-01
1.976999999999999636e+04 5.161441158931985296e-01
1.977999999999999636e+04 5.153451571561796785e-01
1.978999999999999636e+04 5.151673044283493486e-01
1.979999999999999636e+04 5.140870865882279928e-01
1.980999999999999636e+04 5.141056875568541518e-01
1.981999999999999636e+04 5.153497380004583572e-01
1.982999999999999636e+04 5.150354983033095246e-01
1.983999999999999636e+04 5.144618343263913651e-01
1.984999999999999636e+04 5.138406375398321124e-01
1.985999999999999636e+04 5.142228907209926980e-01
1.986999999999999636e+04 5.143531393988401978e-01
1.987999999999999636e+04 5.129678938500474850e-01
1.988999999999999636e+04 5.127305796851949760e-01
1.989999999999999636e+04 5.136198738245320028e-01
1.990999999999999636e+04 5.134511050392783771e-01
1.991999999999999636e+04 5.126537725940757406e-01
1.992999999999999636e+04 5.136328506135409144e-01
1.993999999999999636e+04 5.133438089104473967e-01
1.994999999999999636e+04 5.123082164592543952e-01
1.995999999999999636e+04 5.117264085501849191e-01
1.996999999999999636e+04 5.120669752309282563e-01
1.997999999999999636e+04 5.122639568277076449e-01
1.998999999999999636e+04 5.119224145470816500e-01
1.999999999999999636e+04 5.114046636247657762e-01
2.000999999999999636e+04 5.106606729739334716e-01
2.001999999999999636e+04 5.101506704070054576e-01
2.002999999999999636e+04 5.089799020816176967e-01
2.003999999999999636e+04 5.093293871854018828e-01
2.004999999999999636e+04 5.083934214848001565e-01
2.005999999999999636e+04 5.081097162503828146e-01
2.006999999999999636e+04 5.084049794200189432e-01
2.007999999999999636e+04 5.076278597065811971e-01
2.008999999999999636e+04 5.062857033250012240e-01
2.009999999999999636e+04 5.063862487570247595e-01
2.010999999999999636e+04 5.061323699387723085e-01
2.011999999999999636e+04 5.055353994627239667e-01
2.012999999999999636e+04 5.063256803657890659e-01
2.013999999999999636e+04 5.071813299129110941e-01
2.014999999999999636e+04 5.072434092767978964e-01
2.015999999999999636e+04 5.070275093223132190e-01
2.016999999999999636e+04 5.055909465698965599e-01
2.017999999999999636e+04 5.018102935258140773e-01
2.018999999999999636e+04 4.962276309758500425e-01
2.019999999999999636e+04 4.867100607578462856e-01
2.020999999999999636e+04 4.729722590532968729e-01
2.021999999999999636e+04 4.545133131765319301e-01
2.022999999999999636e+04 4.285244097974625355e-01
2.023999999999999636e+04 3.963057060328340486e-01
2.024999999999999636e+04 3.591411043016376481e-01
2.025999999999999636e+04 3.181850587448489809e-01
2.026999999999999636e+04 2.762618507042999272e-01
2.027999999999999636e+04 2.352404053771001979e-01
2.028999999999999636e+04 1.970637696397518901e-01
2.029999999999999636e+04 1.629421349586282208e-01
2.030999999999999636e+04 1.332687818285735459e-01
2.031999999999999636e+04 1.081591531873020012e-01
2.032999999999999636e+04 8.762635299712770443e-02
2.033999999999999636e+04 7.086726408096089003e-02
2.034999999999999636e+04 5.736269879682095313e-02
2.035999999999999636e+04 4.651152254372035999e-02
2.036999999999999636e+04 3.772168773569185840e-02
2.037999999999999636e+04 3.075258434029172830e-02
2.038999999999999636e+04 2.513203396314939511e-02
2.039999999999999636e+04 2.059861909239760897e-02
2.040999999999999636e+04 1.695623126879221634e-02
2.041999999999999636e+04 1.401631860941927876e-02
2.042999999999999636e+04 1.163333890981379376e-02
2.043999999999999636e+04 9.668470529327398075e-03
2.044999999999999636e+04 8.099227062419219608e-03
2.045999999999999636e+04 6.794156078529434671e-03
2.046999999999999636e+04 5.721743371287006837e-03
2.047999999999999636e+04 4.846481120867668010e-03
2.048999999999999636e+04 4.117053071885831347e-03
2.049999999999999636e+04 3.502017738545228943e-03
2.050999999999999636e+04 3.000632919534022749e-03
2.051999999999999636e+04 2.571227216625591311e-03
2.052999999999999636e+04 2.210572284720659867e-03
2.053999999999999636e+04 1.910308516069322360e-03
2.054999999999999636e+04 1.654550042003042828e-03
2.055999999999999636e+04 1.435530748626072124e-03
2.056999999999999636e+04 1.249872210823225593e-03
2.057999999999999636e+04 1.090165393934426239e-03
2.058999999999999636e+04 9.539238360952204772e-04
2.059999999999999636e+04 8.375074492689686288e-04
2.060999999999999636e+04 7.377671976800107738e-04
2.061999999999999636e+04 6.494061808667751659e-04
2.062999999999999636e+04 5.753147169713485574e-04
2.063999999999999636e+04 5.093283035727306195e-04
2.064999999999999636e+04 4.526907240484908724e-04
2.065999999999999636e+04 4.032235781860922909e-04
2.066999999999999636e+04 3.608875987575626849e-04
2.067999999999999636e+04 3.224216199550287553e-04
2.068999999999999636e+04 2.884011223403929488e-04
2.069999999999999636e+04 2.588490159589254395e-04
2.070999999999999636e+04 2.332500641139654705e-04
2.071999999999999636e+04 2.106653526989648857e-04
2.072999999999999636e+04 1.897138991272833330e-04
2.073999999999999636e+04 1.715211455308785263e-04
2.074999999999999636e+04 1.560700303349071545e-04
2.075999999999999636e+04 1.415801217823492702e-04
2.076999999999999636e+04 1.286548472888496416e-04
2.077999999999999636e+04 1.175098403227132311e-04
2.078999999999999636e+04 1.070944764573537021e-04
2.079999999999999636e+04 9.806544215668698658e-05
2.080999999999999636e+04 8.995533701159487514e-05
2.081999999999999636e+04 8.234452453452750353e-05
2.082999999999999636e+04 7.582056772704354761e-05
2.083999999999999636e+04 6.975331650355084707e-05
2.084999999999999636e+04 6.445123638088590405e-05
2.085999999999999636e+04 5.935416374873160291e-05
2.086999999999999636e+04 5.478029994252115869e-05
2.087999999999999636e+04 5.088880323514653216e-05
2.088999999999999636e+04 4.718904543269154274e-05
2.089999999999999636e+04 4.379882338111777977e-05
2.090999999999999636e+04 4.067306690977592578e-05
2.091999999999999636e+04 3.791136921203756740e-05
2.092999999999999636e+04 3.538850762024251250e-05
2.093999999999999636e+04 3.305866168904764412e-05
2.094999999999999636e+04 3.094779383847112762e-05
2.095999999999999636e+04 2.897960879895712378e-05
2.096999999999999636e+04 2.719415531585777103e-05
2.097999999999999636e+04 2.547841548164314493e-05
2.098999999999999636e+04 2.427433077551933896e-05
2.099999999999999636e+04 0.000000000000000000e+00
