3.819999999999999545e+03 0.000000000000000000e+00
3.829999999999999545e+03 2.234782731714312933e-12
3.839999999999999091e+03 1.464869396745124882e-11
3.849999999999999091e+03 0.000000000000000000e+00
3.859999999999999091e+03 0.000000000000000000e+00
3.869999999999999091e+03 0.000000000000000000e+00
3.879999999999999091e+03 0.000000000000000000e+00
3.889999999999999091e+03 0.000000000000000000e+00
3.899999999999999091e+03 0.000000000000000000e+00
3.909999999999999091e+03 0.000000000000000000e+00
3.919999999999999091e+03 0.000000000000000000e+00
3.929999999999999091e+03 0.000000000000000000e+00
3.939999999999999091e+03 2.027761826382775049e-12
3.949999999999999091e+03 0.000000000000000000e+00
3.959999999999999091e+03 0.000000000000000000e+00
3.969999999999999091e+03 0.000000000000000000e+00
3.979999999999999091e+03 0.000000000000000000e+00
3.989999999999999091e+03 0.000000000000000000e+00
3.999999999999999091e+03 0.000000000000000000e+00
4.009999999999999091e+03 0.000000000000000000e+00
4.019999999999999091e+03 0.000000000000000000e+00
4.029999999999999091e+03 0.000000000000000000e+00
4.039999999999999091e+03 0.000000000000000000e+00
4.049999999999999091e+03 0.000000000000000000e+00
4.059999999999999091e+03 0.000000000000000000e+00
4.069999999999999091e+03 0.000000000000000000e+00
4.079999999999999091e+03 0.000000000000000000e+00
4.089999999999999091e+03 0.000000000000000000e+00
4.099999999999999091e+03 0.000000000000000000e+00
4.109999999999999091e+03 0.000000000000000000e+00
4.119999999999999091e+03 0.000000000000000000e+00
4.129999999999999091e+03 0.000000000000000000e+00
4.139999999999999091e+03 0.000000000000000000e+00
4.149999999999999091e+03 0.000000000000000000e+00
4.159999999999999091e+03 0.000000000000000000e+00
4.169999999999999091e+03 0.000000000000000000e+00
4.179999999999999091e+03 0.000000000000000000e+00
4.189999999999999091e+03 0.000000000000000000e+00
4.199999999999999091e+03 9.831384719912000160e-16
4.209999999999999091e+03 0.000000000000000000e+00
4.219999999999999091e+03 0.000000000000000000e+00
4.229999999999999091e+03 0.000000000000000000e+00
4.239999999999999091e+03 0.000000000000000000e+00
4.249999999999999091e+03 0.000000000000000000e+00
4.259999999999999091e+03 0.000000000000000000e+00
4.269999999999999091e+03 0.000000000000000000e+00
4.279999999999999091e+03 0.000000000000000000e+00
4.289999999999999091e+03 0.000000000000000000e+00
4.299999999999999091e+03 0.000000000000000000e+00
4.309999999999999091e+03 0.000000000000000000e+00
4.319999999999999091e+03 0.000000000000000000e+00
4.329999999999999091e+03 0.000000000000000000e+00
4.339999999999999091e+03 0.000000000000000000e+00
4.349999999999999091e+03 0.000000000000000000e+00
4.359999999999999091e+03 0.000000000000000000e+00
4.369999999999999091e+03 0.000000000000000000e+00
4.379999999999999091e+03 0.000000000000000000e+00
4.389999999999999091e+03 0.000000000000000000e+00
4.399999999999999091e+03 0.000000000000000000e+00
4.409999999999999091e+03 0.000000000000000000e+00
4.419999999999999091e+03 0.000000000000000000e+00
4.429999999999999091e+03 0.000000000000000000e+00
4.439999999999999091e+03 0.000000000000000000e+00
4.449999999999999091e+03 2.537258444230125178e-11
4.459999999999999091e+03 0.000000000000000000e+00
4.469999999999999091e+03 0.000000000000000000e+00
4.479999999999999091e+03 0.000000000000000000e+00
4.489999999999999091e+03 0.000000000000000000e+00
4.499999999999999091e+03 0.000000000000000000e+00
4.509999999999999091e+03 0.000000000000000000e+00
4.519999999999999091e+03 0.000000000000000000e+00
4.529999999999999091e+03 0.000000000000000000e+00
4.539999999999999091e+03 0.000000000000000000e+00
4.549999999999999091e+03 0.000000000000000000e+00
4.559999999999999091e+03 0.000000000000000000e+00
4.569999999999999091e+03 0.000000000000000000e+00
4.579999999999999091e+03 0.000000000000000000e+00
4.589999999999999091e+03 0.000000000000000000e+00
4.599999999999999091e+03 0.000000000000000000e+00
4.609999999999999091e+03 6.863962725044810374e-11
4.619999999999999091e+03 0.000000000000000000e+00
4.629999999999999091e+03 0.000000000000000000e+00
4.639999999999999091e+03 0.000000000000000000e+00
4.649999999999999091e+03 0.000000000000000000e+00
4.659999999999999091e+03 0.000000000000000000e+00
4.669999999999999091e+03 0.000000000000000000e+00
4.679999999999999091e+03 0.000000000000000000e+00
4.689999999999999091e+03 0.000000000000000000e+00
4.699999999999999091e+03 0.000000000000000000e+00
4.709999999999999091e+03 0.000000000000000000e+00
4.719999999999999091e+03 0.000000000000000000e+00
4.729999999999999091e+03 0.000000000000000000e+00
4.739999999999999091e+03 0.000000000000000000e+00
4.749999999999999091e+03 0.000000000000000000e+00
4.759999999999999091e+03 0.000000000000000000e+00
4.769999999999999091e+03 0.000000000000000000e+00
4.779999999999999091e+03 0.000000000000000000e+00
4.789999999999999091e+03 0.000000000000000000e+00
4.799999999999999091e+03 0.000000000000000000e+00
4.809999999999999091e+03 0.000000000000000000e+00
4.819999999999999091e+03 0.000000000000000000e+00
4.829999999999999091e+03 0.000000000000000000e+00
4.839999999999999091e+03 0.000000000000000000e+00
4.849999999999999091e+03 0.000000000000000000e+00
4.859999999999999091e+03 1.336091857444373073e-08
4.869999999999999091e+03 0.000000000000000000e+00
4.879999999999999091e+03 0.000000000000000000e+00
4.889999999999999091e+03 0.000000000000000000e+00
4.899999999999999091e+03 0.000000000000000000e+00
4.909999999999999091e+03 0.000000000000000000e+00
4.919999999999999091e+03 0.000000000000000000e+00
4.929999999999999091e+03 0.000000000000000000e+00
4.939999999999999091e+03 0.000000000000000000e+00
4.949999999999999091e+03 0.000000000000000000e+00
4.959999999999999091e+03 0.000000000000000000e+00
4.969999999999999091e+03 0.000000000000000000e+00
4.979999999999999091e+03 0.000000000000000000e+00
4.989999999999999091e+03 0.000000000000000000e+00
4.999999999999999091e+03 0.000000000000000000e+00
5.009999999999999091e+03 0.000000000000000000e+00
5.019999999999999091e+03 0.000000000000000000e+00
5.029999999999999091e+03 1.706809147745605433e-09
5.039999999999999091e+03 0.000000000000000000e+00
5.049999999999999091e+03 0.000000000000000000e+00
5.059999999999999091e+03 0.000000000000000000e+00
5.069999999999999091e+03 0.000000000000000000e+00
5.079999999999999091e+03 0.000000000000000000e+00
5.089999999999999091e+03 0.000000000000000000e+00
5.099999999999999091e+03 0.000000000000000000e+00
5.109999999999999091e+03 0.000000000000000000e+00
5.119999999999999091e+03 0.000000000000000000e+00
5.129999999999999091e+03 0.000000000000000000e+00
5.139999999999999091e+03 0.000000000000000000e+00
5.149999999999999091e+03 0.000000000000000000e+00
5.159999999999999091e+03 0.000000000000000000e+00
5.169999999999999091e+03 0.000000000000000000e+00
5.179999999999999091e+03 0.000000000000000000e+00
5.189999999999999091e+03 0.000000000000000000e+00
5.199999999999999091e+03 0.000000000000000000e+00
5.209999999999999091e+03 0.000000000000000000e+00
5.219999999999999091e+03 0.000000000000000000e+00
5.229999999999999091e+03 0.000000000000000000e+00
5.239999999999999091e+03 0.000000000000000000e+00
5.249999999999999091e+03 4.862782119372423257e-11
5.259999999999999091e+03 0.000000000000000000e+00
5.269999999999999091e+03 0.000000000000000000e+00
5.279999999999999091e+03 0.000000000000000000e+00
5.289999999999999091e+03 0.000000000000000000e+00
5.299999999999999091e+03 0.000000000000000000e+00
5.309999999999999091e+03 0.000000000000000000e+00
5.319999999999999091e+03 3.979721451428978297e-11
5.329999999999999091e+03 0.000000000000000000e+00
5.339999999999999091e+03 0.000000000000000000e+00
5.349999999999999091e+03 0.000000000000000000e+00
5.359999999999999091e+03 0.000000000000000000e+00
5.369999999999999091e+03 0.000000000000000000e+00
5.379999999999999091e+03 1.429697621013796210e-10
5.389999999999999091e+03 0.000000000000000000e+00
5.399999999999999091e+03 0.000000000000000000e+00
5.409999999999999091e+03 0.000000000000000000e+00
5.419999999999999091e+03 0.000000000000000000e+00
5.429999999999999091e+03 0.000000000000000000e+00
5.439999999999999091e+03 0.000000000000000000e+00
5.449999999999999091e+03 0.000000000000000000e+00
5.459999999999999091e+03 4.176473766867500786e-14
5.469999999999999091e+03 0.000000000000000000e+00
5.479999999999999091e+03 0.000000000000000000e+00
5.489999999999999091e+03 0.000000000000000000e+00
5.499999999999999091e+03 4.514678396965624953e-16
5.509999999999999091e+03 3.171592633781250477e-16
5.519999999999999091e+03 0.000000000000000000e+00
5.529999999999999091e+03 2.226173270868750176e-16
5.539999999999999091e+03 4.279745694813749803e-16
5.549999999999999091e+03 2.188780898753750074e-16
5.559999999999999091e+03 5.612306690943749881e-16
5.569999999999999091e+03 2.944857294111249916e-13
5.579999999999999091e+03 1.392142734381875019e-14
5.589999999999999091e+03 8.991057512023126377e-13
5.599999999999999091e+03 4.606096420944374870e-15
5.609999999999999091e+03 1.520165545439624907e-15
5.619999999999999091e+03 1.366908661455750113e-15
5.629999999999999091e+03 3.277676565765000103e-15
5.639999999999999091e+03 5.783169427783124453e-13
5.649999999999999091e+03 3.679845568319376055e-15
5.659999999999999091e+03 2.838991597837500449e-15
5.669999999999999091e+03 5.500900777758750485e-15
5.679999999999999091e+03 6.693720170471250242e-14
5.689999999999999091e+03 2.058991406036250197e-13
5.699999999999999091e+03 9.080768523644999998e-14
5.709999999999999091e+03 1.215814233865000155e-13
5.719999999999999091e+03 1.565184119450000135e-12
5.729999999999999091e+03 4.010339281457250591e-13
5.739999999999999091e+03 1.952625572023874839e-13
5.749999999999999091e+03 7.202695162425000638e-13
5.759999999999999091e+03 1.527770908412875093e-14
5.769999999999999091e+03 1.516540819017000265e-15
5.779999999999999091e+03 1.501762445048250011e-15
5.789999999999999091e+03 1.026198981395000027e-14
5.799999999999999091e+03 1.955366333497500050e-16
5.809999999999999091e+03 1.090917617466249962e-16
5.819999999999999091e+03 9.749552373644999406e-17
5.829999999999999091e+03 4.611976074054999529e-17
5.839999999999999091e+03 1.693272702515624975e-16
5.849999999999999091e+03 3.055923523799999801e-16
5.859999999999999091e+03 0.000000000000000000e+00
5.869999999999999091e+03 0.000000000000000000e+00
5.879999999999999091e+03 0.000000000000000000e+00
5.889999999999999091e+03 4.170968841256875438e-16
5.899999999999999091e+03 1.479722448551375143e-15
5.909999999999999091e+03 8.062820171896875510e-16
5.919999999999999091e+03 0.000000000000000000e+00
5.929999999999999091e+03 0.000000000000000000e+00
5.939999999999999091e+03 3.715178181487500662e-15
5.949999999999999091e+03 2.282894392685374960e-14
5.959999999999999091e+03 6.936132263033749745e-15
5.969999999999999091e+03 1.086352929121250226e-14
5.979999999999999091e+03 2.235209303171250436e-14
5.989999999999999091e+03 5.801225774198749808e-14
5.999999999999999091e+03 3.186251765851874991e-11
6.009999999999999091e+03 1.145455694057499987e-13
6.019999999999999091e+03 1.421532535108437483e-13
6.029999999999999091e+03 1.771729630195000552e-13
6.039999999999999091e+03 7.646106233731875132e-15
6.049999999999999091e+03 7.537181728229999674e-16
6.059999999999999091e+03 0.000000000000000000e+00
6.069999999999999091e+03 0.000000000000000000e+00
6.079999999999999091e+03 4.861318772677500114e-16
6.089999999999999091e+03 1.611698241037500258e-15
6.099999999999999091e+03 7.886005335600000286e-14
6.109999999999999091e+03 6.713779951497501109e-13
6.119999999999999091e+03 3.783165182085625357e-13
6.129999999999999091e+03 3.109671629435000087e-12
6.139999999999999091e+03 1.740798349435250182e-12
6.149999999999999091e+03 4.831399420023750363e-13
6.159999999999999091e+03 9.447907787115001358e-13
6.169999999999999091e+03 1.791625080702187339e-11
6.179999999999999091e+03 1.287800362419374965e-12
6.189999999999999091e+03 9.262613729250001864e-12
6.199999999999999091e+03 1.251195687584062578e-13
6.209999999999999091e+03 1.384206273245250253e-14
6.219999999999999091e+03 9.808769733043750663e-15
6.229999999999999091e+03 0.000000000000000000e+00
6.239999999999999091e+03 0.000000000000000000e+00
6.249999999999999091e+03 0.000000000000000000e+00
6.259999999999999091e+03 2.622271965710250079e-15
6.269999999999999091e+03 1.251315624415500126e-14
6.279999999999999091e+03 6.785676619680001513e-13
6.289999999999999091e+03 6.305899129530000156e-15
6.299999999999999091e+03 1.714430218659374923e-14
6.309999999999999091e+03 4.484986822771874633e-14
6.319999999999999091e+03 5.264892960880000081e-15
6.329999999999999091e+03 3.472916460553750264e-15
6.339999999999999091e+03 0.000000000000000000e+00
6.349999999999999091e+03 1.014910247552687658e-14
6.359999999999999091e+03 3.081993649389375301e-14
6.369999999999999091e+03 7.550602754240000874e-14
6.379999999999999091e+03 1.120265971062000024e-14
6.389999999999999091e+03 0.000000000000000000e+00
6.399999999999999091e+03 0.000000000000000000e+00
6.409999999999999091e+03 0.000000000000000000e+00
6.419999999999999091e+03 6.534501403500001227e-15
6.429999999999999091e+03 7.072668112838125892e-14
6.439999999999999091e+03 2.850037249499999783e-13
6.449999999999999091e+03 7.224992589150000375e-14
6.459999999999999091e+03 1.336891694499375087e-13
6.469999999999999091e+03 3.554920294285937438e-12
6.479999999999999091e+03 2.740363794065625158e-13
6.489999999999999091e+03 7.884920790424999797e-14
6.499999999999999091e+03 3.820297379849999531e-14
6.509999999999999091e+03 3.930658087265000196e-14
6.519999999999999091e+03 5.532659546680000012e-14
6.529999999999999091e+03 2.597810197782625065e-13
6.539999999999999091e+03 4.091803823373000338e-13
6.549999999999999091e+03 1.427948476396750220e-13
6.559999999999999091e+03 2.479317268326500712e-13
6.569999999999999091e+03 3.923978217543124896e-13
6.579999999999999091e+03 2.083796640985937876e-14
6.589999999999999091e+03 0.000000000000000000e+00
6.599999999999999091e+03 0.000000000000000000e+00
6.609999999999999091e+03 0.000000000000000000e+00
6.619999999999999091e+03 0.000000000000000000e+00
6.629999999999999091e+03 0.000000000000000000e+00
6.639999999999999091e+03 0.000000000000000000e+00
6.649999999999999091e+03 4.984058258585000762e-16
6.659999999999999091e+03 1.418587347738749983e-14
6.669999999999999091e+03 7.870949931525625285e-13
6.679999999999999091e+03 3.011779532702500326e-13
6.689999999999999091e+03 5.035041735281250084e-13
6.699999999999999091e+03 4.099795695069374986e-12
6.709999999999999091e+03 8.428719803630002087e-13
6.719999999999999091e+03 2.025527883015000209e-13
6.729999999999999091e+03 4.029879010771250000e-13
6.739999999999999091e+03 2.544407829355000185e-10
6.749999999999999091e+03 1.463698830545000028e-13
6.759999999999999091e+03 1.282896121500000226e-14
6.769999999999999091e+03 2.078625166117499745e-14
6.779999999999999091e+03 1.244136338480000016e-14
6.789999999999999091e+03 2.414867643890625227e-14
6.799999999999999091e+03 3.019439420156250585e-14
6.809999999999999091e+03 5.727331240531249399e-14
6.819999999999999091e+03 1.306356017518124985e-15
6.829999999999999091e+03 0.000000000000000000e+00
6.839999999999999091e+03 1.046624476677500032e-14
6.849999999999999091e+03 1.952939679088125187e-14
6.859999999999999091e+03 1.768983359412500248e-14
6.869999999999999091e+03 1.584605649353125286e-13
6.879999999999999091e+03 9.018125223896249990e-13
6.889999999999999091e+03 4.342909896044999997e-14
6.899999999999999091e+03 4.866651998613124884e-14
6.909999999999999091e+03 3.462460919750000368e-14
6.919999999999999091e+03 1.363835339683250287e-13
6.929999999999999091e+03 2.894846876794687329e-13
6.939999999999999091e+03 5.999700172462499951e-12
6.949999999999999091e+03 3.609560081172500352e-12
6.959999999999999091e+03 4.560376805446874849e-13
6.969999999999999091e+03 3.324099249187499535e-13
6.979999999999999091e+03 5.083171446189374472e-13
6.989999999999999091e+03 5.322778777312500294e-13
6.999999999999999091e+03 8.005672286429999533e-13
7.009999999999999091e+03 4.665389211708749768e-12
7.019999999999999091e+03 1.455780754679999883e-11
7.029999999999999091e+03 2.169615182513625210e-13
7.039999999999999091e+03 9.292528644525001250e-14
7.049999999999999091e+03 3.664590415111062120e-13
7.059999999999999091e+03 0.000000000000000000e+00
7.069999999999999091e+03 3.712060705876250417e-13
7.079999999999999091e+03 1.376096091116250024e-14
7.089999999999999091e+03 0.000000000000000000e+00
7.099999999999999091e+03 6.863593296787500128e-14
7.109999999999999091e+03 1.601009147653562520e-13
7.119999999999999091e+03 3.617615789094999989e-13
7.129999999999999091e+03 1.412335337105000005e-12
7.139999999999999091e+03 1.113271582191999850e-12
7.149999999999999091e+03 2.388789126500000217e-12
7.159999999999999091e+03 1.884157190195000392e-12
7.169999999999999091e+03 1.259620632724999953e-11
7.179999999999999091e+03 2.870422993410000609e-12
7.189999999999999091e+03 6.000509881200624605e-13
7.199999999999999091e+03 7.459805967941249796e-13
7.209999999999999091e+03 4.703770426271875114e-13
7.219999999999999091e+03 3.264354773881250136e-14
7.229999999999999091e+03 1.184085233319625057e-13
7.239999999999999091e+03 8.388033899148749698e-15
7.249999999999999091e+03 2.247270213825000409e-13
7.259999999999999091e+03 8.887951344553749577e-14
7.269999999999999091e+03 2.619003994880000124e-14
7.279999999999999091e+03 4.976530129160624471e-14
7.289999999999999091e+03 2.027187139726875128e-14
7.299999999999999091e+03 4.463175542717500482e-15
7.309999999999999091e+03 4.350602655945000428e-14
7.319999999999999091e+03 9.464212299342501105e-13
7.329999999999999091e+03 0.000000000000000000e+00
7.339999999999999091e+03 2.968230323756250192e-13
7.349999999999999091e+03 0.000000000000000000e+00
7.359999999999999091e+03 1.793381308453875395e-13
7.369999999999999091e+03 5.143042593937499865e-14
7.379999999999999091e+03 5.348522510012500533e-14
7.389999999999999091e+03 7.290060627193750885e-14
7.399999999999999091e+03 1.729528021928437485e-13
7.409999999999999091e+03 2.679413175441625393e-13
7.419999999999999091e+03 1.554202320422499934e-13
7.429999999999999091e+03 1.964389524982500366e-12
7.439999999999999091e+03 3.515740048100000374e-10
7.449999999999999091e+03 3.876423304289375401e-12
7.459999999999999091e+03 4.581460801102500092e-13
7.469999999999999091e+03 0.000000000000000000e+00
7.479999999999999091e+03 3.993975126344000095e-13
7.489999999999999091e+03 1.557604466740000174e-14
7.499999999999999091e+03 1.965706517582499918e-12
7.509999999999999091e+03 1.562117496978937668e-12
7.519999999999999091e+03 0.000000000000000000e+00
7.529999999999999091e+03 0.000000000000000000e+00
7.539999999999999091e+03 1.518128991900499901e-11
7.549999999999999091e+03 0.000000000000000000e+00
7.559999999999999091e+03 7.442892964005625677e-14
7.569999999999999091e+03 6.841037572258749918e-14
7.579999999999999091e+03 0.000000000000000000e+00
7.589999999999999091e+03 0.000000000000000000e+00
7.599999999999999091e+03 8.550327493785001540e-14
7.609999999999999091e+03 1.642946983952750104e-12
7.619999999999999091e+03 2.704593910563125321e-14
7.629999999999999091e+03 2.199349502525000011e-15
7.639999999999999091e+03 0.000000000000000000e+00
7.649999999999999091e+03 0.000000000000000000e+00
7.659999999999999091e+03 0.000000000000000000e+00
7.669999999999999091e+03 0.000000000000000000e+00
7.679999999999998181e+03 0.000000000000000000e+00
7.689999999999998181e+03 0.000000000000000000e+00
7.699999999999998181e+03 0.000000000000000000e+00
7.709999999999998181e+03 0.000000000000000000e+00
7.719999999999998181e+03 0.000000000000000000e+00
7.729999999999998181e+03 0.000000000000000000e+00
7.739999999999998181e+03 0.000000000000000000e+00
7.749999999999998181e+03 0.000000000000000000e+00
7.759999999999998181e+03 0.000000000000000000e+00
7.769999999999998181e+03 6.265822211932501469e-16
7.779999999999998181e+03 0.000000000000000000e+00
7.789999999999998181e+03 7.528554466606251376e-15
7.799999999999998181e+03 8.071099149329999822e-15
7.809999999999998181e+03 6.638672037965625429e-14
7.819999999999998181e+03 3.230129161899062687e-13
7.829999999999998181e+03 1.920204463983750163e-13
7.839999999999998181e+03 9.786866347995626359e-14
7.849999999999998181e+03 5.547552472052499655e-15
7.859999999999998181e+03 0.000000000000000000e+00
7.869999999999998181e+03 2.761601649108749926e-15
7.879999999999998181e+03 2.561724165416500199e-15
7.889999999999998181e+03 9.618032345110002894e-16
7.899999999999998181e+03 0.000000000000000000e+00
7.909999999999998181e+03 1.406391212360750017e-15
7.919999999999998181e+03 8.919480598700001626e-15
7.929999999999998181e+03 1.969680644115625367e-15
7.939999999999998181e+03 0.000000000000000000e+00
7.949999999999998181e+03 4.625664480937500731e-15
7.959999999999998181e+03 4.629910478090625526e-15
7.969999999999998181e+03 6.697517103847499997e-15
7.979999999999998181e+03 3.941629938557499802e-14
7.989999999999998181e+03 7.785191972669999679e-14
7.999999999999998181e+03 8.143307034519999367e-14
8.009999999999998181e+03 1.580866899747474023e-14
8.019999999999998181e+03 0.000000000000000000e+00
8.029999999999998181e+03 1.275815844200089767e-15
8.039999999999998181e+03 1.534925713845079096e-14
8.049999999999998181e+03 7.330755564302201604e-14
8.059999999999998181e+03 0.000000000000000000e+00
8.069999999999998181e+03 0.000000000000000000e+00
8.079999999999998181e+03 0.000000000000000000e+00
8.089999999999998181e+03 4.451581451539069701e-14
8.099999999999998181e+03 0.000000000000000000e+00
8.109999999999998181e+03 0.000000000000000000e+00
8.119999999999998181e+03 1.461936992646945778e-12
8.129999999999998181e+03 1.786653116628917511e-12
8.139999999999998181e+03 3.711877009538689393e-12
8.149999999999998181e+03 1.318600152213658449e-12
8.159999999999998181e+03 0.000000000000000000e+00
8.169999999999998181e+03 9.002723561329889632e-14
8.179999999999998181e+03 0.000000000000000000e+00
8.189999999999998181e+03 1.597767029736739176e-12
8.199999999999998181e+03 0.000000000000000000e+00
8.209999999999998181e+03 0.000000000000000000e+00
8.219999999999998181e+03 0.000000000000000000e+00
8.229999999999998181e+03 0.000000000000000000e+00
8.239999999999998181e+03 2.557022853823417788e-12
8.249999999999998181e+03 5.967229166973012414e-12
8.259999999999998181e+03 7.757821418395421001e-12
8.269999999999998181e+03 6.924758505625577972e-11
8.279999999999998181e+03 8.119414296041670655e-11
8.289999999999998181e+03 0.000000000000000000e+00
8.299999999999998181e+03 1.764563384293888984e-12
8.309999999999998181e+03 1.193039967416851703e-11
8.319999999999998181e+03 9.906127278892326605e-12
8.329999999999998181e+03 1.119858505380630210e-11
8.339999999999998181e+03 1.022087647220290729e-11
8.349999999999998181e+03 2.622239186311236081e-11
8.359999999999998181e+03 1.087945982151694567e-11
8.369999999999998181e+03 2.025532383890155290e-11
8.379999999999998181e+03 0.000000000000000000e+00
8.389999999999998181e+03 0.000000000000000000e+00
8.399999999999998181e+03 0.000000000000000000e+00
8.409999999999998181e+03 6.965414093767537041e-13
8.419999999999998181e+03 1.051058849707369661e-11
8.429999999999998181e+03 3.406912361437389468e-11
8.439999999999998181e+03 0.000000000000000000e+00
8.449999999999998181e+03 0.000000000000000000e+00
8.459999999999998181e+03 0.000000000000000000e+00
8.469999999999998181e+03 8.567390456769279240e-11
8.479999999999998181e+03 5.419271950397643679e-11
8.489999999999998181e+03 1.077766740702589256e-11
8.499999999999998181e+03 3.966415721111507074e-12
8.509999999999998181e+03 2.413223624481847443e-11
8.519999999999998181e+03 0.000000000000000000e+00
8.529999999999998181e+03 7.731368505870022943e-12
8.539999999999998181e+03 8.849273333345221855e-12
8.549999999999998181e+03 2.841185179365154529e-11
8.559999999999998181e+03 2.840393382493338480e-11
8.569999999999998181e+03 0.000000000000000000e+00
8.579999999999998181e+03 0.000000000000000000e+00
8.589999999999998181e+03 4.978014473079805694e-13
8.599999999999998181e+03 3.700039148683517951e-11
8.609999999999998181e+03 4.160466327078220124e-11
8.619999999999998181e+03 4.814416664070173474e-11
8.629999999999998181e+03 7.931723837618701071e-12
8.639999999999998181e+03 8.648571817616219938e-12
8.649999999999998181e+03 1.820791779832835943e-11
8.659999999999998181e+03 1.472714640480147109e-11
8.669999999999998181e+03 5.539124765712861034e-12
8.679999999999998181e+03 0.000000000000000000e+00
8.689999999999998181e+03 0.000000000000000000e+00
8.699999999999998181e+03 0.000000000000000000e+00
8.709999999999998181e+03 0.000000000000000000e+00
8.719999999999998181e+03 8.983652962863950673e-12
8.729999999999998181e+03 0.000000000000000000e+00
8.739999999999998181e+03 6.170299762804540130e-12
8.749999999999998181e+03 2.180128179227502650e-11
8.759999999999998181e+03 4.338929672097197155e-11
8.769999999999998181e+03 1.523436325905485090e-11
8.779999999999998181e+03 6.776525479159983205e-12
8.789999999999998181e+03 3.756394378988977946e-12
8.799999999999998181e+03 2.313668299373211488e-11
8.809999999999998181e+03 3.820450561338840070e-11
8.819999999999998181e+03 3.295978090564954145e-12
8.829999999999998181e+03 2.317183689470078996e-11
8.839999999999998181e+03 1.122431816129783730e-11
8.849999999999998181e+03 0.000000000000000000e+00
8.859999999999998181e+03 1.588083512816865511e-11
8.869999999999998181e+03 2.458515523690160703e-11
8.879999999999998181e+03 4.970862079164443290e-12
8.889999999999998181e+03 0.000000000000000000e+00
8.899999999999998181e+03 0.000000000000000000e+00
8.909999999999998181e+03 0.000000000000000000e+00
8.919999999999998181e+03 0.000000000000000000e+00
8.929999999999998181e+03 6.497717084878817553e-12
8.939999999999998181e+03 8.332734935185211675e-11
8.949999999999998181e+03 3.832599316229182691e-12
8.959999999999998181e+03 3.042050233690265889e-11
8.969999999999998181e+03 2.464156946348203310e-12
8.979999999999998181e+03 2.582695055432093165e-11
8.989999999999998181e+03 1.617122425397958962e-12
8.999999999999998181e+03 1.167041659681344292e-12
9.009999999999998181e+03 1.373351923401459835e-12
9.019999999999998181e+03 5.344818317187822034e-13
9.029999999999998181e+03 4.550615671333876534e-13
9.039999999999998181e+03 9.245603208901947645e-13
9.049999999999998181e+03 0.000000000000000000e+00
9.059999999999998181e+03 0.000000000000000000e+00
9.069999999999998181e+03 0.000000000000000000e+00
9.079999999999998181e+03 0.000000000000000000e+00
9.089999999999998181e+03 0.000000000000000000e+00
9.099999999999998181e+03 0.000000000000000000e+00
9.109999999999998181e+03 0.000000000000000000e+00
9.119999999999998181e+03 0.000000000000000000e+00
9.129999999999998181e+03 0.000000000000000000e+00
9.139999999999998181e+03 0.000000000000000000e+00
9.149999999999998181e+03 0.000000000000000000e+00
9.159999999999998181e+03 0.000000000000000000e+00
9.169999999999998181e+03 0.000000000000000000e+00
9.179999999999998181e+03 0.000000000000000000e+00
9.189999999999998181e+03 0.000000000000000000e+00
9.199999999999998181e+03 0.000000000000000000e+00
9.209999999999998181e+03 0.000000000000000000e+00
9.219999999999998181e+03 0.000000000000000000e+00
9.229999999999998181e+03 0.000000000000000000e+00
9.239999999999998181e+03 0.000000000000000000e+00
9.249999999999998181e+03 0.000000000000000000e+00
9.259999999999998181e+03 0.000000000000000000e+00
9.269999999999998181e+03 0.000000000000000000e+00
9.279999999999998181e+03 0.000000000000000000e+00
9.289999999999998181e+03 0.000000000000000000e+00
9.299999999999998181e+03 0.000000000000000000e+00
9.309999999999998181e+03 0.000000000000000000e+00
9.319999999999998181e+03 0.000000000000000000e+00
9.329999999999998181e+03 0.000000000000000000e+00
9.339999999999998181e+03 0.000000000000000000e+00
9.349999999999998181e+03 0.000000000000000000e+00
9.359999999999998181e+03 0.000000000000000000e+00
9.369999999999998181e+03 0.000000000000000000e+00
9.379999999999998181e+03 0.000000000000000000e+00
9.389999999999998181e+03 0.000000000000000000e+00
9.399999999999998181e+03 0.000000000000000000e+00
9.409999999999998181e+03 0.000000000000000000e+00
9.419999999999998181e+03 0.000000000000000000e+00
9.429999999999998181e+03 0.000000000000000000e+00
9.439999999999998181e+03 0.000000000000000000e+00
9.449999999999998181e+03 0.000000000000000000e+00
9.459999999999998181e+03 0.000000000000000000e+00
9.469999999999998181e+03 0.000000000000000000e+00
9.479999999999998181e+03 0.000000000000000000e+00
9.489999999999998181e+03 0.000000000000000000e+00
9.499999999999998181e+03 0.000000000000000000e+00
9.509999999999998181e+03 0.000000000000000000e+00
9.519999999999998181e+03 0.000000000000000000e+00
9.529999999999998181e+03 0.000000000000000000e+00
9.539999999999998181e+03 0.000000000000000000e+00
9.549999999999998181e+03 0.000000000000000000e+00
9.559999999999998181e+03 0.000000000000000000e+00
9.569999999999998181e+03 0.000000000000000000e+00
9.579999999999998181e+03 0.000000000000000000e+00
9.589999999999998181e+03 0.000000000000000000e+00
9.599999999999998181e+03 0.000000000000000000e+00
9.609999999999998181e+03 0.000000000000000000e+00
9.619999999999998181e+03 0.000000000000000000e+00
9.629999999999998181e+03 0.000000000000000000e+00
9.639999999999998181e+03 0.000000000000000000e+00
9.649999999999998181e+03 0.000000000000000000e+00
9.659999999999998181e+03 0.000000000000000000e+00
9.669999999999998181e+03 0.000000000000000000e+00
9.679999999999998181e+03 0.000000000000000000e+00
9.689999999999998181e+03 0.000000000000000000e+00
9.699999999999998181e+03 0.000000000000000000e+00
9.709999999999998181e+03 0.000000000000000000e+00
9.719999999999998181e+03 1.063066218419448487e-07
9.729999999999998181e+03 0.000000000000000000e+00
9.739999999999998181e+03 0.000000000000000000e+00
9.749999999999998181e+03 0.000000000000000000e+00
9.759999999999998181e+03 0.000000000000000000e+00
9.769999999999998181e+03 0.000000000000000000e+00
9.779999999999998181e+03 0.000000000000000000e+00
9.789999999999998181e+03 0.000000000000000000e+00
9.799999999999998181e+03 0.000000000000000000e+00
9.809999999999998181e+03 0.000000000000000000e+00
9.819999999999998181e+03 0.000000000000000000e+00
9.829999999999998181e+03 0.000000000000000000e+00
9.839999999999998181e+03 0.000000000000000000e+00
9.849999999999998181e+03 0.000000000000000000e+00
9.859999999999998181e+03 0.000000000000000000e+00
9.869999999999998181e+03 0.000000000000000000e+00
9.879999999999998181e+03 0.000000000000000000e+00
9.889999999999998181e+03 0.000000000000000000e+00
9.899999999999998181e+03 0.000000000000000000e+00
9.909999999999998181e+03 0.000000000000000000e+00
9.919999999999998181e+03 0.000000000000000000e+00
9.929999999999998181e+03 0.000000000000000000e+00
9.939999999999998181e+03 0.000000000000000000e+00
9.949999999999998181e+03 0.000000000000000000e+00
9.959999999999998181e+03 0.000000000000000000e+00
9.969999999999998181e+03 0.000000000000000000e+00
9.979999999999998181e+03 5.443139189859767444e-08
9.989999999999998181e+03 0.000000000000000000e+00
9.999999999999998181e+03 0.000000000000000000e+00
1.000999999999999818e+04 0.000000000000000000e+00
1.001999999999999818e+04 0.000000000000000000e+00
1.002999999999999818e+04 0.000000000000000000e+00
1.003999999999999818e+04 0.000000000000000000e+00
1.004999999999999818e+04 0.000000000000000000e+00
1.005999999999999818e+04 0.000000000000000000e+00
1.006999999999999818e+04 0.000000000000000000e+00
1.007999999999999818e+04 0.000000000000000000e+00
1.008999999999999818e+04 0.000000000000000000e+00
1.009999999999999818e+04 0.000000000000000000e+00
1.010999999999999818e+04 0.000000000000000000e+00
1.011999999999999818e+04 0.000000000000000000e+00
1.012999999999999818e+04 0.000000000000000000e+00
1.013999999999999818e+04 0.000000000000000000e+00
1.014999999999999818e+04 0.000000000000000000e+00
1.015999999999999818e+04 0.000000000000000000e+00
1.016999999999999818e+04 0.000000000000000000e+00
1.017999999999999818e+04 0.000000000000000000e+00
1.018999999999999818e+04 0.000000000000000000e+00
1.019999999999999818e+04 0.000000000000000000e+00
1.020999999999999818e+04 0.000000000000000000e+00
1.021999999999999818e+04 0.000000000000000000e+00
1.022999999999999818e+04 0.000000000000000000e+00
1.023999999999999818e+04 0.000000000000000000e+00
1.024999999999999818e+04 0.000000000000000000e+00
1.025999999999999818e+04 0.000000000000000000e+00
1.026999999999999818e+04 5.457431068683888905e-08
1.027999999999999818e+04 1.089750536249310502e-07
1.028999999999999818e+04 2.176837723284000990e-07
1.029999999999999818e+04 5.986218443214628886e-07
1.030999999999999818e+04 1.906957889419402583e-06
1.031999999999999818e+04 9.103425061711120701e-06
1.032999999999999818e+04 7.958921902546952742e-05
1.033999999999999818e+04 9.060723837639207961e-05
1.034999999999999818e+04 5.065223880643006371e-05
1.035999999999999818e+04 5.261287928499171093e-05
1.036999999999999818e+04 7.458860807546797381e-05
1.037999999999999818e+04 9.548550809963010340e-05
1.038999999999999818e+04 7.364204706421345853e-05
1.039999999999999818e+04 4.716051538803086641e-05
1.040999999999999818e+04 3.359861805983995348e-05
1.041999999999999818e+04 2.834991429622854602e-05
1.042999999999999818e+04 2.788750812239889899e-05
1.043999999999999818e+04 3.116623880132049387e-05
1.044999999999999818e+04 3.868813440333676015e-05
1.045999999999999818e+04 5.223701978220908899e-05
1.046999999999999818e+04 7.161893611625080457e-05
1.047999999999999818e+04 8.766871305535980875e-05
1.048999999999999818e+04 8.818923548406945123e-05
1.049999999999999818e+04 7.759842592108046652e-05
1.050999999999999818e+04 6.815469408058608114e-05
1.051999999999999818e+04 6.335466374507970851e-05
1.052999999999999818e+04 6.381309432621789135e-05
1.053999999999999818e+04 6.977711720637758499e-05
1.054999999999999818e+04 7.999081592138646934e-05
1.055999999999999818e+04 8.931945831743408359e-05
1.056999999999999818e+04 8.784486695203915093e-05
1.057999999999999818e+04 7.282529015823440257e-05
1.058999999999999818e+04 5.512908700242857715e-05
1.059999999999999818e+04 4.131757463753927114e-05
1.060999999999999818e+04 3.235793790270575154e-05
1.061999999999999818e+04 2.674522361971048572e-05
1.062999999999999818e+04 2.384281942604728622e-05
1.063999999999999818e+04 2.269595533329637653e-05
1.064999999999999818e+04 2.319810643620868343e-05
1.065999999999999818e+04 2.518001360203299226e-05
1.066999999999999818e+04 2.943919083210316852e-05
1.067999999999999818e+04 3.644253283033634528e-05
1.068999999999999818e+04 4.778766913241233577e-05
1.069999999999999818e+04 6.407930200015766369e-05
1.070999999999999818e+04 8.195483958479991219e-05
1.071999999999999818e+04 9.015013321165838821e-05
1.072999999999999818e+04 8.143987958538777857e-05
1.073999999999999818e+04 6.632428219459088000e-05
1.074999999999999818e+04 5.344352352014245547e-05
1.075999999999999818e+04 4.453159708665025497e-05
1.076999999999999818e+04 3.939882218396747185e-05
1.077999999999999818e+04 3.723817875032448362e-05
1.078999999999999818e+04 3.750260128343423099e-05
1.079999999999999818e+04 4.023174755970213099e-05
1.080999999999999818e+04 4.568120299090108451e-05
1.081999999999999818e+04 5.481323126642521850e-05
1.082999999999999818e+04 6.712179123965803201e-05
1.083999999999999818e+04 8.074533012726246818e-05
1.084999999999999818e+04 8.870151348213578849e-05
1.085999999999999818e+04 8.429708240905624608e-05
1.086999999999999818e+04 7.058158365804777614e-05
1.087999999999999818e+04 5.568584315554120118e-05
1.088999999999999818e+04 4.421179742913837452e-05
1.089999999999999818e+04 3.625250974340270494e-05
1.090999999999999818e+04 3.130993781286930082e-05
1.091999999999999818e+04 2.807016300890259730e-05
1.092999999999999818e+04 2.666198328896430742e-05
1.093999999999999818e+04 2.643974539442707529e-05
1.094999999999999818e+04 2.742196075391509504e-05
1.095999999999999818e+04 2.996770094293133523e-05
1.096999999999999818e+04 3.417662333202508765e-05
1.097999999999999818e+04 4.059941278291799696e-05
1.098999999999999818e+04 4.990676798299145011e-05
1.099999999999999818e+04 6.167419735840799690e-05
1.100999999999999818e+04 7.470139219776740145e-05
1.101999999999999818e+04 8.378578802779558998e-05
1.102999999999999818e+04 8.333282841650036356e-05
1.103999999999999818e+04 7.389092221093007012e-05
1.104999999999999818e+04 6.147072085213075969e-05
1.105999999999999818e+04 5.016700597491506407e-05
1.106999999999999818e+04 4.158574512173331909e-05
1.107999999999999818e+04 3.538941763457872399e-05
1.108999999999999818e+04 3.117890893228964839e-05
1.109999999999999818e+04 2.838684007402732205e-05
1.110999999999999818e+04 2.666218361589346882e-05
1.111999999999999818e+04 2.583705896629050937e-05
1.112999999999999818e+04 2.581846059017789448e-05
1.113999999999999818e+04 2.640789437397276975e-05
1.114999999999999818e+04 2.766035836789699918e-05
1.115999999999999818e+04 2.971674413148663198e-05
1.116999999999999818e+04 3.248454617515512044e-05
1.117999999999999818e+04 3.609870779812403800e-05
1.118999999999999818e+04 4.067912171234364197e-05
1.119999999999999818e+04 4.633074661011874596e-05
1.120999999999999818e+04 5.297732548345123767e-05
1.121999999999999818e+04 6.021468085068995096e-05
1.122999999999999818e+04 6.778794537728550856e-05
1.123999999999999818e+04 7.499369122408529906e-05
1.124999999999999818e+04 8.081480849182744403e-05
1.125999999999999818e+04 8.472299835963990606e-05
1.126999999999999818e+04 8.624231365980858084e-05
1.127999999999999818e+04 8.567673537601923144e-05
1.128999999999999818e+04 8.380030113352319131e-05
1.129999999999999818e+04 8.106826871249766424e-05
1.130999999999999818e+04 7.833328466809159982e-05
1.131999999999999818e+04 7.575387396134307860e-05
1.132999999999999818e+04 7.388172251423503849e-05
1.133999999999999818e+04 7.237799991540094173e-05
1.134999999999999818e+04 7.180555123418443195e-05
1.135999999999999818e+04 7.194813530611847852e-05
1.136999999999999818e+04 7.266137076730454117e-05
1.137999999999999818e+04 7.416254726720418217e-05
1.138999999999999818e+04 7.604191421204722359e-05
1.139999999999999818e+04 7.825986591797292919e-05
1.140999999999999818e+04 8.076573954338477307e-05
1.141999999999999818e+04 8.296793063758875464e-05
1.142999999999999818e+04 8.474727835796194502e-05
1.143999999999999818e+04 8.596883486037523638e-05
1.144999999999999818e+04 8.634439899491329286e-05
1.145999999999999818e+04 8.604992682380977246e-05
1.146999999999999818e+04 8.510642206788226636e-05
1.147999999999999818e+04 8.375106083759057199e-05
1.148999999999999818e+04 8.228501253299061186e-05
1.149999999999999818e+04 8.092656909335127805e-05
1.150999999999999818e+04 7.995162190124871352e-05
1.151999999999999818e+04 7.931685612508675512e-05
1.152999999999999818e+04 7.914870313713462553e-05
1.153999999999999818e+04 7.955115749244792743e-05
1.154999999999999818e+04 8.039213553393159716e-05
1.155999999999999818e+04 8.165343732714560611e-05
1.156999999999999818e+04 8.322117732906830789e-05
1.157999999999999818e+04 8.492181785826049482e-05
1.158999999999999818e+04 8.640339565627283319e-05
1.159999999999999818e+04 8.759062783995371195e-05
1.160999999999999818e+04 8.821092804455519609e-05
1.161999999999999818e+04 8.824977643625939075e-05
1.162999999999999818e+04 8.770800646551834136e-05
1.163999999999999818e+04 8.657943595691687359e-05
1.164999999999999818e+04 8.515587421111205015e-05
1.165999999999999818e+04 8.359074129886036742e-05
1.166999999999999818e+04 8.201441203842035552e-05
1.167999999999999818e+04 8.071946856465383080e-05
1.168999999999999818e+04 7.968486438993344165e-05
1.169999999999999818e+04 7.919161145771632260e-05
1.170999999999999818e+04 7.912358807684420083e-05
1.171999999999999818e+04 7.954839205234663310e-05
1.172999999999999818e+04 8.044177936960478020e-05
1.173999999999999818e+04 8.162711612242486375e-05
1.174999999999999818e+04 8.321471227514959390e-05
1.175999999999999818e+04 8.479930454703953633e-05
1.176999999999999818e+04 8.611094754053301588e-05
1.177999999999999818e+04 8.727121903084463449e-05
1.178999999999999818e+04 8.802075965974395116e-05
1.179999999999999818e+04 8.831933130984302379e-05
1.180999999999999818e+04 8.793447572433980613e-05
1.181999999999999818e+04 8.706756029216552637e-05
1.182999999999999818e+04 8.604013529493012189e-05
1.183999999999999818e+04 8.477711053751125104e-05
1.184999999999999818e+04 8.366311470985777099e-05
1.185999999999999818e+04 8.273337949583731111e-05
1.186999999999999818e+04 8.215970937130481733e-05
1.187999999999999818e+04 8.197629645654728797e-05
1.188999999999999818e+04 8.226945667529859127e-05
1.189999999999999818e+04 8.310332423687124583e-05
1.190999999999999818e+04 8.445008398018727185e-05
1.191999999999999818e+04 8.599391183635693740e-05
1.192999999999999818e+04 8.751327043106511513e-05
1.193999999999999818e+04 8.867569284737228917e-05
1.194999999999999818e+04 8.924120395715297348e-05
1.195999999999999818e+04 8.866079853756407060e-05
1.196999999999999818e+04 8.660406037410758190e-05
1.197999999999999818e+04 8.293339435678443784e-05
1.198999999999999818e+04 7.796706554411724681e-05
1.199999999999999818e+04 7.190408962691058347e-05
1.200999999999999818e+04 6.534106366529917123e-05
1.201999999999999818e+04 5.870427092728423439e-05
1.202999999999999818e+04 5.256155033360977919e-05
1.203999999999999818e+04 4.697965522822177605e-05
1.204999999999999818e+04 4.213566403408860241e-05
1.205999999999999818e+04 3.802137025178841030e-05
1.206999999999999818e+04 3.454361557083220676e-05
1.207999999999999818e+04 3.169457432991068844e-05
1.208999999999999818e+04 2.941226662479396513e-05
1.209999999999999818e+04 2.764567175437914305e-05
1.210999999999999818e+04 2.627491458864141292e-05
1.211999999999999818e+04 2.533937639947800150e-05
1.212999999999999818e+04 2.471644861851559507e-05
1.213999999999999818e+04 2.448728550394209353e-05
1.214999999999999818e+04 2.455884595773385407e-05
1.215999999999999818e+04 2.504364233171356571e-05
1.216999999999999818e+04 2.593247496540998769e-05
1.217999999999999818e+04 2.723541196894007396e-05
1.218999999999999818e+04 2.900140733682470028e-05
1.219999999999999818e+04 3.140637967625648251e-05
1.220999999999999818e+04 3.448901960445605356e-05
1.221999999999999818e+04 3.847931995108779522e-05
1.222999999999999818e+04 4.345590109730227405e-05
1.223999999999999818e+04 4.970905293141532170e-05
1.224999999999999818e+04 5.723687898367405322e-05
1.225999999999999818e+04 6.578843880341424613e-05
1.226999999999999818e+04 7.500410073328701616e-05
1.227999999999999818e+04 8.366205147048759385e-05
1.228999999999999818e+04 9.030923057538272649e-05
1.229999999999999818e+04 9.343081020017489932e-05
1.230999999999999818e+04 9.248153615132435770e-05
1.231999999999999818e+04 8.809384132800971302e-05
1.232999999999999818e+04 8.177360381563099042e-05
1.233999999999999818e+04 7.476855118965496658e-05
1.234999999999999818e+04 6.824769856639586313e-05
1.235999999999999818e+04 6.253620387034073346e-05
1.236999999999999818e+04 5.793545588555538712e-05
1.237999999999999818e+04 5.449853245369243668e-05
1.238999999999999818e+04 5.208851805293192609e-05
1.239999999999999818e+04 5.060802201081416533e-05
1.240999999999999818e+04 5.002609027472667760e-05
1.241999999999999818e+04 5.038443816413512620e-05
1.242999999999999818e+04 5.154286699706160256e-05
1.243999999999999818e+04 5.352168771937688686e-05
1.244999999999999818e+04 5.645806064201203556e-05
1.245999999999999818e+04 6.028449991375512079e-05
1.246999999999999818e+04 6.491675611817172256e-05
1.247999999999999818e+04 7.018165385403651792e-05
1.248999999999999818e+04 7.597940125254613506e-05
1.249999999999999818e+04 8.157665037411737424e-05
1.250999999999999818e+04 8.634365291453664174e-05
1.251999999999999818e+04 8.959923174899635690e-05
1.252999999999999818e+04 9.071552901830386877e-05
1.253999999999999818e+04 8.947853989015104484e-05
1.254999999999999818e+04 8.619031800632723076e-05
1.255999999999999818e+04 8.173773455396339787e-05
1.256999999999999818e+04 7.668535040590909735e-05
1.257999999999999818e+04 7.162640506240354932e-05
1.258999999999999818e+04 6.701880280246697442e-05
1.259999999999999818e+04 6.306185317742168093e-05
1.260999999999999818e+04 5.999081627968765550e-05
1.261999999999999818e+04 5.767550427064965047e-05
1.262999999999999818e+04 5.609953679179024343e-05
1.263999999999999818e+04 5.536575033318734288e-05
1.264999999999999818e+04 5.520049442373066933e-05
1.265999999999999818e+04 5.596178508448995328e-05
1.266999999999999818e+04 5.731746664958580812e-05
1.267999999999999818e+04 5.935148487501055265e-05
1.268999999999999818e+04 6.215910975184736620e-05
1.269999999999999818e+04 6.554961468614190357e-05
1.270999999999999818e+04 6.950355289228435276e-05
1.271999999999999818e+04 7.386627750088946894e-05
1.272999999999999818e+04 7.839597517381890384e-05
1.273999999999999818e+04 8.276510785150954070e-05
1.274999999999999818e+04 8.657055972540410706e-05
1.275999999999999818e+04 8.941797250289929705e-05
1.276999999999999818e+04 9.101459455173795414e-05
1.277999999999999818e+04 9.133553043494282812e-05
1.278999999999999818e+04 9.044872479763945339e-05
1.279999999999999818e+04 8.854262372887175406e-05
1.280999999999999818e+04 8.623532227154998529e-05
1.281999999999999818e+04 8.343283760209492528e-05
1.282999999999999818e+04 8.076210256939035594e-05
1.283999999999999818e+04 7.835982771255744291e-05
1.284999999999999818e+04 7.640683111636004641e-05
1.285999999999999818e+04 7.491680984906561491e-05
1.286999999999999818e+04 7.408947301430199089e-05
1.287999999999999818e+04 7.377903519683462279e-05
1.288999999999999818e+04 7.406817390350975286e-05
1.289999999999999818e+04 7.486071741427459153e-05
1.290999999999999818e+04 7.608858675223788206e-05
1.291999999999999818e+04 7.793467804966890502e-05
1.292999999999999818e+04 8.003303623674194397e-05
1.293999999999999818e+04 8.223224227644651237e-05
1.294999999999999818e+04 8.442506134253477651e-05
1.295999999999999818e+04 8.640284539120726443e-05
1.296999999999999818e+04 8.790241508815326151e-05
1.297999999999999818e+04 8.903032168243747561e-05
1.298999999999999818e+04 8.941171743917255253e-05
1.299999999999999818e+04 8.906971796364373444e-05
1.300999999999999818e+04 8.808362930678278124e-05
1.301999999999999818e+04 8.656569105227095780e-05
1.302999999999999818e+04 8.475839304343290085e-05
1.303999999999999818e+04 8.279581761592328477e-05
1.304999999999999818e+04 8.079832324589498408e-05
1.305999999999999818e+04 7.907249419271286618e-05
1.306999999999999818e+04 7.759282575399867885e-05
1.307999999999999818e+04 7.641047844260680341e-05
1.308999999999999818e+04 7.572388080099682901e-05
1.309999999999999818e+04 7.549499885614642807e-05
1.310999999999999818e+04 7.580205516111736318e-05
1.311999999999999818e+04 7.656152147607163524e-05
1.312999999999999818e+04 7.782529927584783179e-05
1.313999999999999818e+04 7.949393374222280299e-05
1.314999999999999818e+04 8.158128487960573537e-05
1.315999999999999818e+04 8.387606788983086362e-05
1.316999999999999818e+04 8.643693896994148319e-05
1.317999999999999818e+04 8.872212401255643113e-05
1.318999999999999818e+04 9.080523577515992994e-05
1.319999999999999818e+04 9.238451720456853581e-05
1.320999999999999818e+04 9.311039930824102162e-05
1.321999999999999818e+04 9.286426123962204077e-05
1.322999999999999818e+04 9.169480969126019975e-05
1.323999999999999818e+04 8.951956111466824657e-05
1.324999999999999818e+04 8.665306565188858720e-05
1.325999999999999818e+04 8.292722837268710835e-05
1.326999999999999818e+04 7.897082754089329863e-05
1.327999999999999818e+04 7.502096647488911590e-05
1.328999999999999818e+04 7.097111221295647845e-05
1.329999999999999818e+04 6.720268421245925727e-05
1.330999999999999818e+04 6.377433607249074869e-05
1.331999999999999818e+04 6.081559533082536744e-05
1.332999999999999818e+04 5.815862462693594361e-05
1.333999999999999818e+04 5.597209407358760944e-05
1.334999999999999818e+04 5.422097404665850867e-05
1.335999999999999818e+04 5.289223104859232830e-05
1.336999999999999818e+04 5.186279836200803308e-05
1.337999999999999818e+04 5.132624435055038265e-05
1.338999999999999818e+04 5.118651009910133283e-05
1.339999999999999818e+04 5.138260380747674562e-05
1.340999999999999818e+04 5.189719226272236597e-05
1.341999999999999818e+04 5.294248810014945948e-05
1.342999999999999818e+04 5.431305959556872776e-05
1.343999999999999818e+04 5.617069087439101376e-05
1.344999999999999818e+04 5.841751861792813659e-05
1.345999999999999818e+04 6.097937564462494375e-05
1.346999999999999818e+04 6.416965559574537700e-05
1.347999999999999818e+04 6.762072006750355477e-05
1.348999999999999818e+04 7.151469083587482726e-05
1.349999999999999818e+04 7.557570000326795014e-05
1.350999999999999818e+04 7.969488252259029795e-05
1.351999999999999818e+04 8.362067606966399930e-05
1.352999999999999818e+04 8.708236610246010575e-05
1.353999999999999818e+04 8.938389590318121243e-05
1.354999999999999818e+04 9.040298680865930202e-05
1.355999999999999818e+04 8.975561692080885503e-05
1.356999999999999818e+04 8.761106788237196330e-05
1.357999999999999818e+04 8.384941805480834406e-05
1.358999999999999818e+04 7.892877870799175247e-05
1.359999999999999818e+04 7.322739399033155244e-05
1.360999999999999818e+04 6.702556726042529459e-05
1.361999999999999818e+04 6.099591425898077919e-05
1.362999999999999818e+04 5.512334850824394527e-05
1.363999999999999818e+04 4.985514158496426893e-05
1.364999999999999818e+04 4.499686594826703221e-05
1.365999999999999818e+04 4.074728145820857487e-05
1.366999999999999818e+04 3.696236759970688229e-05
1.367999999999999818e+04 3.365336672938435249e-05
1.368999999999999818e+04 3.083829339958569225e-05
1.369999999999999818e+04 2.828692590197702709e-05
1.370999999999999818e+04 2.603101419903769279e-05
1.371999999999999818e+04 2.409553520158521427e-05
1.372999999999999818e+04 2.247982508360341181e-05
1.373999999999999818e+04 2.098527102357400213e-05
1.374999999999999818e+04 1.975697399777995674e-05
1.375999999999999818e+04 1.877674064183216718e-05
1.376999999999999818e+04 1.793017420383297177e-05
1.377999999999999818e+04 1.723280575081389648e-05
1.378999999999999818e+04 1.679059607308444607e-05
1.379999999999999818e+04 1.642562919182206287e-05
1.380999999999999818e+04 1.619876672211569455e-05
1.381999999999999818e+04 1.615239224783802482e-05
1.382999999999999818e+04 1.620640374304841734e-05
1.383999999999999818e+04 1.643663576881510959e-05
1.384999999999999818e+04 1.674618909816246083e-05
1.385999999999999818e+04 1.720770634431570246e-05
1.386999999999999818e+04 1.779676480635319753e-05
1.387999999999999818e+04 1.849696901983474467e-05
1.388999999999999818e+04 1.937164186733532901e-05
1.389999999999999818e+04 2.039226701135498924e-05
1.390999999999999818e+04 2.161936373670843105e-05
1.391999999999999818e+04 2.300007741332390999e-05
1.392999999999999818e+04 2.458315793140123138e-05
1.393999999999999818e+04 2.645198610128598590e-05
1.394999999999999818e+04 2.853873905099866626e-05
1.395999999999999818e+04 3.092256167890518207e-05
1.396999999999999818e+04 3.357531569404868468e-05
1.397999999999999818e+04 3.663158103794054179e-05
1.398999999999999818e+04 3.996037055361361491e-05
1.399999999999999818e+04 4.370781630577871672e-05
1.400999999999999818e+04 4.771431261332470308e-05
1.401999999999999818e+04 5.198607389089961774e-05
1.402999999999999818e+04 5.654471627111646735e-05
1.403999999999999818e+04 6.121915642576709904e-05
1.404999999999999818e+04 6.578773324831811405e-05
1.405999999999999818e+04 7.017503652072418707e-05
1.406999999999999818e+04 7.428733698387497003e-05
1.407999999999999818e+04 7.778613724950744432e-05
1.408999999999999818e+04 8.051234070773253897e-05
1.409999999999999818e+04 8.244414450624632320e-05
1.410999999999999818e+04 8.353740532204943922e-05
1.411999999999999818e+04 8.383698947605491229e-05
1.412999999999999818e+04 8.341592522125754574e-05
1.413999999999999818e+04 8.229527744648788693e-05
1.414999999999999818e+04 8.085838556426323289e-05
1.415999999999999818e+04 7.898404394592536417e-05
1.416999999999999818e+04 7.701057380682893876e-05
1.417999999999999818e+04 7.489601722865763748e-05
1.418999999999999818e+04 7.279775331862679908e-05
1.419999999999999818e+04 7.067881423732345631e-05
1.420999999999999818e+04 6.868468039955795206e-05
1.421999999999999818e+04 6.682776156365323385e-05
1.422999999999999818e+04 6.515387728370583553e-05
1.423999999999999818e+04 6.366482625028025018e-05
1.424999999999999818e+04 6.233920071507233023e-05
1.425999999999999818e+04 6.132246225212924045e-05
1.426999999999999818e+04 6.048372234048341112e-05
1.427999999999999818e+04 5.976278014730561106e-05
1.428999999999999818e+04 5.921284792956641314e-05
1.429999999999999818e+04 5.881536079320053733e-05
1.430999999999999818e+04 5.871167469770189706e-05
1.431999999999999818e+04 5.876677185829986969e-05
1.432999999999999818e+04 5.898173954158055209e-05
1.433999999999999818e+04 5.942447787114816881e-05
1.434999999999999818e+04 5.989883619462417144e-05
1.435999999999999818e+04 6.071115088279670333e-05
1.436999999999999818e+04 6.165464632032910061e-05
1.437999999999999818e+04 6.264651204511688821e-05
1.438999999999999818e+04 6.386594543854345234e-05
1.439999999999999818e+04 6.525464967248041344e-05
1.440999999999999818e+04 6.670428933794203693e-05
1.441999999999999818e+04 6.836292317893557992e-05
1.442999999999999818e+04 6.998773672955395581e-05
1.443999999999999818e+04 7.174788915277047056e-05
1.444999999999999818e+04 7.347263977274307413e-05
1.445999999999999818e+04 7.524226321163617092e-05
1.446999999999999818e+04 7.698577762056311134e-05
1.447999999999999818e+04 7.862553949911733680e-05
1.448999999999999818e+04 8.007912986803200845e-05
1.449999999999999818e+04 8.139482379773662409e-05
1.450999999999999818e+04 8.255726814881139903e-05
1.451999999999999818e+04 8.343287915965106835e-05
1.452999999999999818e+04 8.409083115531996002e-05
1.453999999999999818e+04 8.451114238710695167e-05
1.454999999999999818e+04 8.467709547765933707e-05
1.455999999999999818e+04 8.460311364517164535e-05
1.456999999999999818e+04 8.432234547028407692e-05
1.457999999999999818e+04 8.401363728971821346e-05
1.458999999999999818e+04 8.351119450712933664e-05
1.459999999999999818e+04 8.296438193492989101e-05
1.460999999999999818e+04 8.236981257258905954e-05
1.461999999999999818e+04 8.169645250456144820e-05
1.462999999999999818e+04 8.121024800895850686e-05
1.463999999999999818e+04 8.076409370461729541e-05
1.464999999999999818e+04 8.041046763488140430e-05
1.465999999999999818e+04 8.025922655104084482e-05
1.466999999999999818e+04 8.022452931094710621e-05
1.467999999999999818e+04 8.043431880336536228e-05
1.468999999999999818e+04 8.089681297925826033e-05
1.469999999999999818e+04 8.160942999085994568e-05
1.470999999999999818e+04 8.255856103235623773e-05
1.471999999999999818e+04 8.388042416372403149e-05
1.472999999999999818e+04 8.545540544055717268e-05
1.473999999999999818e+04 8.743363142628635338e-05
1.474999999999999818e+04 8.987039447451573404e-05
1.475999999999999818e+04 9.276653591952072856e-05
1.476999999999999818e+04 9.608122698258164641e-05
1.477999999999999818e+04 9.990372348545484976e-05
1.478999999999999818e+04 1.042695691100235935e-04
1.479999999999999818e+04 1.094691174965190162e-04
1.480999999999999818e+04 1.154164924631835077e-04
1.481999999999999818e+04 1.220968154776889340e-04
1.482999999999999818e+04 1.299183553026478160e-04
1.483999999999999818e+04 1.390286859947021487e-04
1.484999999999999818e+04 1.491116380356918283e-04
1.485999999999999818e+04 1.609257147008203576e-04
1.486999999999999818e+04 1.743510617954405618e-04
1.487999999999999818e+04 1.897640145344823767e-04
1.488999999999999818e+04 2.078242426152479138e-04
1.489999999999999818e+04 2.287877308461443355e-04
1.490999999999999818e+04 2.530768091754226042e-04
1.491999999999999818e+04 2.811061387639100730e-04
1.492999999999999818e+04 3.141479298080953990e-04
1.493999999999999818e+04 3.529910830456615294e-04
1.494999999999999818e+04 3.987829809009443773e-04
1.495999999999999818e+04 4.532032013076135952e-04
1.496999999999999818e+04 5.176782313729452571e-04
1.497999999999999818e+04 5.947362874518690628e-04
1.498999999999999818e+04 6.882469417010167500e-04
1.499999999999999818e+04 7.997500075527941158e-04
1.500999999999999818e+04 9.364894469468679553e-04
1.501999999999999818e+04 1.104096839865988545e-03
1.502999999999999818e+04 1.309363218605043159e-03
1.503999999999999818e+04 1.563211774974765898e-03
1.504999999999999818e+04 1.882017986525751215e-03
1.505999999999999818e+04 2.282801912250788032e-03
1.506999999999999818e+04 2.786623437573152416e-03
1.507999999999999818e+04 3.431531861167489567e-03
1.508999999999999818e+04 4.262562450301791636e-03
1.509999999999999818e+04 5.344395595389568425e-03
1.510999999999999818e+04 6.753015259626644201e-03
1.511999999999999818e+04 8.625041700822391397e-03
1.512999999999999818e+04 1.112001809584685710e-02
1.513999999999999818e+04 1.449297770431041271e-02
1.514999999999999818e+04 1.908382353633844911e-02
1.515999999999999818e+04 2.538214181550264847e-02
1.516999999999999818e+04 3.413510429629454390e-02
1.517999999999999818e+04 4.635717784607000513e-02
1.518999999999999818e+04 6.349410517939650667e-02
1.519999999999999818e+04 8.728668119769686373e-02
1.520999999999999818e+04 1.201100261539285591e-01
1.521999999999999818e+04 1.646960161130661127e-01
1.522999999999999818e+04 2.212777077329033393e-01
1.523999999999999818e+04 2.890017059981932479e-01
1.524999999999999818e+04 3.618973533177777258e-01
1.525999999999999818e+04 4.300379242376521360e-01
1.526999999999999818e+04 4.855751980063777729e-01
1.527999999999999818e+04 5.231220440603785438e-01
1.528999999999999818e+04 5.451181510235241223e-01
1.529999999999999818e+04 5.550222055720134273e-01
1.530999999999999818e+04 5.578964066730519589e-01
1.531999999999999818e+04 5.580943793419141929e-01
1.532999999999999818e+04 5.575807018168819074e-01
1.533999999999999818e+04 5.557788242453037819e-01
1.534999999999999818e+04 5.553229564717765410e-01
1.535999999999999636e+04 5.555592425669541035e-01
1.536999999999999636e+04 5.557598006190740403e-01
1.537999999999999636e+04 5.562507349684027158e-01
1.538999999999999636e+04 5.574014670193867538e-01
1.539999999999999636e+04 5.570262423408078867e-01
1.540999999999999636e+04 5.581434692525641950e-01
1.541999999999999636e+04 5.572189193560983522e-01
1.542999999999999636e+04 5.569754861396045698e-01
1.543999999999999636e+04 5.565342401719186594e-01
1.544999999999999636e+04 5.560896913599233660e-01
1.545999999999999636e+04 5.557771678838130391e-01
1.546999999999999636e+04 5.555783059531478330e-01
1.547999999999999636e+04 5.544663180652862344e-01
1.548999999999999636e+04 5.547961661467932792e-01
1.549999999999999636e+04 5.546054197484987514e-01
1.550999999999999636e+04 5.551630985031094090e-01
1.551999999999999636e+04 5.549131995347263979e-01
1.552999999999999636e+04 5.561869803132767354e-01
1.553999999999999636e+04 5.565224610704337938e-01
1.554999999999999636e+04 5.564908890499447036e-01
1.555999999999999636e+04 5.565522425113140770e-01
1.556999999999999636e+04 5.572693688779548626e-01
1.557999999999999636e+04 5.578438086969703669e-01
1.558999999999999636e+04 5.579017832525834386e-01
1.559999999999999636e+04 5.576619874108167396e-01
1.560999999999999636e+04 5.573026851211624333e-01
1.561999999999999636e+04 5.566525944830872374e-01
1.562999999999999636e+04 5.563618502256806320e-01
1.563999999999999636e+04 5.560565744724375037e-01
1.564999999999999636e+04 5.555657244982882270e-01
1.565999999999999636e+04 5.554989087914905532e-01
1.566999999999999636e+04 5.547223212916627677e-01
1.567999999999999636e+04 5.543192857278614882e-01
1.568999999999999636e+04 5.546042991083407481e-01
1.569999999999999636e+04 5.545505034728370752e-01
1.570999999999999636e+04 5.549732310093177245e-01
1.571999999999999636e+04 5.550375365604934830e-01
1.572999999999999636e+04 5.553394899184639355e-01
1.573999999999999636e+04 5.557925672073918966e-01
1.574999999999999636e+04 5.560571966354856954e-01
1.575999999999999636e+04 5.562149748043553332e-01
1.576999999999999636e+04 5.569041785820849633e-01
1.577999999999999636e+04 5.574825113962120771e-01
1.578999999999999636e+04 5.572630074754139073e-01
1.579999999999999636e+04 5.572363023147304251e-01
1.580999999999999636e+04 5.576687891868079561e-01
1.581999999999999636e+04 5.569007107862209427e-01
1.582999999999999636e+04 5.562487591264064779e-01
1.583999999999999636e+04 5.564349311379516161e-01
1.584999999999999636e+04 5.562992882576877074e-01
1.585999999999999636e+04 5.561492820398722392e-01
1.586999999999999636e+04 5.554738492004804851e-01
1.587999999999999636e+04 5.549669742247822501e-01
1.588999999999999636e+04 5.547183782045278511e-01
1.589999999999999636e+04 5.537293574066397550e-01
1.590999999999999636e+04 5.537653407450798815e-01
1.591999999999999636e+04 5.532977727752314001e-01
1.592999999999999636e+04 5.530789344585488321e-01
1.593999999999999636e+04 5.528501700065343583e-01
1.594999999999999636e+04 5.524228831649105054e-01
1.595999999999999636e+04 5.523572768948492584e-01
1.596999999999999636e+04 5.523696707373667580e-01
1.597999999999999636e+04 5.525021931215851057e-01
1.598999999999999636e+04 5.528173429707601283e-01
1.599999999999999636e+04 5.526582957246407579e-01
1.600999999999999636e+04 5.527157954676671370e-01
1.601999999999999636e+04 5.525125285445507961e-01
1.602999999999999636e+04 5.523699776982687881e-01
1.603999999999999636e+04 5.526388115083977759e-01
1.604999999999999636e+04 5.527235914020404151e-01
1.605999999999999636e+04 5.524851587556136590e-01
1.606999999999999636e+04 5.518624239590499414e-01
1.607999999999999636e+04 5.516248934773243517e-01
1.608999999999999636e+04 5.513209739041002866e-01
1.609999999999999636e+04 5.509425088801174208e-01
1.610999999999999636e+04 5.504665363159931823e-01
1.611999999999999636e+04 5.499085031233243992e-01
1.612999999999999636e+04 5.492867975370281375e-01
1.613999999999999636e+04 5.488159946931961963e-01
1.614999999999999636e+04 5.483831691989102808e-01
1.615999999999999636e+04 5.485067081988080906e-01
1.616999999999999636e+04 5.483209893031224524e-01
1.617999999999999636e+04 5.478876548702409366e-01
1.618999999999999636e+04 5.474181581765457105e-01
1.619999999999999636e+04 5.474266885586984710e-01
1.620999999999999636e+04 5.476506019276702331e-01
1.621999999999999636e+04 5.467197611665374213e-01
1.622999999999999636e+04 5.462353486423799920e-01
1.623999999999999636e+04 5.471913253868387894e-01
1.624999999999999636e+04 5.472732512151171624e-01
1.625999999999999636e+04 5.472716595153530594e-01
1.626999999999999636e+04 5.470567494682558873e-01
1.627999999999999636e+04 5.471716680002254307e-01
1.628999999999999636e+04 5.475731607832726722e-01
1.629999999999999636e+04 5.472680161633812768e-01
1.630999999999999636e+04 5.477304599801743334e-01
1.631999999999999636e+04 5.475935942411616075e-01
1.632999999999999636e+04 5.469996448471643458e-01
1.633999999999999636e+04 5.464921853921678174e-01
1.634999999999999636e+04 5.463764580098702250e-01
1.635999999999999636e+04 5.459334137544933352e-01
1.636999999999999636e+04 5.455260306538474158e-01
1.637999999999999636e+04 5.452544432327769419e-01
1.638999999999999636e+04 5.450074263938192720e-01
1.639999999999999636e+04 5.446474729480493826e-01
1.640999999999999636e+04 5.442762799154775566e-01
1.641999999999999636e+04 5.434996661818244368e-01
1.642999999999999636e+04 5.434251064234791873e-01
1.643999999999999636e+04 5.431864752969065568e-01
1.644999999999999636e+04 5.435918545609395025e-01
1.645999999999999636e+04 5.429672089831657500e-01
1.646999999999999636e+04 5.427855413428976927e-01
1.647999999999999636e+04 5.432547498446871348e-01
1.648999999999999636e+04 5.431362626193626530e-01
1.649999999999999636e+04 5.432954611021015845e-01
1.650999999999999636e+04 5.435065308961244401e-01
1.651999999999999636e+04 5.435442482322748736e-01
1.652999999999999636e+04 5.433002652838334612e-01
1.653999999999999636e+04 5.443910520270301978e-01
1.654999999999999636e+04 5.447446079702227273e-01
1.655999999999999636e+04 5.448382273921428265e-01
1.656999999999999636e+04 5.449229456908717406e-01
1.657999999999999636e+04 5.454904740372678029e-01
1.658999999999999636e+04 5.458528013233389098e-01
1.659999999999999636e+04 5.458919428450302869e-01
1.660999999999999636e+04 5.464007784790920752e-01
1.661999999999999636e+04 5.466338479972774334e-01
1.662999999999999636e+04 5.463527851039692296e-01
1.663999999999999636e+04 5.465766998274418365e-01
1.664999999999999636e+04 5.464829810429916446e-01
1.665999999999999636e+04 5.464317733726847814e-01
1.666999999999999636e+04 5.463519781866207348e-01
1.667999999999999636e+04 5.463807671515169551e-01
1.668999999999999636e+04 5.463596566546321531e-01
1.669999999999999636e+04 5.460825160828894909e-01
1.670999999999999636e+04 5.456493574498646471e-01
1.671999999999999636e+04 5.455470784165059595e-01
1.672999999999999636e+04 5.456920787732830735e-01
1.673999999999999636e+04 5.452510995392304549e-01
1.674999999999999636e+04 5.449612296780450560e-01
1.675999999999999636e+04 5.451720852288660657e-01
1.676999999999999636e+04 5.449898381585298601e-01
1.677999999999999636e+04 5.449448774963570052e-01
1.678999999999999636e+04 5.449793237538418378e-01
1.679999999999999636e+04 5.448928194885950260e-01
1.680999999999999636e+04 5.449683047933568947e-01
1.681999999999999636e+04 5.451241716501435963e-01
1.682999999999999636e+04 5.456048970268492226e-01
1.683999999999999636e+04 5.459640737206289396e-01
1.684999999999999636e+04 5.463689408723034768e-01
1.685999999999999636e+04 5.466220825038370368e-01
1.686999999999999636e+04 5.466859591754423819e-01
1.687999999999999636e+04 5.469618341693069929e-01
1.688999999999999636e+04 5.476892749559038043e-01
1.689999999999999636e+04 5.481127918147199463e-01
1.690999999999999636e+04 5.480642636555209668e-01
1.691999999999999636e+04 5.479878158488149520e-01
1.692999999999999636e+04 5.489509721380927409e-01
1.693999999999999636e+04 5.484267316616535659e-01
1.694999999999999636e+04 5.483427190687341080e-01
1.695999999999999636e+04 5.486562432196506744e-01
1.696999999999999636e+04 5.480872683501436526e-01
1.697999999999999636e+04 5.484312225577410160e-01
1.698999999999999636e+04 5.490979472642943948e-01
1.699999999999999636e+04 5.485266591939379488e-01
1.700999999999999636e+04 5.486819637209080502e-01
1.701999999999999636e+04 5.483630881176235761e-01
1.702999999999999636e+04 5.479333680453185584e-01
1.703999999999999636e+04 5.479433968374142205e-01
1.704999999999999636e+04 5.478193385673872928e-01
1.705999999999999636e+04 5.476650489338037442e-01
1.706999999999999636e+04 5.476057211449845141e-01
1.707999999999999636e+04 5.477939594729002160e-01
1.708999999999999636e+04 5.478535109530369152e-01
1.709999999999999636e+04 5.474358060352043642e-01
1.710999999999999636e+04 5.472462285015036176e-01
1.711999999999999636e+04 5.477850116399278768e-01
1.712999999999999636e+04 5.471725920821006728e-01
1.713999999999999636e+04 5.468833823020762264e-01
1.714999999999999636e+04 5.476685875413709326e-01
1.715999999999999636e+04 5.475592947377503350e-01
1.716999999999999636e+04 5.479051655303716073e-01
1.717999999999999636e+04 5.479488396568368280e-01
1.718999999999999636e+04 5.481637697692179900e-01
1.719999999999999636e+04 5.481783549881094064e-01
1.720999999999999636e+04 5.489513725924445309e-01
1.721999999999999636e+04 5.488994777803686276e-01
1.722999999999999636e+04 5.490357388979220099e-01
1.723999999999999636e+04 5.489880049753903535e-01
1.724999999999999636e+04 5.491969742529322351e-01
1.725999999999999636e+04 5.496460404246762410e-01
1.726999999999999636e+04 5.498102491098749711e-01
1.727999999999999636e+04 5.496095686033443117e-01
1.728999999999999636e+04 5.493091861681569377e-01
1.729999999999999636e+04 5.494469776379963255e-01
1.730999999999999636e+04 5.496624833534776711e-01
1.731999999999999636e+04 5.495957144565110086e-01
1.732999999999999636e+04 5.492180612559847130e-01
1.733999999999999636e+04 5.489511118419673208e-01
1.734999999999999636e+04 5.483502874298472607e-01
1.735999999999999636e+04 5.485513503650173428e-01
1.736999999999999636e+04 5.480257192024325930e-01
1.737999999999999636e+04 5.482880476038775042e-01
1.738999999999999636e+04 5.483343895248971034e-01
1.739999999999999636e+04 5.478991900617455890e-01
1.740999999999999636e+04 5.475047908376937666e-01
1.741999999999999636e+04 5.477907664947919697e-01
1.742999999999999636e+04 5.471585613097925682e-01
1.743999999999999636e+04 5.471367543899322561e-01
1.744999999999999636e+04 5.471456340324886147e-01
1.745999999999999636e+04 5.465286345365636400e-01
1.746999999999999636e+04 5.468168215076515404e-01
1.747999999999999636e+04 5.475237632821049472e-01
1.748999999999999636e+04 5.473643298472942176e-01
1.749999999999999636e+04 5.472723954984033412e-01
1.750999999999999636e+04 5.466666989528538023e-01
1.751999999999999636e+04 5.472872945123715693e-01
1.752999999999999636e+04 5.475927325057486916e-01
1.753999999999999636e+04 5.481607289864518506e-01
1.754999999999999636e+04 5.478131551818127276e-01
1.755999999999999636e+04 5.482952022724884023e-01
1.756999999999999636e+04 5.488630680020479824e-01
1.757999999999999636e+04 5.482779362334176954e-01
1.758999999999999636e+04 5.488010397527107731e-01
1.759999999999999636e+04 5.485568953562667271e-01
1.760999999999999636e+04 5.491305184872066203e-01
1.761999999999999636e+04 5.494346834810611702e-01
1.762999999999999636e+04 5.495002508508186612e-01
1.763999999999999636e+04 5.490101592999778735e-01
1.764999999999999636e+04 5.492813070006524745e-01
1.765999999999999636e+04 5.486653392965304965e-01
1.766999999999999636e+04 5.496205979939683406e-01
1.767999999999999636e+04 5.493521012769840839e-01
1.768999999999999636e+04 5.491190315566996105e-01
1.769999999999999636e+04 5.485337866064301515e-01
1.770999999999999636e+04 5.487765924507591597e-01
1.771999999999999636e+04 5.483395470298435548e-01
1.772999999999999636e+04 5.487582453691735029e-01
1.773999999999999636e+04 5.495818603803345193e-01
1.774999999999999636e+04 5.492507668464822190e-01
1.775999999999999636e+04 5.490836424066987131e-01
1.776999999999999636e+04 5.486198192454839750e-01
1.777999999999999636e+04 5.478893316735474750e-01
1.778999999999999636e+04 5.483395568336010273e-01
1.779999999999999636e+04 5.490229208463888178e-01
1.780999999999999636e+04 5.485143347047749529e-01
1.781999999999999636e+04 5.491744597582273180e-01
1.782999999999999636e+04 5.484717008561721396e-01
1.783999999999999636e+04 5.476365856691173262e-01
1.784999999999999636e+04 5.487273093789196698e-01
1.785999999999999636e+04 5.486828398863117240e-01
1.786999999999999636e+04 5.495748922654521973e-01
1.787999999999999636e+04 5.496907363218913600e-01
1.788999999999999636e+04 5.492989414121746128e-01
1.789999999999999636e+04 5.493498172985804562e-01
1.790999999999999636e+04 5.502971371280471757e-01
1.791999999999999636e+04 5.500476545983569165e-01
1.792999999999999636e+04 5.500246993835501419e-01
1.793999999999999636e+04 5.502500468503465081e-01
1.794999999999999636e+04 5.508664523057901219e-01
1.795999999999999636e+04 5.505206258229922156e-01
1.796999999999999636e+04 5.512810757558915808e-01
1.797999999999999636e+04 5.507449538430144731e-01
1.798999999999999636e+04 5.507151916905851374e-01
1.799999999999999636e+04 5.505444623747683952e-01
1.800999999999999636e+04 5.505364368943266307e-01
1.801999999999999636e+04 5.507415860965654275e-01
1.802999999999999636e+04 5.514139044007229096e-01
1.803999999999999636e+04 5.509022664642286848e-01
1.804999999999999636e+04 5.501669589101885194e-01
1.805999999999999636e+04 5.502111668319049631e-01
1.806999999999999636e+04 5.502634843874127935e-01
1.807999999999999636e+04 5.503818353652796258e-01
1.808999999999999636e+04 5.499178703620295483e-01
1.809999999999999636e+04 5.496063348192874454e-01
1.810999999999999636e+04 5.492889967675261831e-01
1.811999999999999636e+04 5.497951992477204675e-01
1.812999999999999636e+04 5.494926993543129967e-01
1.813999999999999636e+04 5.490816341779739540e-01
1.814999999999999636e+04 5.491751496377433872e-01
1.815999999999999636e+04 5.487471976059876688e-01
1.816999999999999636e+04 5.488436201068174203e-01
1.817999999999999636e+04 5.494635985918572274e-01
1.818999999999999636e+04 5.487784140684760503e-01
1.819999999999999636e+04 5.487694451850224642e-01
1.820999999999999636e+04 5.484794090527571608e-01
1.821999999999999636e+04 5.488139335491404314e-01
1.822999999999999636e+04 5.495914430805676210e-01
1.823999999999999636e+04 5.494123255606658818e-01
1.824999999999999636e+04 5.492869722908094721e-01
1.825999999999999636e+04 5.497572782946018588e-01
1.826999999999999636e+04 5.499271892123260841e-01
1.827999999999999636e+04 5.496678272319984737e-01
1.828999999999999636e+04 5.497109464919296418e-01
1.829999999999999636e+04 5.501903814269323290e-01
1.830999999999999636e+04 5.499698029083186501e-01
1.831999999999999636e+04 5.500416870371988010e-01
1.832999999999999636e+04 5.504085371961001671e-01
1.833999999999999636e+04 5.500346198600977177e-01
1.834999999999999636e+04 5.504236656925139970e-01
1.835999999999999636e+04 5.501371081455401768e-01
1.836999999999999636e+04 5.495601692262130911e-01
1.837999999999999636e+04 5.491580755050231577e-01
1.838999999999999636e+04 5.485594133181754817e-01
1.839999999999999636e+04 5.485658434953545326e-01
1.840999999999999636e+04 5.487007523786250340e-01
1.841999999999999636e+04 5.479821277081364794e-01
1.842999999999999636e+04 5.473374557301639021e-01
1.843999999999999636e+04 5.473551527338306188e-01
1.844999999999999636e+04 5.467889269155971066e-01
1.845999999999999636e+04 5.461805835386460695e-01
1.846999999999999636e+04 5.456530707098199429e-01
1.847999999999999636e+04 5.458731164630741262e-01
1.848999999999999636e+04 5.452460301405237519e-01
1.849999999999999636e+04 5.449510418126101152e-01
1.850999999999999636e+04 5.445904067160405315e-01
1.851999999999999636e+04 5.446376554042056117e-01
1.852999999999999636e+04 5.436417209133317385e-01
1.853999999999999636e+04 5.432504626337046894e-01
1.854999999999999636e+04 5.435110477595311851e-01
1.855999999999999636e+04 5.435732241362506434e-01
1.856999999999999636e+04 5.433739813370922489e-01
1.857999999999999636e+04 5.431019269251510240e-01
1.858999999999999636e+04 5.432820357409974266e-01
1.859999999999999636e+04 5.433779744605701234e-01
1.860999999999999636e+04 5.431501749538211188e-01
1.861999999999999636e+04 5.435736018946044634e-01
1.862999999999999636e+04 5.448285150596456905e-01
1.863999999999999636e+04 5.448834005394584956e-01
1.864999999999999636e+04 5.449726328975943446e-01
1.865999999999999636e+04 5.453527804875601959e-01
1.866999999999999636e+04 5.448531505621611037e-01
1.867999999999999636e+04 5.448815004258797945e-01
1.868999999999999636e+04 5.451035989124326520e-01
1.869999999999999636e+04 5.451393952770384743e-01
1.870999999999999636e+04 5.448973476306517849e-01
1.871999999999999636e+04 5.448876506236013384e-01
1.872999999999999636e+04 5.440358104162625885e-01
1.873999999999999636e+04 5.437359636271347219e-01
1.874999999999999636e+04 5.443272191295784879e-01
1.875999999999999636e+04 5.444937088500312328e-01
1.876999999999999636e+04 5.437183549571464880e-01
1.877999999999999636e+04 5.437879905812785797e-01
1.878999999999999636e+04 5.439807711135240531e-01
1.879999999999999636e+04 5.436416501891737640e-01
1.880999999999999636e+04 5.428993835850625116e-01
1.881999999999999636e+04 5.419063707099761595e-01
1.882999999999999636e+04 5.414560076053811510e-01
1.883999999999999636e+04 5.414230413831770949e-01
1.884999999999999636e+04 5.417305970577468432e-01
1.885999999999999636e+04 5.415654524269299941e-01
1.886999999999999636e+04 5.408739815866918654e-01
1.887999999999999636e+04 5.407386485070805326e-01
1.888999999999999636e+04 5.402806726866642428e-01
1.889999999999999636e+04 5.396190584827170733e-01
1.890999999999999636e+04 5.396071939572356646e-01
1.891999999999999636e+04 5.397207974660570562e-01
1.892999999999999636e+04 5.391976140601558720e-01
1.893999999999999636e+04 5.396706668287122310e-01
1.894999999999999636e+04 5.389018652788870600e-01
1.895999999999999636e+04 5.395252153471273848e-01
1.896999999999999636e+04 5.391335502911093203e-01
1.897999999999999636e+04 5.388402124080809985e-01
1.898999999999999636e+04 5.382675826592847601e-01
1.899999999999999636e+04 5.387117930296420054e-01
1.900999999999999636e+04 5.381807271237369905e-01
1.901999999999999636e+04 5.384275675733264377e-01
1.902999999999999636e+04 5.397315301776467455e-01
1.903999999999999636e+04 5.387286954496227631e-01
1.904999999999999636e+04 5.387619518335500235e-01
1.905999999999999636e+04 5.395379555790459358e-01
1.906999999999999636e+04 5.397457306875323990e-01
1.907999999999999636e+04 5.391083134051181114e-01
1.908999999999999636e+04 5.394126266927307123e-01
1.909999999999999636e+04 5.399961749166192204e-01
1.910999999999999636e+04 5.394189638403515952e-01
1.911999999999999636e+04 5.392610705333772403e-01
1.912999999999999636e+04 5.389298482445827876e-01
1.913999999999999636e+04 5.391240372047374496e-01
1.914999999999999636e+04 5.384836999193068907e-01
1.915999999999999636e+04 5.374687558557713629e-01
1.916999999999999636e+04 5.375592108725797402e-01
1.917999999999999636e+04 5.378582022054252398e-01
1.918999999999999636e+04 5.365853928243398130e-01
1.919999999999999636e+04 5.353956631743135297e-01
1.920999999999999636e+04 5.359490372517039525e-01
1.921999999999999636e+04 5.352184352638249543e-01
1.922999999999999636e+04 5.338604432530352772e-01
1.923999999999999636e+04 5.335932068285809127e-01
1.924999999999999636e+04 5.328411446741503354e-01
1.925999999999999636e+04 5.323072128439206852e-01
1.926999999999999636e+04 5.319583813955288676e-01
1.927999999999999636e+04 5.314087731358494437e-01
1.928999999999999636e+04 5.316269917463423145e-01
1.929999999999999636e+04 5.313104677373192697e-01
1.930999999999999636e+04 5.307129118316347149e-01
1.931999999999999636e+04 5.303215603075810414e-01
1.932999999999999636e+04 5.297240124282003304e-01
1.933999999999999636e+04 5.295091028935526856e-01
1.934999999999999636e+04 5.297127630289661937e-01
1.935999999999999636e+04 5.291559044522524680e-01
1.936999999999999636e+04 5.287165775292941294e-01
1.937999999999999636e+04 5.290735699115332036e-01
1.938999999999999636e+04 5.298210751150554954e-01
1.939999999999999636e+04 5.296244382948189777e-01
1.940999999999999636e+04 5.284228501279075729e-01
1.941999999999999636e+04 5.289864185982817713e-01
1.942999999999999636e+04 5.287224693877229376e-01
1.943999999999999636e+04 5.280767778096127074e-01
1.944999999999999636e+04 5.279129897627808932e-01
1.945999999999999636e+04 5.275493156873479750e-01
1.946999999999999636e+04 5.274261412043186326e-01
1.947999999999999636e+04 5.277221995684643341e-01
1.948999999999999636e+04 5.274398747816014810e-01
1.949999999999999636e+04 5.266308913401851477e-01
1.950999999999999636e+04 5.260732564553948221e-01
1.951999999999999636e+04 5.255975746215535427e-01
1.952999999999999636e+04 5.252520785168957040e-01
1.953999999999999636e+04 5.246816043586214340e-01
1.954999999999999636e+04 5.242524083992053940e-01
1.955999999999999636e+04 5.242909932697426001e-01
1.956999999999999636e+04 5.243411479490714955e-01
1.957999999999999636e+04 5.238331735253204391e-01
1.958999999999999636e+04 5.229852324466213176e-01
1.959999999999999636e+04 5.223049984052385852e-01
1.960999999999999636e+04 5.223416933140574425e-01
1.961999999999999636e+04 5.208508890025180804e-01
1.962999999999999636e+04 5.208420766475766461e-01
1.963999999999999636e+04 5.206912830156289473e-01
1.964999999999999636e+04 5.212317085312128118e-01
1.965999999999999636e+04 5.194958879802260565e-01
1.966999999999999636e+04 5.197952575666159314e-01
1.967999999999999636e+04 5.189974724240294934e-01
1.968999999999999636e+04 5.180193278282375635e-01
1.969999999999999636e+04 5.183441603129906872e-01
1.970999999999999636e+04 5.178788155016983419e-01
1.971999999999999636e+04 5.178891656933700682e-01
1.972999999999999636e+04 5.181269069403896532e-01
1.973999999999999636e+04 5.176822064804061929e-01
1.974999999999999636e+04 5.174065405259050676e-01
1.975999999999999636e+04 5.174409276067565289e-01
1.976999999999999636e+04 5.173062075493709555e-01
1.977999999999999636e+04 5.168531983033513022e-01
1.978999999999999636e+04 5.165311653877916465e-01
1.979999999999999636e+04 5.157283332797091280e-01
1.980999999999999636e+04 5.157382242442272169e-01
1.981999999999999636e+04 5.165258283696466668e-01
1.982999999999999636e+04 5.164925274090729213e-01
1.983999999999999636e+04 5.159155810507044526e-01
1.984999999999999636e+04 5.156691764048269011e-01
1.985999999999999636e+04 5.155780857897614977e-01
1.986999999999999636e+04 5.156070947698645490e-01
1.987999999999999636e+04 5.146794018767991696e-01
1.988999999999999636e+04 5.145291465092944883e-01
1.989999999999999636e+04 5.151619917746671495e-01
1.990999999999999636e+04 5.150038345939227380e-01
1.991999999999999636e+04 5.143215512612729912e-01
1.992999999999999636e+04 5.146795631360744361e-01
1.993999999999999636e+04 5.145598336054064692e-01
1.994999999999999636e+04 5.140692175832909383e-01
1.995999999999999636e+04 5.138534475459580753e-01
1.996999999999999636e+04 5.139553663509999204e-01
1.997999999999999636e+04 5.137848828463629225e-01
1.998999999999999636e+04 5.135551335127238604e-01
1.999999999999999636e+04 5.128610534137739707e-01
2.000999999999999636e+04 5.122060088947555379e-01
2.001999999999999636e+04 5.120058287245801143e-01
2.002999999999999636e+04 5.109364950551044116e-01
2.003999999999999636e+04 5.110495634085998606e-01
2.004999999999999636e+04 5.101613781335032627e-01
2.005999999999999636e+04 5.099355428071947749e-01
2.006999999999999636e+04 5.097806543872609453e-01
2.007999999999999636e+04 5.089565618969784655e-01
2.008999999999999636e+04 5.079259482727729313e-01
2.009999999999999636e+04 5.079794229056964205e-01
2.010999999999999636e+04 5.078073880416442698e-01
2.011999999999999636e+04 5.074273118959679030e-01
2.012999999999999636e+04 5.078426068893330259e-01
2.013999999999999636e+04 5.083257168261090531e-01
2.014999999999999636e+04 5.081351014276173084e-01
2.015999999999999636e+04 5.081093960068956417e-01
2.016999999999999636e+04 5.067173547571329761e-01
2.017999999999999636e+04 5.029691253788801664e-01
2.018999999999999636e+04 4.974788842378823350e-01
2.019999999999999636e+04 4.877601246488585396e-01
2.020999999999999636e+04 4.740463745469782331e-01
2.021999999999999636e+04 4.553100466025926663e-01
2.022999999999999636e+04 4.292691321950955485e-01
2.023999999999999636e+04 3.971938637592076216e-01
2.024999999999999636e+04 3.598575782199693873e-01
2.025999999999999636e+04 3.189070778545055607e-01
2.026999999999999636e+04 2.766947613894316649e-01
2.027999999999999636e+04 2.356113360964844361e-01
2.028999999999999636e+04 1.973440157577064646e-01
2.029999999999999636e+04 1.630826643590172209e-01
2.030999999999999636e+04 1.334638821625554472e-01
2.031999999999999636e+04 1.083231142215665549e-01
2.032999999999999636e+04 8.772859439189055475e-02
2.033999999999999636e+04 7.095030014117430228e-02
2.034999999999999636e+04 5.740939308407908698e-02
2.035999999999999636e+04 4.652312791277986304e-02
2.036999999999999636e+04 3.776844711818305028e-02
2.037999999999999636e+04 3.077472799746009194e-02
2.038999999999999636e+04 2.513871907428140429e-02
2.039999999999999636e+04 2.060388991875847925e-02
2.040999999999999636e+04 1.695864810626992666e-02
2.041999999999999636e+04 1.401597173059775971e-02
2.042999999999999636e+04 1.162809458197683332e-02
2.043999999999999636e+04 9.674916500012399959e-03
2.044999999999999636e+04 8.093838089967839503e-03
2.045999999999999636e+04 6.792163938191362639e-03
2.046999999999999636e+04 5.722963038915358097e-03
2.047999999999999636e+04 4.844822868048271648e-03
2.048999999999999636e+04 4.114488699091441333e-03
2.049999999999999636e+04 3.502115457721138424e-03
2.050999999999999636e+04 2.996489439067371620e-03
2.051999999999999636e+04 2.567999972715667625e-03
2.052999999999999636e+04 2.208140064028269161e-03
2.053999999999999636e+04 1.908823880864958912e-03
2.054999999999999636e+04 1.653104406105680192e-03
2.055999999999999636e+04 1.433702740916627987e-03
2.056999999999999636e+04 1.248193637185698174e-03
2.057999999999999636e+04 1.089503489680081986e-03
2.058999999999999636e+04 9.536647918948054897e-04
2.059999999999999636e+04 8.369676849074547372e-04
2.060999999999999636e+04 7.372042789098959227e-04
2.061999999999999636e+04 6.490986158820358795e-04
2.062999999999999636e+04 5.746226352000612797e-04
2.063999999999999636e+04 5.088131351188428676e-04
2.064999999999999636e+04 4.523563927282392557e-04
2.065999999999999636e+04 4.029971523787038296e-04
2.066999999999999636e+04 3.602927555217152436e-04
2.067999999999999636e+04 3.220595239805716333e-04
2.068999999999999636e+04 2.881528082276925786e-04
2.069999999999999636e+04 2.587308519411558980e-04
2.070999999999999636e+04 2.331989006064102206e-04
2.071999999999999636e+04 2.104395724997508215e-04
2.072999999999999636e+04 1.897604059416014590e-04
2.073999999999999636e+04 1.716416240849651489e-04
2.074999999999999636e+04 1.560239446612187223e-04
2.075999999999999636e+04 1.416186975101023143e-04
2.076999999999999636e+04 1.287883233119010832e-04
2.077999999999999636e+04 1.174764275142353552e-04
2.078999999999999636e+04 1.072790782803357190e-04
2.079999999999999636e+04 9.817119655624653165e-05
2.080999999999999636e+04 9.005394498098198762e-05
2.081999999999999636e+04 8.251702501190400245e-05
2.082999999999999636e+04 7.588620483496368615e-05
2.083999999999999636e+04 6.987559654319856447e-05
2.084999999999999636e+04 6.451246422891269798e-05
2.085999999999999636e+04 5.948301411806513527e-05
2.086999999999999636e+04 5.497974828621158866e-05
2.087999999999999636e+04 5.101094061050785250e-05
2.088999999999999636e+04 4.733821533389003493e-05
2.089999999999999636e+04 4.393204708569933847e-05
2.090999999999999636e+04 4.085882957507021930e-05
2.091999999999999636e+04 3.806014175013980202e-05
2.092999999999999636e+04 3.552188123756565448e-05
2.093999999999999636e+04 3.314806876006242428e-05
2.094999999999999636e+04 3.107065055748215804e-05
2.095999999999999636e+04 2.909553597793615510e-05
2.096999999999999636e+04 2.731407532976646879e-05
2.097999999999999636e+04 2.558757582114237257e-05
2.098999999999999636e+04 2.430955806425015643e-05
2.099999999999999636e+04 0.000000000000000000e+00
