3.819999999999999545e+03 0.000000000000000000e+00
3.829999999999999545e+03 2.433774924888125089e-12
3.839999999999999091e+03 1.450711361401312421e-11
3.849999999999999091e+03 0.000000000000000000e+00
3.859999999999999091e+03 0.000000000000000000e+00
3.869999999999999091e+03 0.000000000000000000e+00
3.879999999999999091e+03 0.000000000000000000e+00
3.889999999999999091e+03 0.000000000000000000e+00
3.899999999999999091e+03 0.000000000000000000e+00
3.909999999999999091e+03 0.000000000000000000e+00
3.919999999999999091e+03 0.000000000000000000e+00
3.929999999999999091e+03 0.000000000000000000e+00
3.939999999999999091e+03 1.894467630243956272e-12
3.949999999999999091e+03 0.000000000000000000e+00
3.959999999999999091e+03 0.000000000000000000e+00
3.969999999999999091e+03 0.000000000000000000e+00
3.979999999999999091e+03 0.000000000000000000e+00
3.989999999999999091e+03 0.000000000000000000e+00
3.999999999999999091e+03 0.000000000000000000e+00
4.009999999999999091e+03 0.000000000000000000e+00
4.019999999999999091e+03 0.000000000000000000e+00
4.029999999999999091e+03 0.000000000000000000e+00
4.039999999999999091e+03 0.000000000000000000e+00
4.049999999999999091e+03 0.000000000000000000e+00
4.059999999999999091e+03 0.000000000000000000e+00
4.069999999999999091e+03 0.000000000000000000e+00
4.079999999999999091e+03 0.000000000000000000e+00
4.089999999999999091e+03 0.000000000000000000e+00
4.099999999999999091e+03 0.000000000000000000e+00
4.109999999999999091e+03 0.000000000000000000e+00
4.119999999999999091e+03 0.000000000000000000e+00
4.129999999999999091e+03 0.000000000000000000e+00
4.139999999999999091e+03 0.000000000000000000e+00
4.149999999999999091e+03 0.000000000000000000e+00
4.159999999999999091e+03 0.000000000000000000e+00
4.169999999999999091e+03 0.000000000000000000e+00
4.179999999999999091e+03 0.000000000000000000e+00
4.189999999999999091e+03 0.000000000000000000e+00
4.199999999999999091e+03 1.015897501866100029e-15
4.209999999999999091e+03 0.000000000000000000e+00
4.219999999999999091e+03 0.000000000000000000e+00
4.229999999999999091e+03 0.000000000000000000e+00
4.239999999999999091e+03 0.000000000000000000e+00
4.249999999999999091e+03 0.000000000000000000e+00
4.259999999999999091e+03 0.000000000000000000e+00
4.269999999999999091e+03 0.000000000000000000e+00
4.279999999999999091e+03 0.000000000000000000e+00
4.289999999999999091e+03 0.000000000000000000e+00
4.299999999999999091e+03 0.000000000000000000e+00
4.309999999999999091e+03 0.000000000000000000e+00
4.319999999999999091e+03 0.000000000000000000e+00
4.329999999999999091e+03 0.000000000000000000e+00
4.339999999999999091e+03 0.000000000000000000e+00
4.349999999999999091e+03 0.000000000000000000e+00
4.359999999999999091e+03 0.000000000000000000e+00
4.369999999999999091e+03 0.000000000000000000e+00
4.379999999999999091e+03 0.000000000000000000e+00
4.389999999999999091e+03 0.000000000000000000e+00
4.399999999999999091e+03 0.000000000000000000e+00
4.409999999999999091e+03 0.000000000000000000e+00
4.419999999999999091e+03 0.000000000000000000e+00
4.429999999999999091e+03 0.000000000000000000e+00
4.439999999999999091e+03 0.000000000000000000e+00
4.449999999999999091e+03 2.550614868941475143e-11
4.459999999999999091e+03 0.000000000000000000e+00
4.469999999999999091e+03 0.000000000000000000e+00
4.479999999999999091e+03 0.000000000000000000e+00
4.489999999999999091e+03 0.000000000000000000e+00
4.499999999999999091e+03 0.000000000000000000e+00
4.509999999999999091e+03 0.000000000000000000e+00
4.519999999999999091e+03 0.000000000000000000e+00
4.529999999999999091e+03 0.000000000000000000e+00
4.539999999999999091e+03 0.000000000000000000e+00
4.549999999999999091e+03 0.000000000000000000e+00
4.559999999999999091e+03 0.000000000000000000e+00
4.569999999999999091e+03 0.000000000000000000e+00
4.579999999999999091e+03 0.000000000000000000e+00
4.589999999999999091e+03 0.000000000000000000e+00
4.599999999999999091e+03 0.000000000000000000e+00
4.609999999999999091e+03 6.731840511705242538e-11
4.619999999999999091e+03 0.000000000000000000e+00
4.629999999999999091e+03 0.000000000000000000e+00
4.639999999999999091e+03 0.000000000000000000e+00
4.649999999999999091e+03 0.000000000000000000e+00
4.659999999999999091e+03 0.000000000000000000e+00
4.669999999999999091e+03 0.000000000000000000e+00
4.679999999999999091e+03 0.000000000000000000e+00
4.689999999999999091e+03 0.000000000000000000e+00
4.699999999999999091e+03 0.000000000000000000e+00
4.709999999999999091e+03 0.000000000000000000e+00
4.719999999999999091e+03 0.000000000000000000e+00
4.729999999999999091e+03 0.000000000000000000e+00
4.739999999999999091e+03 0.000000000000000000e+00
4.749999999999999091e+03 0.000000000000000000e+00
4.759999999999999091e+03 0.000000000000000000e+00
4.769999999999999091e+03 0.000000000000000000e+00
4.779999999999999091e+03 0.000000000000000000e+00
4.789999999999999091e+03 0.000000000000000000e+00
4.799999999999999091e+03 0.000000000000000000e+00
4.809999999999999091e+03 0.000000000000000000e+00
4.819999999999999091e+03 0.000000000000000000e+00
4.829999999999999091e+03 0.000000000000000000e+00
4.839999999999999091e+03 0.000000000000000000e+00
4.849999999999999091e+03 0.000000000000000000e+00
4.859999999999999091e+03 1.327425529827513711e-08
4.869999999999999091e+03 0.000000000000000000e+00
4.879999999999999091e+03 0.000000000000000000e+00
4.889999999999999091e+03 0.000000000000000000e+00
4.899999999999999091e+03 0.000000000000000000e+00
4.909999999999999091e+03 0.000000000000000000e+00
4.919999999999999091e+03 0.000000000000000000e+00
4.929999999999999091e+03 0.000000000000000000e+00
4.939999999999999091e+03 0.000000000000000000e+00
4.949999999999999091e+03 0.000000000000000000e+00
4.959999999999999091e+03 0.000000000000000000e+00
4.969999999999999091e+03 0.000000000000000000e+00
4.979999999999999091e+03 0.000000000000000000e+00
4.989999999999999091e+03 0.000000000000000000e+00
4.999999999999999091e+03 0.000000000000000000e+00
5.009999999999999091e+03 0.000000000000000000e+00
5.019999999999999091e+03 0.000000000000000000e+00
5.029999999999999091e+03 1.693963519945669718e-09
5.039999999999999091e+03 0.000000000000000000e+00
5.049999999999999091e+03 0.000000000000000000e+00
5.059999999999999091e+03 0.000000000000000000e+00
5.069999999999999091e+03 0.000000000000000000e+00
5.079999999999999091e+03 0.000000000000000000e+00
5.089999999999999091e+03 0.000000000000000000e+00
5.099999999999999091e+03 0.000000000000000000e+00
5.109999999999999091e+03 0.000000000000000000e+00
5.119999999999999091e+03 0.000000000000000000e+00
5.129999999999999091e+03 0.000000000000000000e+00
5.139999999999999091e+03 0.000000000000000000e+00
5.149999999999999091e+03 0.000000000000000000e+00
5.159999999999999091e+03 0.000000000000000000e+00
5.169999999999999091e+03 0.000000000000000000e+00
5.179999999999999091e+03 0.000000000000000000e+00
5.189999999999999091e+03 0.000000000000000000e+00
5.199999999999999091e+03 0.000000000000000000e+00
5.209999999999999091e+03 0.000000000000000000e+00
5.219999999999999091e+03 0.000000000000000000e+00
5.229999999999999091e+03 0.000000000000000000e+00
5.239999999999999091e+03 0.000000000000000000e+00
5.249999999999999091e+03 4.704650723440473746e-11
5.259999999999999091e+03 0.000000000000000000e+00
5.269999999999999091e+03 0.000000000000000000e+00
5.279999999999999091e+03 0.000000000000000000e+00
5.289999999999999091e+03 0.000000000000000000e+00
5.299999999999999091e+03 0.000000000000000000e+00
5.309999999999999091e+03 0.000000000000000000e+00
5.319999999999999091e+03 4.042678999688691672e-11
5.329999999999999091e+03 0.000000000000000000e+00
5.339999999999999091e+03 0.000000000000000000e+00
5.349999999999999091e+03 0.000000000000000000e+00
5.359999999999999091e+03 0.000000000000000000e+00
5.369999999999999091e+03 0.000000000000000000e+00
5.379999999999999091e+03 2.402558517658406935e-10
5.389999999999999091e+03 0.000000000000000000e+00
5.399999999999999091e+03 0.000000000000000000e+00
5.409999999999999091e+03 0.000000000000000000e+00
5.419999999999999091e+03 0.000000000000000000e+00
5.429999999999999091e+03 0.000000000000000000e+00
5.439999999999999091e+03 0.000000000000000000e+00
5.449999999999999091e+03 0.000000000000000000e+00
5.459999999999999091e+03 1.433989625218719011e-12
5.469999999999999091e+03 0.000000000000000000e+00
5.479999999999999091e+03 0.000000000000000000e+00
5.489999999999999091e+03 0.000000000000000000e+00
5.499999999999999091e+03 4.046295180156250052e-15
5.509999999999999091e+03 1.845917936257500493e-15
5.519999999999999091e+03 0.000000000000000000e+00
5.529999999999999091e+03 6.169650844678124856e-16
5.539999999999999091e+03 8.967076988585625949e-16
5.549999999999999091e+03 3.431504544234374714e-16
5.559999999999999091e+03 5.488945554224999966e-16
5.569999999999999091e+03 2.524206140653749877e-13
5.579999999999999091e+03 9.374001825422499838e-15
5.589999999999999091e+03 6.430129404208124900e-13
5.599999999999999091e+03 4.179771260056874747e-15
5.609999999999999091e+03 1.992626143664625038e-15
5.619999999999999091e+03 2.652894909976499741e-15
5.629999999999999091e+03 7.674970734873751507e-15
5.639999999999999091e+03 1.032687052548375071e-12
5.649999999999999091e+03 4.928346592487500425e-15
5.659999999999999091e+03 2.558481990268750069e-15
5.669999999999999091e+03 5.857713155896874606e-15
5.679999999999999091e+03 6.497319933142500118e-14
5.689999999999999091e+03 2.745672117496875256e-13
5.699999999999999091e+03 1.269874515204750094e-13
5.709999999999999091e+03 2.718136592670625449e-13
5.719999999999999091e+03 4.724924761305000228e-12
5.729999999999999091e+03 1.333373769603750111e-12
5.739999999999999091e+03 1.067043049043999950e-12
5.749999999999999091e+03 7.021933267256250974e-12
5.759999999999999091e+03 1.090374838472937514e-13
5.769999999999999091e+03 9.187168123980000576e-15
5.779999999999999091e+03 4.143594496387500553e-15
5.789999999999999091e+03 2.522532351031874833e-14
5.799999999999999091e+03 9.528349612031251333e-16
5.809999999999999091e+03 2.435098027175624860e-16
5.819999999999999091e+03 6.963540100046250006e-17
5.829999999999999091e+03 5.964809995515000582e-17
5.839999999999999091e+03 0.000000000000000000e+00
5.849999999999999091e+03 1.171331016625000028e-16
5.859999999999999091e+03 0.000000000000000000e+00
5.869999999999999091e+03 0.000000000000000000e+00
5.879999999999999091e+03 0.000000000000000000e+00
5.889999999999999091e+03 2.092345583107500379e-16
5.899999999999999091e+03 8.690248202982500544e-16
5.909999999999999091e+03 1.202890962350000004e-16
5.919999999999999091e+03 0.000000000000000000e+00
5.929999999999999091e+03 0.000000000000000000e+00
5.939999999999999091e+03 3.265724390092500687e-16
5.949999999999999091e+03 3.767628828415375126e-15
5.959999999999999091e+03 2.818013031531249677e-15
5.969999999999999091e+03 6.178673693438750395e-15
5.979999999999999091e+03 1.711392781234500303e-14
5.989999999999999091e+03 1.157161616738750139e-13
5.999999999999999091e+03 1.021655921343750085e-10
6.009999999999999091e+03 2.653727148100000175e-13
6.019999999999999091e+03 1.482938558317562442e-13
6.029999999999999091e+03 4.060829144513750930e-13
6.039999999999999091e+03 2.140229455028437578e-14
6.049999999999999091e+03 6.542627252962500154e-15
6.059999999999999091e+03 0.000000000000000000e+00
6.069999999999999091e+03 0.000000000000000000e+00
6.079999999999999091e+03 9.612896068151251207e-16
6.089999999999999091e+03 8.514027974856251589e-16
6.099999999999999091e+03 1.407626981495000071e-14
6.109999999999999091e+03 3.459774877103125459e-14
6.119999999999999091e+03 1.153565820093750094e-14
6.129999999999999091e+03 2.021890761607499954e-13
6.139999999999999091e+03 4.297912489832500726e-13
6.149999999999999091e+03 1.454453363973749943e-13
6.159999999999999091e+03 6.414304075935001032e-13
6.169999999999999091e+03 2.283249947055000054e-11
6.179999999999999091e+03 4.303264279908125063e-12
6.189999999999999091e+03 2.169228857197500236e-11
6.199999999999999091e+03 1.396217511441375181e-13
6.209999999999999091e+03 8.282618979691874739e-15
6.219999999999999091e+03 5.882364691183750023e-15
6.229999999999999091e+03 0.000000000000000000e+00
6.239999999999999091e+03 0.000000000000000000e+00
6.249999999999999091e+03 0.000000000000000000e+00
6.259999999999999091e+03 1.006682717004999963e-14
6.269999999999999091e+03 5.781174110328750598e-14
6.279999999999999091e+03 2.867132252879999957e-12
6.289999999999999091e+03 4.858656883079999842e-14
6.299999999999999091e+03 9.572799159656250529e-14
6.309999999999999091e+03 3.676646439353124894e-14
6.319999999999999091e+03 3.291877825635000050e-15
6.329999999999999091e+03 8.189747782833750692e-16
6.339999999999999091e+03 0.000000000000000000e+00
6.349999999999999091e+03 1.376715425948625207e-15
6.359999999999999091e+03 5.251176215521250252e-15
6.369999999999999091e+03 1.818267399182500225e-14
6.379999999999999091e+03 3.220335198598000368e-15
6.389999999999999091e+03 0.000000000000000000e+00
6.399999999999999091e+03 0.000000000000000000e+00
6.409999999999999091e+03 0.000000000000000000e+00
6.419999999999999091e+03 1.388114798143500260e-14
6.429999999999999091e+03 1.266260519139000005e-13
6.439999999999999091e+03 2.721916027320000396e-13
6.449999999999999091e+03 3.553974897243750318e-14
6.459999999999999091e+03 3.874556959428749992e-14
6.469999999999999091e+03 8.526941267796876030e-13
6.479999999999999091e+03 7.968094771000000236e-14
6.489999999999999091e+03 3.063634843184999757e-14
6.499999999999999091e+03 1.978799701252499804e-14
6.509999999999999091e+03 2.904958699904625308e-14
6.519999999999999091e+03 7.386432888537499878e-14
6.529999999999999091e+03 4.761412988696875530e-13
6.539999999999999091e+03 6.541676298723125894e-13
6.549999999999999091e+03 1.953447130413624961e-13
6.559999999999999091e+03 3.487967618220750385e-13
6.569999999999999091e+03 6.657891988912499908e-13
6.579999999999999091e+03 2.276994989806250079e-14
6.589999999999999091e+03 0.000000000000000000e+00
6.599999999999999091e+03 0.000000000000000000e+00
6.609999999999999091e+03 0.000000000000000000e+00
6.619999999999999091e+03 0.000000000000000000e+00
6.629999999999999091e+03 0.000000000000000000e+00
6.639999999999999091e+03 0.000000000000000000e+00
6.649999999999999091e+03 0.000000000000000000e+00
6.659999999999999091e+03 6.815475520717499839e-15
6.669999999999999091e+03 2.662675948844624680e-13
6.679999999999999091e+03 3.774412442027500722e-14
6.689999999999999091e+03 1.585010872921875095e-13
6.699999999999999091e+03 1.439285565506249887e-12
6.709999999999999091e+03 2.934327659672500415e-13
6.719999999999999091e+03 9.711594554025000097e-14
6.729999999999999091e+03 2.391634434734999679e-13
6.739999999999999091e+03 2.167183075469999996e-10
6.749999999999999091e+03 9.660500721243749107e-14
6.759999999999999091e+03 1.936227122943750307e-14
6.769999999999999091e+03 3.655715688624999820e-14
6.779999999999999091e+03 1.377195789480000111e-14
6.789999999999999091e+03 2.489903482893750390e-14
6.799999999999999091e+03 2.843960704436249981e-14
6.809999999999999091e+03 1.874758342537500022e-13
6.819999999999999091e+03 3.788028525920624908e-14
6.829999999999999091e+03 3.393502586486250577e-15
6.839999999999999091e+03 4.559610170587500136e-15
6.849999999999999091e+03 2.001688686541250238e-14
6.859999999999999091e+03 2.301284806572500456e-15
6.869999999999999091e+03 2.179721785215625348e-14
6.879999999999999091e+03 7.029854374108124292e-13
6.889999999999999091e+03 4.041800692702500395e-15
6.899999999999999091e+03 1.218555118521562404e-14
6.909999999999999091e+03 0.000000000000000000e+00
6.919999999999999091e+03 1.381404231838750156e-14
6.929999999999999091e+03 8.668837788253126169e-14
6.939999999999999091e+03 1.845043750823437828e-12
6.949999999999999091e+03 1.473017802941125143e-12
6.959999999999999091e+03 2.487438728356749839e-13
6.969999999999999091e+03 2.216807414592749777e-13
6.979999999999999091e+03 4.625172388086249250e-13
6.989999999999999091e+03 7.248268508512500855e-13
6.999999999999999091e+03 1.802076557399999926e-12
7.009999999999999091e+03 1.081492968307499940e-11
7.019999999999999091e+03 6.759985823639999891e-11
7.029999999999999091e+03 4.930015339580626382e-12
7.039999999999999091e+03 2.403124373097000384e-12
7.049999999999999091e+03 3.387331294076187049e-12
7.059999999999999091e+03 1.745358831755000104e-12
7.069999999999999091e+03 5.772927990795000026e-13
7.079999999999999091e+03 1.364790780062499917e-13
7.089999999999999091e+03 7.465083254160000647e-14
7.099999999999999091e+03 2.734408777668750302e-14
7.109999999999999091e+03 1.413398810607874974e-13
7.119999999999999091e+03 0.000000000000000000e+00
7.129999999999999091e+03 3.308161280039000156e-13
7.139999999999999091e+03 0.000000000000000000e+00
7.149999999999999091e+03 3.954775989062500095e-13
7.159999999999999091e+03 0.000000000000000000e+00
7.169999999999999091e+03 7.126884470160000819e-12
7.179999999999999091e+03 3.710467385493750718e-12
7.189999999999999091e+03 6.103151110761250738e-13
7.199999999999999091e+03 1.183487136750187434e-12
7.209999999999999091e+03 5.729032492907499482e-13
7.219999999999999091e+03 5.722274415112500507e-14
7.229999999999999091e+03 4.212137860840000720e-13
7.239999999999999091e+03 4.307082121216874701e-13
7.249999999999999091e+03 6.407930904961250241e-13
7.259999999999999091e+03 1.637129694226250096e-14
7.269999999999999091e+03 2.750478474239999842e-14
7.279999999999999091e+03 3.934383908533750479e-14
7.289999999999999091e+03 3.007911022882499931e-15
7.299999999999999091e+03 3.076732963482500286e-15
7.309999999999999091e+03 9.567820898999999813e-14
7.319999999999999091e+03 4.902798905112500890e-13
7.329999999999999091e+03 0.000000000000000000e+00
7.339999999999999091e+03 1.150430993377312662e-14
7.349999999999999091e+03 0.000000000000000000e+00
7.359999999999999091e+03 7.444821325103751526e-14
7.369999999999999091e+03 1.005977881925624987e-14
7.379999999999999091e+03 1.481340827846250118e-14
7.389999999999999091e+03 1.527268302476875307e-14
7.399999999999999091e+03 1.089598290092812668e-13
7.409999999999999091e+03 9.866833301814999923e-14
7.419999999999999091e+03 0.000000000000000000e+00
7.429999999999999091e+03 2.061944817336250339e-12
7.439999999999999091e+03 8.637998614000000351e-10
7.449999999999999091e+03 6.966038412943750051e-12
7.459999999999999091e+03 1.505532842131499936e-12
7.469999999999999091e+03 2.933897863522499975e-13
7.479999999999999091e+03 3.849512269242499943e-13
7.489999999999999091e+03 0.000000000000000000e+00
7.499999999999999091e+03 0.000000000000000000e+00
7.509999999999999091e+03 4.317294533698125503e-12
7.519999999999999091e+03 0.000000000000000000e+00
7.529999999999999091e+03 1.951131111505624924e-12
7.539999999999999091e+03 9.757011539244374795e-12
7.549999999999999091e+03 0.000000000000000000e+00
7.559999999999999091e+03 5.466536878818750498e-14
7.569999999999999091e+03 1.402235976593812492e-13
7.579999999999999091e+03 0.000000000000000000e+00
7.589999999999999091e+03 9.911507439224999846e-15
7.599999999999999091e+03 2.127856008547500310e-13
7.609999999999999091e+03 1.612209696594000102e-12
7.619999999999999091e+03 5.800473714726250085e-14
7.629999999999999091e+03 1.143395886815000278e-15
7.639999999999999091e+03 0.000000000000000000e+00
7.649999999999999091e+03 0.000000000000000000e+00
7.659999999999999091e+03 0.000000000000000000e+00
7.669999999999999091e+03 0.000000000000000000e+00
7.679999999999998181e+03 0.000000000000000000e+00
7.689999999999998181e+03 0.000000000000000000e+00
7.699999999999998181e+03 0.000000000000000000e+00
7.709999999999998181e+03 0.000000000000000000e+00
7.719999999999998181e+03 0.000000000000000000e+00
7.729999999999998181e+03 0.000000000000000000e+00
7.739999999999998181e+03 0.000000000000000000e+00
7.749999999999998181e+03 0.000000000000000000e+00
7.759999999999998181e+03 0.000000000000000000e+00
7.769999999999998181e+03 3.929063433225000804e-16
7.779999999999998181e+03 0.000000000000000000e+00
7.789999999999998181e+03 2.218260503449375508e-14
7.799999999999998181e+03 2.628857373030000108e-14
7.809999999999998181e+03 3.687337103625000501e-14
7.819999999999998181e+03 2.428504149676062940e-13
7.829999999999998181e+03 2.413366820103750367e-13
7.839999999999998181e+03 6.872276536531875612e-14
7.849999999999998181e+03 0.000000000000000000e+00
7.859999999999998181e+03 1.833872051943749705e-15
7.869999999999998181e+03 3.558115463883750331e-15
7.879999999999998181e+03 6.988799816320001269e-15
7.889999999999998181e+03 9.618845333877501171e-15
7.899999999999998181e+03 0.000000000000000000e+00
7.909999999999998181e+03 9.413015084830000239e-16
7.919999999999998181e+03 2.568577314371250356e-15
7.929999999999998181e+03 0.000000000000000000e+00
7.939999999999998181e+03 0.000000000000000000e+00
7.949999999999998181e+03 1.269608773125000059e-15
7.959999999999998181e+03 1.188091605386875030e-14
7.969999999999998181e+03 4.771724879691874785e-14
7.979999999999998181e+03 5.978197895381249906e-14
7.989999999999998181e+03 1.111620893356750061e-13
7.999999999999998181e+03 1.395644835535999852e-13
8.009999999999998181e+03 7.449605333146798837e-14
8.019999999999998181e+03 5.726600891529370401e-14
8.029999999999998181e+03 1.511383057784627364e-14
8.039999999999998181e+03 4.146514569732109669e-14
8.049999999999998181e+03 1.588190519636585719e-13
8.059999999999998181e+03 0.000000000000000000e+00
8.069999999999998181e+03 2.532865369035588996e-13
8.079999999999998181e+03 4.317031645010821540e-13
8.089999999999998181e+03 1.671364922686728554e-13
8.099999999999998181e+03 0.000000000000000000e+00
8.109999999999998181e+03 0.000000000000000000e+00
8.119999999999998181e+03 8.139350999227786326e-13
8.129999999999998181e+03 9.078841811542009894e-13
8.139999999999998181e+03 2.205759474358295842e-12
8.149999999999998181e+03 5.299341528501036275e-13
8.159999999999998181e+03 0.000000000000000000e+00
8.169999999999998181e+03 9.883968154427851857e-14
8.179999999999998181e+03 0.000000000000000000e+00
8.189999999999998181e+03 1.838250643357065314e-12
8.199999999999998181e+03 0.000000000000000000e+00
8.209999999999998181e+03 0.000000000000000000e+00
8.219999999999998181e+03 0.000000000000000000e+00
8.229999999999998181e+03 6.514663130682351768e-12
8.239999999999998181e+03 2.668813950273599916e-11
8.249999999999998181e+03 2.245981364379644579e-11
8.259999999999998181e+03 5.920764519263643103e-12
8.269999999999998181e+03 4.007085605183465278e-11
8.279999999999998181e+03 3.309952424494436493e-11
8.289999999999998181e+03 0.000000000000000000e+00
8.299999999999998181e+03 6.521830893680186037e-13
8.309999999999998181e+03 0.000000000000000000e+00
8.319999999999998181e+03 8.748814970347098353e-12
8.329999999999998181e+03 3.305761930118276392e-11
8.339999999999998181e+03 2.784766380335722710e-11
8.349999999999998181e+03 4.137697887642122414e-11
8.359999999999998181e+03 2.684399020931817902e-12
8.369999999999998181e+03 2.954307036543345736e-11
8.379999999999998181e+03 4.003537268303504992e-12
8.389999999999998181e+03 2.376681000552991745e-12
8.399999999999998181e+03 0.000000000000000000e+00
8.409999999999998181e+03 6.720479152174630335e-12
8.419999999999998181e+03 7.240387099470340614e-12
8.429999999999998181e+03 1.443509849100502001e-11
8.439999999999998181e+03 0.000000000000000000e+00
8.449999999999998181e+03 0.000000000000000000e+00
8.459999999999998181e+03 0.000000000000000000e+00
8.469999999999998181e+03 3.480760506156525736e-11
8.479999999999998181e+03 8.569144117959842557e-11
8.489999999999998181e+03 6.508789353343834374e-11
8.499999999999998181e+03 0.000000000000000000e+00
8.509999999999998181e+03 1.834224338306770086e-11
8.519999999999998181e+03 0.000000000000000000e+00
8.529999999999998181e+03 1.704928903516324041e-12
8.539999999999998181e+03 8.733554132785240797e-14
8.549999999999998181e+03 1.409136440899244277e-11
8.559999999999998181e+03 5.081845889575654498e-12
8.569999999999998181e+03 0.000000000000000000e+00
8.579999999999998181e+03 0.000000000000000000e+00
8.589999999999998181e+03 0.000000000000000000e+00
8.599999999999998181e+03 1.696805371210808714e-11
8.609999999999998181e+03 2.230991389394817259e-11
8.619999999999998181e+03 6.798436427666340909e-11
8.629999999999998181e+03 3.095415123307676682e-12
8.639999999999998181e+03 0.000000000000000000e+00
8.649999999999998181e+03 9.491382168857413253e-12
8.659999999999998181e+03 1.403514032218897784e-11
8.669999999999998181e+03 3.261760617968164659e-11
8.679999999999998181e+03 0.000000000000000000e+00
8.689999999999998181e+03 0.000000000000000000e+00
8.699999999999998181e+03 0.000000000000000000e+00
8.709999999999998181e+03 0.000000000000000000e+00
8.719999999999998181e+03 1.155361899521742590e-11
8.729999999999998181e+03 0.000000000000000000e+00
8.739999999999998181e+03 6.996671438198213073e-12
8.749999999999998181e+03 1.497536096409362471e-11
8.759999999999998181e+03 5.346553817217182198e-11
8.769999999999998181e+03 3.810333826750608464e-11
8.779999999999998181e+03 3.551504558182255750e-11
8.789999999999998181e+03 2.829562217955498454e-12
8.799999999999998181e+03 1.981949634724655245e-11
8.809999999999998181e+03 4.680522766504339817e-11
8.819999999999998181e+03 9.274180005772391017e-12
8.829999999999998181e+03 1.156506559266907951e-12
8.839999999999998181e+03 3.158368469078741816e-11
8.849999999999998181e+03 0.000000000000000000e+00
8.859999999999998181e+03 5.960499573609267511e-12
8.869999999999998181e+03 1.759471102359823789e-11
8.879999999999998181e+03 2.362070002716024773e-12
8.889999999999998181e+03 0.000000000000000000e+00
8.899999999999998181e+03 0.000000000000000000e+00
8.909999999999998181e+03 0.000000000000000000e+00
8.919999999999998181e+03 0.000000000000000000e+00
8.929999999999998181e+03 2.198377909839237624e-11
8.939999999999998181e+03 1.085988070033157580e-11
8.949999999999998181e+03 0.000000000000000000e+00
8.959999999999998181e+03 1.273344581506511636e-10
8.969999999999998181e+03 0.000000000000000000e+00
8.979999999999998181e+03 4.718287938421350867e-12
8.989999999999998181e+03 2.203974635310751297e-13
8.999999999999998181e+03 4.633671841548628501e-14
9.009999999999998181e+03 3.396506287353802698e-15
9.019999999999998181e+03 1.124817156492480794e-13
9.029999999999998181e+03 2.489961549914889770e-14
9.039999999999998181e+03 1.004689494477115506e-13
9.049999999999998181e+03 0.000000000000000000e+00
9.059999999999998181e+03 0.000000000000000000e+00
9.069999999999998181e+03 0.000000000000000000e+00
9.079999999999998181e+03 0.000000000000000000e+00
9.089999999999998181e+03 0.000000000000000000e+00
9.099999999999998181e+03 0.000000000000000000e+00
9.109999999999998181e+03 0.000000000000000000e+00
9.119999999999998181e+03 0.000000000000000000e+00
9.129999999999998181e+03 0.000000000000000000e+00
9.139999999999998181e+03 0.000000000000000000e+00
9.149999999999998181e+03 0.000000000000000000e+00
9.159999999999998181e+03 0.000000000000000000e+00
9.169999999999998181e+03 0.000000000000000000e+00
9.179999999999998181e+03 0.000000000000000000e+00
9.189999999999998181e+03 0.000000000000000000e+00
9.199999999999998181e+03 0.000000000000000000e+00
9.209999999999998181e+03 0.000000000000000000e+00
9.219999999999998181e+03 0.000000000000000000e+00
9.229999999999998181e+03 0.000000000000000000e+00
9.239999999999998181e+03 0.000000000000000000e+00
9.249999999999998181e+03 0.000000000000000000e+00
9.259999999999998181e+03 0.000000000000000000e+00
9.269999999999998181e+03 0.000000000000000000e+00
9.279999999999998181e+03 0.000000000000000000e+00
9.289999999999998181e+03 0.000000000000000000e+00
9.299999999999998181e+03 0.000000000000000000e+00
9.309999999999998181e+03 0.000000000000000000e+00
9.319999999999998181e+03 0.000000000000000000e+00
9.329999999999998181e+03 0.000000000000000000e+00
9.339999999999998181e+03 0.000000000000000000e+00
9.349999999999998181e+03 0.000000000000000000e+00
9.359999999999998181e+03 0.000000000000000000e+00
9.369999999999998181e+03 0.000000000000000000e+00
9.379999999999998181e+03 0.000000000000000000e+00
9.389999999999998181e+03 0.000000000000000000e+00
9.399999999999998181e+03 0.000000000000000000e+00
9.409999999999998181e+03 0.000000000000000000e+00
9.419999999999998181e+03 0.000000000000000000e+00
9.429999999999998181e+03 0.000000000000000000e+00
9.439999999999998181e+03 0.000000000000000000e+00
9.449999999999998181e+03 0.000000000000000000e+00
9.459999999999998181e+03 0.000000000000000000e+00
9.469999999999998181e+03 0.000000000000000000e+00
9.479999999999998181e+03 0.000000000000000000e+00
9.489999999999998181e+03 0.000000000000000000e+00
9.499999999999998181e+03 0.000000000000000000e+00
9.509999999999998181e+03 0.000000000000000000e+00
9.519999999999998181e+03 0.000000000000000000e+00
9.529999999999998181e+03 0.000000000000000000e+00
9.539999999999998181e+03 0.000000000000000000e+00
9.549999999999998181e+03 0.000000000000000000e+00
9.559999999999998181e+03 0.000000000000000000e+00
9.569999999999998181e+03 0.000000000000000000e+00
9.579999999999998181e+03 0.000000000000000000e+00
9.589999999999998181e+03 0.000000000000000000e+00
9.599999999999998181e+03 0.000000000000000000e+00
9.609999999999998181e+03 0.000000000000000000e+00
9.619999999999998181e+03 0.000000000000000000e+00
9.629999999999998181e+03 0.000000000000000000e+00
9.639999999999998181e+03 0.000000000000000000e+00
9.649999999999998181e+03 0.000000000000000000e+00
9.659999999999998181e+03 0.000000000000000000e+00
9.669999999999998181e+03 0.000000000000000000e+00
9.679999999999998181e+03 0.000000000000000000e+00
9.689999999999998181e+03 0.000000000000000000e+00
9.699999999999998181e+03 0.000000000000000000e+00
9.709999999999998181e+03 0.000000000000000000e+00
9.719999999999998181e+03 1.063540271950557059e-07
9.729999999999998181e+03 0.000000000000000000e+00
9.739999999999998181e+03 0.000000000000000000e+00
9.749999999999998181e+03 0.000000000000000000e+00
9.759999999999998181e+03 0.000000000000000000e+00
9.769999999999998181e+03 0.000000000000000000e+00
9.779999999999998181e+03 0.000000000000000000e+00
9.789999999999998181e+03 0.000000000000000000e+00
9.799999999999998181e+03 0.000000000000000000e+00
9.809999999999998181e+03 0.000000000000000000e+00
9.819999999999998181e+03 0.000000000000000000e+00
9.829999999999998181e+03 0.000000000000000000e+00
9.839999999999998181e+03 0.000000000000000000e+00
9.849999999999998181e+03 0.000000000000000000e+00
9.859999999999998181e+03 0.000000000000000000e+00
9.869999999999998181e+03 0.000000000000000000e+00
9.879999999999998181e+03 0.000000000000000000e+00
9.889999999999998181e+03 0.000000000000000000e+00
9.899999999999998181e+03 0.000000000000000000e+00
9.909999999999998181e+03 0.000000000000000000e+00
9.919999999999998181e+03 0.000000000000000000e+00
9.929999999999998181e+03 0.000000000000000000e+00
9.939999999999998181e+03 0.000000000000000000e+00
9.949999999999998181e+03 0.000000000000000000e+00
9.959999999999998181e+03 0.000000000000000000e+00
9.969999999999998181e+03 0.000000000000000000e+00
9.979999999999998181e+03 5.402488462848726845e-08
9.989999999999998181e+03 0.000000000000000000e+00
9.999999999999998181e+03 0.000000000000000000e+00
1.000999999999999818e+04 0.000000000000000000e+00
1.001999999999999818e+04 0.000000000000000000e+00
1.002999999999999818e+04 0.000000000000000000e+00
1.003999999999999818e+04 0.000000000000000000e+00
1.004999999999999818e+04 0.000000000000000000e+00
1.005999999999999818e+04 0.000000000000000000e+00
1.006999999999999818e+04 0.000000000000000000e+00
1.007999999999999818e+04 0.000000000000000000e+00
1.008999999999999818e+04 0.000000000000000000e+00
1.009999999999999818e+04 0.000000000000000000e+00
1.010999999999999818e+04 0.000000000000000000e+00
1.011999999999999818e+04 0.000000000000000000e+00
1.012999999999999818e+04 0.000000000000000000e+00
1.013999999999999818e+04 0.000000000000000000e+00
1.014999999999999818e+04 0.000000000000000000e+00
1.015999999999999818e+04 0.000000000000000000e+00
1.016999999999999818e+04 0.000000000000000000e+00
1.017999999999999818e+04 0.000000000000000000e+00
1.018999999999999818e+04 0.000000000000000000e+00
1.019999999999999818e+04 0.000000000000000000e+00
1.020999999999999818e+04 0.000000000000000000e+00
1.021999999999999818e+04 0.000000000000000000e+00
1.022999999999999818e+04 0.000000000000000000e+00
1.023999999999999818e+04 0.000000000000000000e+00
1.024999999999999818e+04 0.000000000000000000e+00
1.025999999999999818e+04 0.000000000000000000e+00
1.026999999999999818e+04 5.458417431057072162e-08
1.027999999999999818e+04 1.089413587931030585e-07
1.028999999999999818e+04 2.174901864204538510e-07
1.029999999999999818e+04 5.979627374013315868e-07
1.030999999999999818e+04 1.903924425385927139e-06
1.031999999999999818e+04 9.084511968412417181e-06
1.032999999999999818e+04 7.944748249078544369e-05
1.033999999999999818e+04 9.045154186514482752e-05
1.034999999999999818e+04 5.053759273420805047e-05
1.035999999999999818e+04 5.245725035543371352e-05
1.036999999999999818e+04 7.437686088029719141e-05
1.037999999999999818e+04 9.523344366870796105e-05
1.038999999999999818e+04 7.344080457322025093e-05
1.039999999999999818e+04 4.702609228511080050e-05
1.040999999999999818e+04 3.351127916392446487e-05
1.041999999999999818e+04 2.828727471888172590e-05
1.042999999999999818e+04 2.782207394553211352e-05
1.043999999999999818e+04 3.109193852046965729e-05
1.044999999999999818e+04 3.864127755832435157e-05
1.045999999999999818e+04 5.219991291548311722e-05
1.046999999999999818e+04 7.154822929435532633e-05
1.047999999999999818e+04 8.756627380497219299e-05
1.048999999999999818e+04 8.806850590056620120e-05
1.049999999999999818e+04 7.750134438877097527e-05
1.050999999999999818e+04 6.810155409467265515e-05
1.051999999999999818e+04 6.333257439116124444e-05
1.052999999999999818e+04 6.377806382427016728e-05
1.053999999999999818e+04 6.972067971763332378e-05
1.054999999999999818e+04 7.993225157965902147e-05
1.055999999999999818e+04 8.919772714697766049e-05
1.056999999999999818e+04 8.768737052069399004e-05
1.057999999999999818e+04 7.270685928394436453e-05
1.058999999999999818e+04 5.499240421504042491e-05
1.059999999999999818e+04 4.121333425932734314e-05
1.060999999999999818e+04 3.227358389188499755e-05
1.061999999999999818e+04 2.665653238962892719e-05
1.062999999999999818e+04 2.375052686158801260e-05
1.063999999999999818e+04 2.261581687553557371e-05
1.064999999999999818e+04 2.311535312267226188e-05
1.065999999999999818e+04 2.507845951380363827e-05
1.066999999999999818e+04 2.931422468179135802e-05
1.067999999999999818e+04 3.626681582453677961e-05
1.068999999999999818e+04 4.756920432216493890e-05
1.069999999999999818e+04 6.380450281092493649e-05
1.070999999999999818e+04 8.155864547828533108e-05
1.071999999999999818e+04 8.972055444871820799e-05
1.072999999999999818e+04 8.104572092403500858e-05
1.073999999999999818e+04 6.599847477711721195e-05
1.074999999999999818e+04 5.323946418453657549e-05
1.075999999999999818e+04 4.435004918938750167e-05
1.076999999999999818e+04 3.923719193627107991e-05
1.077999999999999818e+04 3.710227246750985607e-05
1.078999999999999818e+04 3.737938740922062530e-05
1.079999999999999818e+04 4.014802008293361644e-05
1.080999999999999818e+04 4.559165271841044662e-05
1.081999999999999818e+04 5.472016966904581260e-05
1.082999999999999818e+04 6.700981329944463141e-05
1.083999999999999818e+04 8.063128926886134061e-05
1.084999999999999818e+04 8.864226754315022777e-05
1.085999999999999818e+04 8.430548768443077564e-05
1.086999999999999818e+04 7.062678428611894317e-05
1.087999999999999818e+04 5.572002028077003259e-05
1.088999999999999818e+04 4.425809801436137266e-05
1.089999999999999818e+04 3.630836032394854022e-05
1.090999999999999818e+04 3.136278709553820315e-05
1.091999999999999818e+04 2.812496997889098063e-05
1.092999999999999818e+04 2.672885916944773359e-05
1.093999999999999818e+04 2.651322494919091559e-05
1.094999999999999818e+04 2.748768361856370374e-05
1.095999999999999818e+04 3.004044870714798953e-05
1.096999999999999818e+04 3.425514139165383400e-05
1.097999999999999818e+04 4.068257742521884672e-05
1.098999999999999818e+04 4.998678197556290090e-05
1.099999999999999818e+04 6.177515861407688032e-05
1.100999999999999818e+04 7.477199629255625978e-05
1.101999999999999818e+04 8.382213335116666850e-05
1.102999999999999818e+04 8.334725724097838298e-05
1.103999999999999818e+04 7.388576820394335742e-05
1.104999999999999818e+04 6.141435507453342035e-05
1.105999999999999818e+04 5.008595622867021270e-05
1.106999999999999818e+04 4.150161537464388915e-05
1.107999999999999818e+04 3.531019583068878160e-05
1.108999999999999818e+04 3.110661749794138721e-05
1.109999999999999818e+04 2.828337119456873479e-05
1.110999999999999818e+04 2.655811380871961547e-05
1.111999999999999818e+04 2.574140579063380487e-05
1.112999999999999818e+04 2.571659143919961300e-05
1.113999999999999818e+04 2.627232223779167860e-05
1.114999999999999818e+04 2.752470738314403739e-05
1.115999999999999818e+04 2.956581658352530826e-05
1.116999999999999818e+04 3.233104320079361579e-05
1.117999999999999818e+04 3.593591504734198973e-05
1.118999999999999818e+04 4.049036627559501867e-05
1.119999999999999818e+04 4.612191793550492484e-05
1.120999999999999818e+04 5.273257868514888153e-05
1.121999999999999818e+04 5.999637792288624945e-05
1.122999999999999818e+04 6.754603262459281279e-05
1.123999999999999818e+04 7.469646511759777492e-05
1.124999999999999818e+04 8.060397854419158650e-05
1.125999999999999818e+04 8.446989848725599799e-05
1.126999999999999818e+04 8.601486264657092287e-05
1.127999999999999818e+04 8.546171504990047584e-05
1.128999999999999818e+04 8.362964502642602474e-05
1.129999999999999818e+04 8.091490453490505792e-05
1.130999999999999818e+04 7.814196948834908028e-05
1.131999999999999818e+04 7.564885595492312884e-05
1.132999999999999818e+04 7.380467879370848422e-05
1.133999999999999818e+04 7.224479526619620700e-05
1.134999999999999818e+04 7.167789641371997110e-05
1.135999999999999818e+04 7.183136476826113925e-05
1.136999999999999818e+04 7.254779451488601975e-05
1.137999999999999818e+04 7.406160053896833405e-05
1.138999999999999818e+04 7.593795979706399854e-05
1.139999999999999818e+04 7.813752919294067608e-05
1.140999999999999818e+04 8.058003419641725446e-05
1.141999999999999818e+04 8.278525560288392516e-05
1.142999999999999818e+04 8.452540964774737237e-05
1.143999999999999818e+04 8.575049022749847152e-05
1.144999999999999818e+04 8.607836096559165723e-05
1.145999999999999818e+04 8.582234547033702244e-05
1.146999999999999818e+04 8.486174312549640006e-05
1.147999999999999818e+04 8.355014862502157602e-05
1.148999999999999818e+04 8.208899279929514380e-05
1.149999999999999818e+04 8.070567853513577368e-05
1.150999999999999818e+04 7.982303673348600185e-05
1.151999999999999818e+04 7.914353463650172077e-05
1.152999999999999818e+04 7.898689894225434014e-05
1.153999999999999818e+04 7.940417507585225386e-05
1.154999999999999818e+04 8.027972812107137912e-05
1.155999999999999818e+04 8.156769799602823156e-05
1.156999999999999818e+04 8.312064109020531294e-05
1.157999999999999818e+04 8.486693804989941853e-05
1.158999999999999818e+04 8.634060934795453055e-05
1.159999999999999818e+04 8.759322673448818571e-05
1.160999999999999818e+04 8.825590070116636203e-05
1.161999999999999818e+04 8.825754494373060826e-05
1.162999999999999818e+04 8.770384456317247327e-05
1.163999999999999818e+04 8.665248284295947259e-05
1.164999999999999818e+04 8.516863032328382435e-05
1.165999999999999818e+04 8.361672265263148151e-05
1.166999999999999818e+04 8.205111981252869065e-05
1.167999999999999818e+04 8.076446941634505649e-05
1.168999999999999818e+04 7.971627503178424664e-05
1.169999999999999818e+04 7.919836316202087819e-05
1.170999999999999818e+04 7.914888691041160353e-05
1.171999999999999818e+04 7.954181911250120501e-05
1.172999999999999818e+04 8.039830161714579479e-05
1.173999999999999818e+04 8.162048526056901309e-05
1.174999999999999818e+04 8.315335254024858907e-05
1.175999999999999818e+04 8.467404562780955074e-05
1.176999999999999818e+04 8.595917816147445969e-05
1.177999999999999818e+04 8.711815845117343489e-05
1.178999999999999818e+04 8.779284751011506827e-05
1.179999999999999818e+04 8.803206843026630923e-05
1.180999999999999818e+04 8.765102718422545668e-05
1.181999999999999818e+04 8.672654039147358984e-05
1.182999999999999818e+04 8.562564948564849816e-05
1.183999999999999818e+04 8.432395680492932538e-05
1.184999999999999818e+04 8.319024041863547464e-05
1.185999999999999818e+04 8.221010120710565787e-05
1.186999999999999818e+04 8.166077875739683996e-05
1.187999999999999818e+04 8.139549243644279440e-05
1.188999999999999818e+04 8.168132329238744164e-05
1.189999999999999818e+04 8.247584773078213665e-05
1.190999999999999818e+04 8.376934395259054758e-05
1.191999999999999818e+04 8.528924154162754946e-05
1.192999999999999818e+04 8.675617222732599559e-05
1.193999999999999818e+04 8.796620828326965074e-05
1.194999999999999818e+04 8.850969317213122829e-05
1.195999999999999818e+04 8.787410435291800924e-05
1.196999999999999818e+04 8.587503988503527046e-05
1.197999999999999818e+04 8.222717230201640186e-05
1.198999999999999818e+04 7.729655948439365554e-05
1.199999999999999818e+04 7.126971180397365785e-05
1.200999999999999818e+04 6.477089406693821905e-05
1.201999999999999818e+04 5.819910837414638417e-05
1.202999999999999818e+04 5.212324781700568808e-05
1.203999999999999818e+04 4.660033318033444472e-05
1.204999999999999818e+04 4.180474543043339160e-05
1.205999999999999818e+04 3.774403192913752586e-05
1.206999999999999818e+04 3.429310987005063050e-05
1.207999999999999818e+04 3.146766732130846378e-05
1.208999999999999818e+04 2.922660712277635995e-05
1.209999999999999818e+04 2.744948189706376487e-05
1.210999999999999818e+04 2.608504321087336462e-05
1.211999999999999818e+04 2.517852746593456575e-05
1.212999999999999818e+04 2.457924875587613701e-05
1.213999999999999818e+04 2.436121643734166770e-05
1.214999999999999818e+04 2.444875379640014019e-05
1.215999999999999818e+04 2.494226987257673543e-05
1.216999999999999818e+04 2.583319433530806053e-05
1.217999999999999818e+04 2.715169730949888789e-05
1.218999999999999818e+04 2.890640394325410091e-05
1.219999999999999818e+04 3.131851441004626456e-05
1.220999999999999818e+04 3.441867572933981437e-05
1.221999999999999818e+04 3.839830627285124474e-05
1.222999999999999818e+04 4.336968783894391502e-05
1.223999999999999818e+04 4.962916849419313475e-05
1.224999999999999818e+04 5.717917064012058688e-05
1.225999999999999818e+04 6.573112209691899899e-05
1.226999999999999818e+04 7.493747206555091971e-05
1.227999999999999818e+04 8.362765712543901464e-05
1.228999999999999818e+04 9.024020256001921703e-05
1.229999999999999818e+04 9.337078069713890271e-05
1.230999999999999818e+04 9.246349268088591481e-05
1.231999999999999818e+04 8.807101610365274450e-05
1.232999999999999818e+04 8.173367901770839166e-05
1.233999999999999818e+04 7.473835965980371772e-05
1.234999999999999818e+04 6.824516128025594989e-05
1.235999999999999818e+04 6.254782552055876779e-05
1.236999999999999818e+04 5.794637395022312655e-05
1.237999999999999818e+04 5.447282134143407035e-05
1.238999999999999818e+04 5.204545814332138325e-05
1.239999999999999818e+04 5.057311569410711144e-05
1.240999999999999818e+04 5.000869740615311772e-05
1.241999999999999818e+04 5.035051957163929736e-05
1.242999999999999818e+04 5.149925353864799870e-05
1.243999999999999818e+04 5.346305902818027892e-05
1.244999999999999818e+04 5.637522084567881596e-05
1.245999999999999818e+04 6.019850550217012696e-05
1.246999999999999818e+04 6.481091559837093589e-05
1.247999999999999818e+04 7.004425970474952240e-05
1.248999999999999818e+04 7.583279833221676883e-05
1.249999999999999818e+04 8.139270375759403943e-05
1.250999999999999818e+04 8.612614788017478897e-05
1.251999999999999818e+04 8.937501353249418037e-05
1.252999999999999818e+04 9.049041240161961788e-05
1.253999999999999818e+04 8.925960469875066083e-05
1.254999999999999818e+04 8.598399937837918495e-05
1.255999999999999818e+04 8.153913595037412022e-05
1.256999999999999818e+04 7.650770109015049797e-05
1.257999999999999818e+04 7.148369490262374492e-05
1.258999999999999818e+04 6.689922323261157915e-05
1.259999999999999818e+04 6.292894652534894873e-05
1.260999999999999818e+04 5.986515039045374253e-05
1.261999999999999818e+04 5.755701523373699932e-05
1.262999999999999818e+04 5.598462223653360439e-05
1.263999999999999818e+04 5.528285180797542272e-05
1.264999999999999818e+04 5.512925016134325330e-05
1.265999999999999818e+04 5.586668088475458741e-05
1.266999999999999818e+04 5.724401144785000857e-05
1.267999999999999818e+04 5.930896263473278576e-05
1.268999999999999818e+04 6.212636211910170731e-05
1.269999999999999818e+04 6.553144121745972358e-05
1.270999999999999818e+04 6.951939805861570153e-05
1.271999999999999818e+04 7.390172212667151170e-05
1.272999999999999818e+04 7.844784229195858193e-05
1.273999999999999818e+04 8.280955393277195206e-05
1.274999999999999818e+04 8.662806231642792188e-05
1.275999999999999818e+04 8.949108149080917801e-05
1.276999999999999818e+04 9.108944955031760709e-05
1.277999999999999818e+04 9.142511248451881006e-05
1.278999999999999818e+04 9.058927328638788693e-05
1.279999999999999818e+04 8.865866120398901214e-05
1.280999999999999818e+04 8.634729235638602656e-05
1.281999999999999818e+04 8.358533294213557889e-05
1.282999999999999818e+04 8.087497247896093704e-05
1.283999999999999818e+04 7.852030138763938731e-05
1.284999999999999818e+04 7.656325191871667330e-05
1.285999999999999818e+04 7.504859361824230688e-05
1.286999999999999818e+04 7.422528021164947196e-05
1.287999999999999818e+04 7.394217948980111906e-05
1.288999999999999818e+04 7.420047802801654508e-05
1.289999999999999818e+04 7.496244142663445399e-05
1.290999999999999818e+04 7.618773073297111561e-05
1.291999999999999818e+04 7.802858493401235152e-05
1.292999999999999818e+04 8.012088445078818690e-05
1.293999999999999818e+04 8.234578176095376772e-05
1.294999999999999818e+04 8.449775365888378270e-05
1.295999999999999818e+04 8.650915840145121131e-05
1.296999999999999818e+04 8.803298821448039347e-05
1.297999999999999818e+04 8.913946461874819381e-05
1.298999999999999818e+04 8.945107585854235614e-05
1.299999999999999818e+04 8.916381057321620023e-05
1.300999999999999818e+04 8.809787028083867989e-05
1.301999999999999818e+04 8.662993150860957316e-05
1.302999999999999818e+04 8.483704365895415210e-05
1.303999999999999818e+04 8.285745332832181750e-05
1.304999999999999818e+04 8.083710885406523246e-05
1.305999999999999818e+04 7.907002739082073155e-05
1.306999999999999818e+04 7.759716464698096787e-05
1.307999999999999818e+04 7.641074612890773104e-05
1.308999999999999818e+04 7.570134113689299792e-05
1.309999999999999818e+04 7.545488160640404938e-05
1.310999999999999818e+04 7.580814363187007279e-05
1.311999999999999818e+04 7.656452004743386191e-05
1.312999999999999818e+04 7.779951627876990320e-05
1.313999999999999818e+04 7.947360891961522701e-05
1.314999999999999818e+04 8.153967711384571234e-05
1.315999999999999818e+04 8.382754769105565712e-05
1.316999999999999818e+04 8.634395226709002107e-05
1.317999999999999818e+04 8.869999497405812604e-05
1.318999999999999818e+04 9.077003959870964659e-05
1.319999999999999818e+04 9.228506733197882055e-05
1.320999999999999818e+04 9.304318843926989496e-05
1.321999999999999818e+04 9.283868490121131476e-05
1.322999999999999818e+04 9.166344769421582589e-05
1.323999999999999818e+04 8.941972188536706772e-05
1.324999999999999818e+04 8.657491857797118941e-05
1.325999999999999818e+04 8.289619397416978907e-05
1.326999999999999818e+04 7.893529426818584368e-05
1.327999999999999818e+04 7.498398414772328656e-05
1.328999999999999818e+04 7.092767183522317607e-05
1.329999999999999818e+04 6.717138152421683937e-05
1.330999999999999818e+04 6.375730995376564943e-05
1.331999999999999818e+04 6.079840080684665882e-05
1.332999999999999818e+04 5.816923687137463161e-05
1.333999999999999818e+04 5.599149846085557181e-05
1.334999999999999818e+04 5.421969863748854268e-05
1.335999999999999818e+04 5.287511195614118031e-05
1.336999999999999818e+04 5.186159937610706604e-05
1.337999999999999818e+04 5.133776335004005897e-05
1.338999999999999818e+04 5.120701167804564207e-05
1.339999999999999818e+04 5.141469605358942654e-05
1.340999999999999818e+04 5.193491526868480461e-05
1.341999999999999818e+04 5.299601954800581808e-05
1.342999999999999818e+04 5.437064902705349189e-05
1.343999999999999818e+04 5.621402584834230692e-05
1.344999999999999818e+04 5.848456247159210719e-05
1.345999999999999818e+04 6.106479371016186846e-05
1.346999999999999818e+04 6.424658464030702672e-05
1.347999999999999818e+04 6.768763894308244770e-05
1.348999999999999818e+04 7.159939741281946672e-05
1.349999999999999818e+04 7.568906096728258677e-05
1.350999999999999818e+04 7.981867864597260288e-05
1.351999999999999818e+04 8.370806349470591792e-05
1.352999999999999818e+04 8.712120660385137209e-05
1.353999999999999818e+04 8.953623624076267461e-05
1.354999999999999818e+04 9.052462435064548675e-05
1.355999999999999818e+04 8.988543806284264386e-05
1.356999999999999818e+04 8.772497648628574060e-05
1.357999999999999818e+04 8.394615496119425238e-05
1.358999999999999818e+04 7.896947464798256171e-05
1.359999999999999818e+04 7.331075697047874547e-05
1.360999999999999818e+04 6.707181017447261674e-05
1.361999999999999818e+04 6.109420389956477545e-05
1.362999999999999818e+04 5.518661989313591697e-05
1.363999999999999818e+04 4.992006053860450094e-05
1.364999999999999818e+04 4.503790261155258715e-05
1.365999999999999818e+04 4.079648240439374827e-05
1.366999999999999818e+04 3.701275533202440904e-05
1.367999999999999818e+04 3.369695724471607378e-05
1.368999999999999818e+04 3.084508005689549356e-05
1.369999999999999818e+04 2.831105982031519220e-05
1.370999999999999818e+04 2.606405580371371749e-05
1.371999999999999818e+04 2.413771540735223762e-05
1.372999999999999818e+04 2.251940105926798560e-05
1.373999999999999818e+04 2.102332140201766602e-05
1.374999999999999818e+04 1.979118934688651530e-05
1.375999999999999818e+04 1.881716431798253965e-05
1.376999999999999818e+04 1.797703833839054820e-05
1.377999999999999818e+04 1.727990444876224789e-05
1.378999999999999818e+04 1.683023900815946864e-05
1.379999999999999818e+04 1.647425297171267123e-05
1.380999999999999818e+04 1.624594751640224383e-05
1.381999999999999818e+04 1.620644127440594220e-05
1.382999999999999818e+04 1.625300170188553843e-05
1.383999999999999818e+04 1.648480725626700022e-05
1.384999999999999818e+04 1.678882056922112860e-05
1.385999999999999818e+04 1.725632181316184141e-05
1.386999999999999818e+04 1.784447920215641452e-05
1.387999999999999818e+04 1.855722965119230110e-05
1.388999999999999818e+04 1.943800314401355553e-05
1.389999999999999818e+04 2.045417543512023179e-05
1.390999999999999818e+04 2.168367125039046537e-05
1.391999999999999818e+04 2.306791793694503348e-05
1.392999999999999818e+04 2.465366882182177383e-05
1.393999999999999818e+04 2.653502018825750481e-05
1.394999999999999818e+04 2.863044863624967669e-05
1.395999999999999818e+04 3.100310553861891519e-05
1.396999999999999818e+04 3.365513419101753264e-05
1.397999999999999818e+04 3.670846682812262124e-05
1.398999999999999818e+04 4.003588330972077607e-05
1.399999999999999818e+04 4.378086294370149269e-05
1.400999999999999818e+04 4.777581757789336878e-05
1.401999999999999818e+04 5.204282812819281136e-05
1.402999999999999818e+04 5.658858520421433902e-05
1.403999999999999818e+04 6.128605742159838274e-05
1.404999999999999818e+04 6.583206835449418660e-05
1.405999999999999818e+04 7.018374792533268525e-05
1.406999999999999818e+04 7.428041123569979038e-05
1.407999999999999818e+04 7.776701572249229406e-05
1.408999999999999818e+04 8.046498712514966751e-05
1.409999999999999818e+04 8.240604994228745779e-05
1.410999999999999818e+04 8.345970527111860751e-05
1.411999999999999818e+04 8.372720814235437862e-05
1.412999999999999818e+04 8.329247667208456362e-05
1.413999999999999818e+04 8.216923421875730964e-05
1.414999999999999818e+04 8.072257374757736562e-05
1.415999999999999818e+04 7.882331186097659163e-05
1.416999999999999818e+04 7.681465946523328959e-05
1.417999999999999818e+04 7.469750385733174558e-05
1.418999999999999818e+04 7.258648782076730069e-05
1.419999999999999818e+04 7.046948900421017730e-05
1.420999999999999818e+04 6.847592487934403387e-05
1.421999999999999818e+04 6.660874007621684538e-05
1.422999999999999818e+04 6.492124550680925606e-05
1.423999999999999818e+04 6.345229879812845327e-05
1.424999999999999818e+04 6.212402121633461448e-05
1.425999999999999818e+04 6.113332432085887762e-05
1.426999999999999818e+04 6.026394799532241515e-05
1.427999999999999818e+04 5.952704054977611670e-05
1.428999999999999818e+04 5.900442278174149343e-05
1.429999999999999818e+04 5.858686012743750655e-05
1.430999999999999818e+04 5.849866682331487597e-05
1.431999999999999818e+04 5.857285703213503946e-05
1.432999999999999818e+04 5.877718267991126751e-05
1.433999999999999818e+04 5.925091906675634452e-05
1.434999999999999818e+04 5.973353267048206260e-05
1.435999999999999818e+04 6.053471463849057600e-05
1.436999999999999818e+04 6.150238795357634988e-05
1.437999999999999818e+04 6.251048209122036083e-05
1.438999999999999818e+04 6.374807975214553447e-05
1.439999999999999818e+04 6.515179605558427144e-05
1.440999999999999818e+04 6.659596017608957906e-05
1.441999999999999818e+04 6.824659255460049012e-05
1.442999999999999818e+04 6.990987847114566421e-05
1.443999999999999818e+04 7.168347234474279825e-05
1.444999999999999818e+04 7.340600470695346328e-05
1.445999999999999818e+04 7.518557322965408471e-05
1.446999999999999818e+04 7.695197561249834289e-05
1.447999999999999818e+04 7.862350885744561022e-05
1.448999999999999818e+04 8.007793954011957244e-05
1.449999999999999818e+04 8.140773308624244182e-05
1.450999999999999818e+04 8.257617472399325252e-05
1.451999999999999818e+04 8.345282114435617865e-05
1.452999999999999818e+04 8.416719336104667938e-05
1.453999999999999818e+04 8.457733579457676930e-05
1.454999999999999818e+04 8.473466353428194128e-05
1.455999999999999818e+04 8.467134776298308643e-05
1.456999999999999818e+04 8.436726576577826793e-05
1.457999999999999818e+04 8.406775311265252896e-05
1.458999999999999818e+04 8.355679976435009370e-05
1.459999999999999818e+04 8.297835310625002703e-05
1.460999999999999818e+04 8.233840506377357608e-05
1.461999999999999818e+04 8.168866674807203113e-05
1.462999999999999818e+04 8.119246037521304037e-05
1.463999999999999818e+04 8.073923699275066068e-05
1.464999999999999818e+04 8.035652535724432163e-05
1.465999999999999818e+04 8.019035102956517322e-05
1.466999999999999818e+04 8.017275471391814177e-05
1.467999999999999818e+04 8.038366198719483057e-05
1.468999999999999818e+04 8.079863024358359359e-05
1.469999999999999818e+04 8.146097997438569332e-05
1.470999999999999818e+04 8.241838146757209875e-05
1.471999999999999818e+04 8.374492949370486721e-05
1.472999999999999818e+04 8.530174044861380195e-05
1.473999999999999818e+04 8.721157499009395163e-05
1.474999999999999818e+04 8.959642522621243728e-05
1.475999999999999818e+04 9.245953452975017798e-05
1.476999999999999818e+04 9.575938642446176754e-05
1.477999999999999818e+04 9.955654403605888544e-05
1.478999999999999818e+04 1.038799414276314614e-04
1.479999999999999818e+04 1.090373480583664367e-04
1.480999999999999818e+04 1.149107433561668461e-04
1.481999999999999818e+04 1.216114553488940598e-04
1.482999999999999818e+04 1.294084378328623508e-04
1.483999999999999818e+04 1.385154242818857455e-04
1.484999999999999818e+04 1.485034392925668116e-04
1.485999999999999818e+04 1.601987088291072128e-04
1.486999999999999818e+04 1.736055666925202096e-04
1.487999999999999818e+04 1.890137923115684871e-04
1.488999999999999818e+04 2.069566929229904454e-04
1.489999999999999818e+04 2.277691412395820491e-04
1.490999999999999818e+04 2.520738106404692039e-04
1.491999999999999818e+04 2.798570371257796648e-04
1.492999999999999818e+04 3.128737045786462111e-04
1.493999999999999818e+04 3.516252491041335832e-04
1.494999999999999818e+04 3.975005991190387351e-04
1.495999999999999818e+04 4.515767685955003152e-04
1.496999999999999818e+04 5.159341482570455398e-04
1.497999999999999818e+04 5.925374062573558493e-04
1.498999999999999818e+04 6.857958725048903881e-04
1.499999999999999818e+04 7.972565198891005045e-04
1.500999999999999818e+04 9.343005084507219511e-04
1.501999999999999818e+04 1.101468304141900879e-03
1.502999999999999818e+04 1.306873404602321761e-03
1.503999999999999818e+04 1.561009313230632542e-03
1.504999999999999818e+04 1.878381819192197514e-03
1.505999999999999818e+04 2.279268894376490062e-03
1.506999999999999818e+04 2.783520573498858043e-03
1.507999999999999818e+04 3.430484273298535416e-03
1.508999999999999818e+04 4.259409656901205765e-03
1.509999999999999818e+04 5.339850806705890608e-03
1.510999999999999818e+04 6.751709362933269211e-03
1.511999999999999818e+04 8.622810630825407385e-03
1.512999999999999818e+04 1.112635830878418337e-02
1.513999999999999818e+04 1.449950746755228857e-02
1.514999999999999818e+04 1.908168700561124406e-02
1.515999999999999818e+04 2.540453952118416903e-02
1.516999999999999818e+04 3.417198115110126749e-02
1.517999999999999818e+04 4.640940727922644726e-02
1.518999999999999818e+04 6.356567679638917834e-02
1.519999999999999818e+04 8.741030553056727825e-02
1.520999999999999818e+04 1.202998998614178000e-01
1.521999999999999818e+04 1.649335613435878034e-01
1.522999999999999818e+04 2.216417768624621698e-01
1.523999999999999818e+04 2.894931367815747336e-01
1.524999999999999818e+04 3.624139553104421818e-01
1.525999999999999818e+04 4.307961955670351895e-01
1.526999999999999818e+04 4.863946710046767041e-01
1.527999999999999818e+04 5.242603924983264552e-01
1.528999999999999818e+04 5.461085050622044301e-01
1.529999999999999818e+04 5.560897134481010973e-01
1.530999999999999818e+04 5.592790452106999322e-01
1.531999999999999818e+04 5.589933326190962282e-01
1.532999999999999818e+04 5.584294865858885348e-01
1.533999999999999818e+04 5.565852013305006007e-01
1.534999999999999818e+04 5.561462043102209929e-01
1.535999999999999636e+04 5.567174270458273844e-01
1.536999999999999636e+04 5.563215569971183827e-01
1.537999999999999636e+04 5.565922914235389429e-01
1.538999999999999636e+04 5.573612682780597627e-01
1.539999999999999636e+04 5.574655871757145942e-01
1.540999999999999636e+04 5.583234609361042988e-01
1.541999999999999636e+04 5.576930199398664190e-01
1.542999999999999636e+04 5.575344928700458613e-01
1.543999999999999636e+04 5.568376100544338847e-01
1.544999999999999636e+04 5.561026031701477024e-01
1.545999999999999636e+04 5.556599493057197137e-01
1.546999999999999636e+04 5.553487830128910341e-01
1.547999999999999636e+04 5.549755964622717919e-01
1.548999999999999636e+04 5.545031994639090245e-01
1.549999999999999636e+04 5.543450100102353950e-01
1.550999999999999636e+04 5.548105481952665397e-01
1.551999999999999636e+04 5.545658678954675791e-01
1.552999999999999636e+04 5.558836307574278601e-01
1.553999999999999636e+04 5.563834331476890105e-01
1.554999999999999636e+04 5.560969044118843074e-01
1.555999999999999636e+04 5.562995185025834122e-01
1.556999999999999636e+04 5.569977566668710134e-01
1.557999999999999636e+04 5.574307384258919695e-01
1.558999999999999636e+04 5.574776965819723262e-01
1.559999999999999636e+04 5.575683492535473684e-01
1.560999999999999636e+04 5.566915450607889948e-01
1.561999999999999636e+04 5.563446955202613342e-01
1.562999999999999636e+04 5.560245195744937252e-01
1.563999999999999636e+04 5.555619906345929948e-01
1.564999999999999636e+04 5.552590738326173003e-01
1.565999999999999636e+04 5.550537829170870685e-01
1.566999999999999636e+04 5.544704883229093495e-01
1.567999999999999636e+04 5.541624987295770133e-01
1.568999999999999636e+04 5.542041558244301669e-01
1.569999999999999636e+04 5.544784225112012743e-01
1.570999999999999636e+04 5.550946649916190800e-01
1.571999999999999636e+04 5.552068028138041900e-01
1.572999999999999636e+04 5.552890184561339870e-01
1.573999999999999636e+04 5.558639489860447425e-01
1.574999999999999636e+04 5.568209849743307460e-01
1.575999999999999636e+04 5.566341464109968440e-01
1.576999999999999636e+04 5.569783308631218732e-01
1.577999999999999636e+04 5.577518831564568513e-01
1.578999999999999636e+04 5.579791057340408589e-01
1.579999999999999636e+04 5.579656359866149717e-01
1.580999999999999636e+04 5.580359887285384346e-01
1.581999999999999636e+04 5.575787041654971521e-01
1.582999999999999636e+04 5.572924143187333312e-01
1.583999999999999636e+04 5.572598612486278080e-01
1.584999999999999636e+04 5.574707099841520463e-01
1.585999999999999636e+04 5.570119984254644496e-01
1.586999999999999636e+04 5.566029768303726311e-01
1.587999999999999636e+04 5.560544838065516471e-01
1.588999999999999636e+04 5.557064787649680371e-01
1.589999999999999636e+04 5.550235705562951427e-01
1.590999999999999636e+04 5.550432483127003547e-01
1.591999999999999636e+04 5.546479495920682012e-01
1.592999999999999636e+04 5.546900247042098053e-01
1.593999999999999636e+04 5.544131124715945269e-01
1.594999999999999636e+04 5.541736701419703870e-01
1.595999999999999636e+04 5.540464658425025002e-01
1.596999999999999636e+04 5.540134424737268581e-01
1.597999999999999636e+04 5.539280000171319385e-01
1.598999999999999636e+04 5.540930429521129241e-01
1.599999999999999636e+04 5.544084930898284247e-01
1.600999999999999636e+04 5.546173872673632044e-01
1.601999999999999636e+04 5.542132684193459280e-01
1.602999999999999636e+04 5.542788976991745997e-01
1.603999999999999636e+04 5.543142496350140780e-01
1.604999999999999636e+04 5.542841253792640810e-01
1.605999999999999636e+04 5.544237570814680716e-01
1.606999999999999636e+04 5.536870200988233126e-01
1.607999999999999636e+04 5.535990222869356936e-01
1.608999999999999636e+04 5.529850801943914096e-01
1.609999999999999636e+04 5.524943613807321574e-01
1.610999999999999636e+04 5.517991891273774652e-01
1.611999999999999636e+04 5.513988092765371718e-01
1.612999999999999636e+04 5.509212026128464945e-01
1.613999999999999636e+04 5.504922302044661375e-01
1.614999999999999636e+04 5.503824064252267334e-01
1.615999999999999636e+04 5.501470316199336130e-01
1.616999999999999636e+04 5.495662710098400128e-01
1.617999999999999636e+04 5.490968830096536468e-01
1.618999999999999636e+04 5.488671651597570866e-01
1.619999999999999636e+04 5.487764181996747093e-01
1.620999999999999636e+04 5.491811273253247583e-01
1.621999999999999636e+04 5.484452298877575682e-01
1.622999999999999636e+04 5.479089160217124332e-01
1.623999999999999636e+04 5.487751993999341327e-01
1.624999999999999636e+04 5.486146551111875658e-01
1.625999999999999636e+04 5.486053528340016916e-01
1.626999999999999636e+04 5.485792577643029411e-01
1.627999999999999636e+04 5.483321224327848409e-01
1.628999999999999636e+04 5.487795729833353509e-01
1.629999999999999636e+04 5.483889922089335567e-01
1.630999999999999636e+04 5.487452577586644509e-01
1.631999999999999636e+04 5.482519607586732180e-01
1.632999999999999636e+04 5.479326729023854536e-01
1.633999999999999636e+04 5.473257562770069695e-01
1.634999999999999636e+04 5.470940659782594917e-01
1.635999999999999636e+04 5.468137648477796597e-01
1.636999999999999636e+04 5.462979130018221774e-01
1.637999999999999636e+04 5.459487850023349020e-01
1.638999999999999636e+04 5.454080950261093186e-01
1.639999999999999636e+04 5.452473930104883015e-01
1.640999999999999636e+04 5.446645290627595282e-01
1.641999999999999636e+04 5.437597435174481575e-01
1.642999999999999636e+04 5.441235973933558068e-01
1.643999999999999636e+04 5.436629908617923723e-01
1.644999999999999636e+04 5.437350399842048043e-01
1.645999999999999636e+04 5.430342923294223523e-01
1.646999999999999636e+04 5.424599653496700036e-01
1.647999999999999636e+04 5.432903149747325688e-01
1.648999999999999636e+04 5.429124128820432826e-01
1.649999999999999636e+04 5.433362065202459457e-01
1.650999999999999636e+04 5.431212249854411311e-01
1.651999999999999636e+04 5.434299384286200851e-01
1.652999999999999636e+04 5.432350583397606014e-01
1.653999999999999636e+04 5.441176143104536900e-01
1.654999999999999636e+04 5.443065862720443127e-01
1.655999999999999636e+04 5.443404392977704287e-01
1.656999999999999636e+04 5.447131365176290929e-01
1.657999999999999636e+04 5.452168360192145569e-01
1.658999999999999636e+04 5.453487697093352127e-01
1.659999999999999636e+04 5.455141518290709257e-01
1.660999999999999636e+04 5.457575730743150499e-01
1.661999999999999636e+04 5.456261623585285658e-01
1.662999999999999636e+04 5.457139067498416596e-01
1.663999999999999636e+04 5.457056153623710548e-01
1.664999999999999636e+04 5.456944918572446124e-01
1.665999999999999636e+04 5.454744801945827781e-01
1.666999999999999636e+04 5.452592944170692180e-01
1.667999999999999636e+04 5.451966406761268313e-01
1.668999999999999636e+04 5.450920887693110339e-01
1.669999999999999636e+04 5.448931447124015781e-01
1.670999999999999636e+04 5.444436203604909874e-01
1.671999999999999636e+04 5.444636037174094279e-01
1.672999999999999636e+04 5.442679109339580990e-01
1.673999999999999636e+04 5.439382173847910895e-01
1.674999999999999636e+04 5.438498100080827458e-01
1.675999999999999636e+04 5.441186071550423442e-01
1.676999999999999636e+04 5.436711596909434840e-01
1.677999999999999636e+04 5.433100587879459153e-01
1.678999999999999636e+04 5.436688828826105047e-01
1.679999999999999636e+04 5.433182696289932112e-01
1.680999999999999636e+04 5.433142789107890946e-01
1.681999999999999636e+04 5.434719135615093677e-01
1.682999999999999636e+04 5.440415250459879060e-01
1.683999999999999636e+04 5.445828318694849735e-01
1.684999999999999636e+04 5.450784411656981465e-01
1.685999999999999636e+04 5.450371514770109282e-01
1.686999999999999636e+04 5.450408161232487281e-01
1.687999999999999636e+04 5.455327411824842931e-01
1.688999999999999636e+04 5.460423586232131532e-01
1.689999999999999636e+04 5.461668056833239859e-01
1.690999999999999636e+04 5.460772286494516292e-01
1.691999999999999636e+04 5.467018699826481365e-01
1.692999999999999636e+04 5.476015018600975948e-01
1.693999999999999636e+04 5.472337388060938279e-01
1.694999999999999636e+04 5.472668773092693728e-01
1.695999999999999636e+04 5.474167022290066242e-01
1.696999999999999636e+04 5.468817809067558766e-01
1.697999999999999636e+04 5.469172108812848654e-01
1.698999999999999636e+04 5.478442740459398275e-01
1.699999999999999636e+04 5.472725987000142123e-01
1.700999999999999636e+04 5.473417875241645136e-01
1.701999999999999636e+04 5.468449027489257208e-01
1.702999999999999636e+04 5.463311306929014011e-01
1.703999999999999636e+04 5.467660530345741510e-01
1.704999999999999636e+04 5.467788539232815159e-01
1.705999999999999636e+04 5.465970040032265276e-01
1.706999999999999636e+04 5.465219511436971711e-01
1.707999999999999636e+04 5.463666878984895225e-01
1.708999999999999636e+04 5.466691353872562553e-01
1.709999999999999636e+04 5.467989024096371331e-01
1.710999999999999636e+04 5.463363366852214131e-01
1.711999999999999636e+04 5.468439299667352538e-01
1.712999999999999636e+04 5.463148281696448283e-01
1.713999999999999636e+04 5.462648299403231045e-01
1.714999999999999636e+04 5.475772208250582196e-01
1.715999999999999636e+04 5.470688975858589709e-01
1.716999999999999636e+04 5.473314509472343437e-01
1.717999999999999636e+04 5.477737924230607902e-01
1.718999999999999636e+04 5.480566817068299734e-01
1.719999999999999636e+04 5.479535004788019803e-01
1.720999999999999636e+04 5.485450091530673644e-01
1.721999999999999636e+04 5.484840187010655566e-01
1.722999999999999636e+04 5.488184664914648181e-01
1.723999999999999636e+04 5.488981457460675450e-01
1.724999999999999636e+04 5.495041127583796259e-01
1.725999999999999636e+04 5.496758628300083549e-01
1.726999999999999636e+04 5.495933722668003840e-01
1.727999999999999636e+04 5.494571653622714047e-01
1.728999999999999636e+04 5.494025511446352095e-01
1.729999999999999636e+04 5.495728991298453048e-01
1.730999999999999636e+04 5.497280646605802179e-01
1.731999999999999636e+04 5.499625654928826934e-01
1.732999999999999636e+04 5.497471969688009219e-01
1.733999999999999636e+04 5.495902462877971795e-01
1.734999999999999636e+04 5.492122225591286044e-01
1.735999999999999636e+04 5.490003471154458747e-01
1.736999999999999636e+04 5.490610326463986057e-01
1.737999999999999636e+04 5.491044858160163411e-01
1.738999999999999636e+04 5.489306167081353660e-01
1.739999999999999636e+04 5.486747510690909158e-01
1.740999999999999636e+04 5.478096352109932399e-01
1.741999999999999636e+04 5.482350831694299265e-01
1.742999999999999636e+04 5.476397002304969064e-01
1.743999999999999636e+04 5.482531321381124423e-01
1.744999999999999636e+04 5.480793240081023310e-01
1.745999999999999636e+04 5.471696006964141823e-01
1.746999999999999636e+04 5.473299037693977187e-01
1.747999999999999636e+04 5.484078203527747997e-01
1.748999999999999636e+04 5.480005492992526817e-01
1.749999999999999636e+04 5.480682513320793703e-01
1.750999999999999636e+04 5.472335672279940999e-01
1.751999999999999636e+04 5.483332984702862234e-01
1.752999999999999636e+04 5.479337159653144829e-01
1.753999999999999636e+04 5.482674812118495389e-01
1.754999999999999636e+04 5.485346105222581592e-01
1.755999999999999636e+04 5.490677901292453367e-01
1.756999999999999636e+04 5.491310995669056449e-01
1.757999999999999636e+04 5.489820496876733902e-01
1.758999999999999636e+04 5.490057946112488763e-01
1.759999999999999636e+04 5.488188510720189983e-01
1.760999999999999636e+04 5.497673433473569959e-01
1.761999999999999636e+04 5.487753066199125840e-01
1.762999999999999636e+04 5.494843214067364201e-01
1.763999999999999636e+04 5.488545047490831497e-01
1.764999999999999636e+04 5.496019688899440592e-01
1.765999999999999636e+04 5.485436791075823937e-01
1.766999999999999636e+04 5.489630541050144474e-01
1.767999999999999636e+04 5.490705448004236100e-01
1.768999999999999636e+04 5.491654600423591104e-01
1.769999999999999636e+04 5.479770707978828259e-01
1.770999999999999636e+04 5.477470165210744923e-01
1.771999999999999636e+04 5.475548545218124064e-01
1.772999999999999636e+04 5.481519928868463509e-01
1.773999999999999636e+04 5.485822905915245240e-01
1.774999999999999636e+04 5.481584276419321222e-01
1.775999999999999636e+04 5.478731652722875767e-01
1.776999999999999636e+04 5.475489059593896535e-01
1.777999999999999636e+04 5.474581567298720808e-01
1.778999999999999636e+04 5.471802432954704365e-01
1.779999999999999636e+04 5.474099788795839805e-01
1.780999999999999636e+04 5.474602507768375759e-01
1.781999999999999636e+04 5.475480618358514739e-01
1.782999999999999636e+04 5.471278771149762354e-01
1.783999999999999636e+04 5.469316127882531964e-01
1.784999999999999636e+04 5.470252195262632622e-01
1.785999999999999636e+04 5.472136688535899074e-01
1.786999999999999636e+04 5.479926318877841318e-01
1.787999999999999636e+04 5.482094076066021948e-01
1.788999999999999636e+04 5.480223303170402849e-01
1.789999999999999636e+04 5.481429721533579436e-01
1.790999999999999636e+04 5.485809819153367739e-01
1.791999999999999636e+04 5.481468052224672816e-01
1.792999999999999636e+04 5.489302141832028692e-01
1.793999999999999636e+04 5.489250542396335586e-01
1.794999999999999636e+04 5.498082556883004957e-01
1.795999999999999636e+04 5.492919111109029195e-01
1.796999999999999636e+04 5.498929885494846515e-01
1.797999999999999636e+04 5.490642332118532698e-01
1.798999999999999636e+04 5.499039109339223241e-01
1.799999999999999636e+04 5.492697793196792411e-01
1.800999999999999636e+04 5.494061106554259943e-01
1.801999999999999636e+04 5.495700893491659578e-01
1.802999999999999636e+04 5.506598834346967397e-01
1.803999999999999636e+04 5.495866799904729483e-01
1.804999999999999636e+04 5.493639256205972154e-01
1.805999999999999636e+04 5.488274255649869815e-01
1.806999999999999636e+04 5.489231066222796107e-01
1.807999999999999636e+04 5.497591889203680138e-01
1.808999999999999636e+04 5.489935624346412579e-01
1.809999999999999636e+04 5.489879243265249897e-01
1.810999999999999636e+04 5.489857357587246689e-01
1.811999999999999636e+04 5.490025769439610404e-01
1.812999999999999636e+04 5.488139826300461044e-01
1.813999999999999636e+04 5.486731806203816175e-01
1.814999999999999636e+04 5.488158379325113190e-01
1.815999999999999636e+04 5.486590028529451102e-01
1.816999999999999636e+04 5.487242858158679626e-01
1.817999999999999636e+04 5.492412206689053500e-01
1.818999999999999636e+04 5.491688794724067790e-01
1.819999999999999636e+04 5.494058199973743672e-01
1.820999999999999636e+04 5.490263086995760267e-01
1.821999999999999636e+04 5.491690876470158855e-01
1.822999999999999636e+04 5.500284744770319589e-01
1.823999999999999636e+04 5.498575033306650761e-01
1.824999999999999636e+04 5.496076779209756458e-01
1.825999999999999636e+04 5.503647167187406541e-01
1.826999999999999636e+04 5.505257591119031568e-01
1.827999999999999636e+04 5.509679711886432685e-01
1.828999999999999636e+04 5.504286184832702933e-01
1.829999999999999636e+04 5.500779747099674433e-01
1.830999999999999636e+04 5.507951053599327018e-01
1.831999999999999636e+04 5.508643167464063461e-01
1.832999999999999636e+04 5.513743122591401313e-01
1.833999999999999636e+04 5.509971069309189673e-01
1.834999999999999636e+04 5.514391501857180966e-01
1.835999999999999636e+04 5.508270651607165558e-01
1.836999999999999636e+04 5.503399580212319231e-01
1.837999999999999636e+04 5.504435781785373960e-01
1.838999999999999636e+04 5.494442187204845451e-01
1.839999999999999636e+04 5.493217263769742953e-01
1.840999999999999636e+04 5.498204077399626577e-01
1.841999999999999636e+04 5.489820274370110775e-01
1.842999999999999636e+04 5.484458281099048316e-01
1.843999999999999636e+04 5.480342256658465860e-01
1.844999999999999636e+04 5.474828831488104397e-01
1.845999999999999636e+04 5.463828461487855170e-01
1.846999999999999636e+04 5.463188055063942228e-01
1.847999999999999636e+04 5.463979630226745154e-01
1.848999999999999636e+04 5.454309949399701596e-01
1.849999999999999636e+04 5.456323606940618465e-01
1.850999999999999636e+04 5.456243913055145445e-01
1.851999999999999636e+04 5.452519771991163333e-01
1.852999999999999636e+04 5.441495184175115796e-01
1.853999999999999636e+04 5.439111554357165534e-01
1.854999999999999636e+04 5.439613370934009984e-01
1.855999999999999636e+04 5.437856001872777290e-01
1.856999999999999636e+04 5.434272711431342717e-01
1.857999999999999636e+04 5.437289416055740565e-01
1.858999999999999636e+04 5.434677247893078267e-01
1.859999999999999636e+04 5.431774410312347756e-01
1.860999999999999636e+04 5.435449445905191634e-01
1.861999999999999636e+04 5.438210795719106150e-01
1.862999999999999636e+04 5.445707118009966985e-01
1.863999999999999636e+04 5.442441669301667506e-01
1.864999999999999636e+04 5.444706737655401474e-01
1.865999999999999636e+04 5.449951657391813864e-01
1.866999999999999636e+04 5.447004994723587679e-01
1.867999999999999636e+04 5.439620197911214650e-01
1.868999999999999636e+04 5.443981497089400712e-01
1.869999999999999636e+04 5.447338654147048098e-01
1.870999999999999636e+04 5.441987826971265152e-01
1.871999999999999636e+04 5.438924498874809776e-01
1.872999999999999636e+04 5.430128992320134573e-01
1.873999999999999636e+04 5.430425778996010866e-01
1.874999999999999636e+04 5.443510029123588279e-01
1.875999999999999636e+04 5.441425524413352477e-01
1.876999999999999636e+04 5.431716796385146484e-01
1.877999999999999636e+04 5.432928677558220842e-01
1.878999999999999636e+04 5.435185693379762650e-01
1.879999999999999636e+04 5.429757112525961382e-01
1.880999999999999636e+04 5.420693543227367295e-01
1.881999999999999636e+04 5.412389451378237792e-01
1.882999999999999636e+04 5.410584405367988570e-01
1.883999999999999636e+04 5.411366025700380389e-01
1.884999999999999636e+04 5.406973168632089877e-01
1.885999999999999636e+04 5.406349262252153620e-01
1.886999999999999636e+04 5.403220267228955320e-01
1.887999999999999636e+04 5.399736405008283002e-01
1.888999999999999636e+04 5.390012471045432241e-01
1.889999999999999636e+04 5.384027082688642718e-01
1.890999999999999636e+04 5.387319217602256627e-01
1.891999999999999636e+04 5.388696022168938393e-01
1.892999999999999636e+04 5.388434025702614205e-01
1.893999999999999636e+04 5.391001846547452958e-01
1.894999999999999636e+04 5.390554964969803686e-01
1.895999999999999636e+04 5.393049783672951847e-01
1.896999999999999636e+04 5.386847287452938282e-01
1.897999999999999636e+04 5.381296933476051869e-01
1.898999999999999636e+04 5.379223208601080497e-01
1.899999999999999636e+04 5.392033348582793151e-01
1.900999999999999636e+04 5.385609615753617074e-01
1.901999999999999636e+04 5.386494884233734570e-01
1.902999999999999636e+04 5.391959672201456222e-01
1.903999999999999636e+04 5.388017313067658964e-01
1.904999999999999636e+04 5.393906864327486783e-01
1.905999999999999636e+04 5.398175642420532938e-01
1.906999999999999636e+04 5.400087829194530897e-01
1.907999999999999636e+04 5.399290552042091962e-01
1.908999999999999636e+04 5.400650116412901713e-01
1.909999999999999636e+04 5.403094952601800172e-01
1.910999999999999636e+04 5.401707703966746044e-01
1.911999999999999636e+04 5.392022283253322668e-01
1.912999999999999636e+04 5.396689569678675413e-01
1.913999999999999636e+04 5.396980834798360549e-01
1.914999999999999636e+04 5.391987582265599377e-01
1.915999999999999636e+04 5.388756698612017226e-01
1.916999999999999636e+04 5.385522214327946866e-01
1.917999999999999636e+04 5.387005286590884623e-01
1.918999999999999636e+04 5.374666087566487560e-01
1.919999999999999636e+04 5.370094522549191396e-01
1.920999999999999636e+04 5.373961201019381573e-01
1.921999999999999636e+04 5.364060732109161567e-01
1.922999999999999636e+04 5.356580836556279479e-01
1.923999999999999636e+04 5.341548615298911118e-01
1.924999999999999636e+04 5.344783690956156352e-01
1.925999999999999636e+04 5.346738330390677918e-01
1.926999999999999636e+04 5.341379471555168790e-01
1.927999999999999636e+04 5.322800750398390957e-01
1.928999999999999636e+04 5.328858222003304279e-01
1.929999999999999636e+04 5.327085921433984961e-01
1.930999999999999636e+04 5.328674262601826861e-01
1.931999999999999636e+04 5.327149538869788703e-01
1.932999999999999636e+04 5.314430968685269763e-01
1.933999999999999636e+04 5.323699472632942298e-01
1.934999999999999636e+04 5.315669245909385721e-01
1.935999999999999636e+04 5.312969662680625538e-01
1.936999999999999636e+04 5.302378216230548835e-01
1.937999999999999636e+04 5.304183829850095400e-01
1.938999999999999636e+04 5.305475383481960128e-01
1.939999999999999636e+04 5.300820199592917170e-01
1.940999999999999636e+04 5.299923292272898934e-01
1.941999999999999636e+04 5.301244299166307794e-01
1.942999999999999636e+04 5.295006165037718926e-01
1.943999999999999636e+04 5.290186302918222783e-01
1.944999999999999636e+04 5.286515597674306122e-01
1.945999999999999636e+04 5.284724586989226758e-01
1.946999999999999636e+04 5.284190267309677447e-01
1.947999999999999636e+04 5.285557849226976135e-01
1.948999999999999636e+04 5.279844542770303351e-01
1.949999999999999636e+04 5.274785012011737884e-01
1.950999999999999636e+04 5.264974815422445165e-01
1.951999999999999636e+04 5.267329589127625056e-01
1.952999999999999636e+04 5.258315435304907748e-01
1.953999999999999636e+04 5.249863846489676300e-01
1.954999999999999636e+04 5.250580468681280699e-01
1.955999999999999636e+04 5.239052811778972529e-01
1.956999999999999636e+04 5.238882142684332388e-01
1.957999999999999636e+04 5.237916034054135306e-01
1.958999999999999636e+04 5.232906236404801792e-01
1.959999999999999636e+04 5.219702270308459457e-01
1.960999999999999636e+04 5.212472653663986488e-01
1.961999999999999636e+04 5.209518602281730804e-01
1.962999999999999636e+04 5.207735948705107809e-01
1.963999999999999636e+04 5.199472738744179701e-01
1.964999999999999636e+04 5.196325451526410122e-01
1.965999999999999636e+04 5.189596367807021160e-01
1.966999999999999636e+04 5.184697312425672333e-01
1.967999999999999636e+04 5.182717498916672438e-01
1.968999999999999636e+04 5.169162673712319744e-01
1.969999999999999636e+04 5.168354386244217169e-01
1.970999999999999636e+04 5.168023856898552593e-01
1.971999999999999636e+04 5.161282196749993334e-01
1.972999999999999636e+04 5.158769505952949253e-01
1.973999999999999636e+04 5.161544842286295287e-01
1.974999999999999636e+04 5.150505550344179895e-01
1.975999999999999636e+04 5.157598541337150566e-01
1.976999999999999636e+04 5.156575417289178676e-01
1.977999999999999636e+04 5.144330792807593200e-01
1.978999999999999636e+04 5.143165657332432472e-01
1.979999999999999636e+04 5.137348138613699877e-01
1.980999999999999636e+04 5.138091016311617798e-01
1.981999999999999636e+04 5.146868738708536561e-01
1.982999999999999636e+04 5.140726413588388999e-01
1.983999999999999636e+04 5.138332302643374705e-01
1.984999999999999636e+04 5.132387048349149605e-01
1.985999999999999636e+04 5.135485867929795445e-01
1.986999999999999636e+04 5.132467098472118794e-01
1.987999999999999636e+04 5.122888224590229633e-01
1.988999999999999636e+04 5.118810009205163603e-01
1.989999999999999636e+04 5.122921455539183322e-01
1.990999999999999636e+04 5.124063002389983579e-01
1.991999999999999636e+04 5.115772250933993126e-01
1.992999999999999636e+04 5.125928253365362730e-01
1.993999999999999636e+04 5.121807015283471598e-01
1.994999999999999636e+04 5.113636669213587060e-01
1.995999999999999636e+04 5.110556222471059895e-01
1.996999999999999636e+04 5.111393132814331386e-01
1.997999999999999636e+04 5.111143374941106154e-01
1.998999999999999636e+04 5.106100571964985457e-01
1.999999999999999636e+04 5.107244217299949929e-01
2.000999999999999636e+04 5.100831484120181836e-01
2.001999999999999636e+04 5.096172055704908388e-01
2.002999999999999636e+04 5.082395443992960837e-01
2.003999999999999636e+04 5.085102987691204612e-01
2.004999999999999636e+04 5.071838412598035362e-01
2.005999999999999636e+04 5.069977509929971538e-01
2.006999999999999636e+04 5.066649294269106596e-01
2.007999999999999636e+04 5.062467514578260497e-01
2.008999999999999636e+04 5.056151028473877540e-01
2.009999999999999636e+04 5.054860635126317003e-01
2.010999999999999636e+04 5.052072933814346634e-01
2.011999999999999636e+04 5.046282019590281331e-01
2.012999999999999636e+04 5.053183884341361232e-01
2.013999999999999636e+04 5.060274249749867614e-01
2.014999999999999636e+04 5.064003426514536166e-01
2.015999999999999636e+04 5.060097723681141746e-01
2.016999999999999636e+04 5.046633183762623265e-01
2.017999999999999636e+04 5.011043952522195033e-01
2.018999999999999636e+04 4.954759513730141451e-01
2.019999999999999636e+04 4.860569544978358136e-01
2.020999999999999636e+04 4.724803694102822083e-01
2.021999999999999636e+04 4.536802572815079593e-01
2.022999999999999636e+04 4.279361697115596219e-01
2.023999999999999636e+04 3.959185423479937849e-01
2.024999999999999636e+04 3.590657373252403306e-01
2.025999999999999636e+04 3.179950928449014058e-01
2.026999999999999636e+04 2.758180064990742308e-01
2.027999999999999636e+04 2.350681800996894666e-01
2.028999999999999636e+04 1.968721750051784791e-01
2.029999999999999636e+04 1.627508679802488201e-01
2.030999999999999636e+04 1.330782864421696798e-01
2.031999999999999636e+04 1.080867767107550753e-01
2.032999999999999636e+04 8.759296766350305186e-02
2.033999999999999636e+04 7.086294633043080382e-02
2.034999999999999636e+04 5.731900766759695509e-02
2.035999999999999636e+04 4.647504430486189969e-02
2.036999999999999636e+04 3.766609604038751585e-02
2.037999999999999636e+04 3.068844098110544427e-02
2.038999999999999636e+04 2.509677870327644764e-02
2.039999999999999636e+04 2.056065266140350012e-02
2.040999999999999636e+04 1.692309194486615181e-02
2.041999999999999636e+04 1.399515439917671869e-02
2.042999999999999636e+04 1.162943586487505919e-02
2.043999999999999636e+04 9.667015199370899287e-03
2.044999999999999636e+04 8.099177098202819947e-03
2.045999999999999636e+04 6.787610327791755022e-03
2.046999999999999636e+04 5.717105166669333820e-03
2.047999999999999636e+04 4.845244763790309064e-03
2.048999999999999636e+04 4.113401208381892507e-03
2.049999999999999636e+04 3.499741882807321392e-03
2.050999999999999636e+04 2.998306866661993968e-03
2.051999999999999636e+04 2.570960807449736152e-03
2.052999999999999636e+04 2.211502453544475152e-03
2.053999999999999636e+04 1.910390016545951116e-03
2.054999999999999636e+04 1.653793739781033497e-03
2.055999999999999636e+04 1.434907313434586251e-03
2.056999999999999636e+04 1.249799091785558976e-03
2.057999999999999636e+04 1.089598277834285742e-03
2.058999999999999636e+04 9.527993484360554495e-04
2.059999999999999636e+04 8.370791419653574516e-04
2.060999999999999636e+04 7.377332506716572248e-04
2.061999999999999636e+04 6.488795303172394417e-04
2.062999999999999636e+04 5.747627050654619983e-04
2.063999999999999636e+04 5.094526760805970786e-04
2.064999999999999636e+04 4.524742762571733515e-04
2.065999999999999636e+04 4.028698516377000665e-04
2.066999999999999636e+04 3.605105450687639168e-04
2.067999999999999636e+04 3.221530056887262814e-04
2.068999999999999636e+04 2.885604196074870913e-04
2.069999999999999636e+04 2.591062872749646628e-04
2.070999999999999636e+04 2.328487318297992254e-04
2.071999999999999636e+04 2.103076417613555012e-04
2.072999999999999636e+04 1.896193122855869585e-04
2.073999999999999636e+04 1.714747392418173829e-04
2.074999999999999636e+04 1.560802480285025315e-04
2.075999999999999636e+04 1.415524632981834572e-04
2.076999999999999636e+04 1.287014016459654014e-04
2.077999999999999636e+04 1.175879816367708495e-04
2.078999999999999636e+04 1.069533034072543757e-04
2.079999999999999636e+04 9.797619786222791602e-05
2.080999999999999636e+04 8.986122613508828788e-05
2.081999999999999636e+04 8.238270447284653825e-05
2.082999999999999636e+04 7.579210982710104930e-05
2.083999999999999636e+04 6.968769087900533027e-05
2.084999999999999636e+04 6.440656966633890126e-05
2.085999999999999636e+04 5.931335958873925040e-05
2.086999999999999636e+04 5.477762718739505798e-05
2.087999999999999636e+04 5.086794834465600465e-05
2.088999999999999636e+04 4.712522964083549532e-05
2.089999999999999636e+04 4.375458754774084905e-05
2.090999999999999636e+04 4.064568338047218674e-05
2.091999999999999636e+04 3.789853614550533383e-05
2.092999999999999636e+04 3.532743353728035767e-05
2.093999999999999636e+04 3.305446046362317601e-05
2.094999999999999636e+04 3.089954680170651716e-05
2.095999999999999636e+04 2.893620752431329103e-05
2.096999999999999636e+04 2.713929987350692825e-05
2.097999999999999636e+04 2.546002127921710384e-05
2.098999999999999636e+04 2.427027761402507711e-05
2.099999999999999636e+04 0.000000000000000000e+00
