3.819999999999999545e+03 0.000000000000000000e+00
3.829999999999999545e+03 2.288276359264000317e-12
3.839999999999999091e+03 1.481860210634999847e-11
3.849999999999999091e+03 0.000000000000000000e+00
3.859999999999999091e+03 0.000000000000000000e+00
3.869999999999999091e+03 0.000000000000000000e+00
3.879999999999999091e+03 0.000000000000000000e+00
3.889999999999999091e+03 0.000000000000000000e+00
3.899999999999999091e+03 0.000000000000000000e+00
3.909999999999999091e+03 0.000000000000000000e+00
3.919999999999999091e+03 0.000000000000000000e+00
3.929999999999999091e+03 0.000000000000000000e+00
3.939999999999999091e+03 1.974568232104168718e-12
3.949999999999999091e+03 0.000000000000000000e+00
3.959999999999999091e+03 0.000000000000000000e+00
3.969999999999999091e+03 0.000000000000000000e+00
3.979999999999999091e+03 0.000000000000000000e+00
3.989999999999999091e+03 0.000000000000000000e+00
3.999999999999999091e+03 0.000000000000000000e+00
4.009999999999999091e+03 0.000000000000000000e+00
4.019999999999999091e+03 0.000000000000000000e+00
4.029999999999999091e+03 0.000000000000000000e+00
4.039999999999999091e+03 0.000000000000000000e+00
4.049999999999999091e+03 0.000000000000000000e+00
4.059999999999999091e+03 0.000000000000000000e+00
4.069999999999999091e+03 0.000000000000000000e+00
4.079999999999999091e+03 0.000000000000000000e+00
4.089999999999999091e+03 0.000000000000000000e+00
4.099999999999999091e+03 0.000000000000000000e+00
4.109999999999999091e+03 0.000000000000000000e+00
4.119999999999999091e+03 0.000000000000000000e+00
4.129999999999999091e+03 0.000000000000000000e+00
4.139999999999999091e+03 0.000000000000000000e+00
4.149999999999999091e+03 0.000000000000000000e+00
4.159999999999999091e+03 0.000000000000000000e+00
4.169999999999999091e+03 0.000000000000000000e+00
4.179999999999999091e+03 0.000000000000000000e+00
4.189999999999999091e+03 0.000000000000000000e+00
4.199999999999999091e+03 1.000709326171012312e-15
4.209999999999999091e+03 0.000000000000000000e+00
4.219999999999999091e+03 0.000000000000000000e+00
4.229999999999999091e+03 0.000000000000000000e+00
4.239999999999999091e+03 0.000000000000000000e+00
4.249999999999999091e+03 0.000000000000000000e+00
4.259999999999999091e+03 0.000000000000000000e+00
4.269999999999999091e+03 0.000000000000000000e+00
4.279999999999999091e+03 0.000000000000000000e+00
4.289999999999999091e+03 0.000000000000000000e+00
4.299999999999999091e+03 0.000000000000000000e+00
4.309999999999999091e+03 0.000000000000000000e+00
4.319999999999999091e+03 0.000000000000000000e+00
4.329999999999999091e+03 0.000000000000000000e+00
4.339999999999999091e+03 0.000000000000000000e+00
4.349999999999999091e+03 0.000000000000000000e+00
4.359999999999999091e+03 0.000000000000000000e+00
4.369999999999999091e+03 0.000000000000000000e+00
4.379999999999999091e+03 0.000000000000000000e+00
4.389999999999999091e+03 0.000000000000000000e+00
4.399999999999999091e+03 0.000000000000000000e+00
4.409999999999999091e+03 0.000000000000000000e+00
4.419999999999999091e+03 0.000000000000000000e+00
4.429999999999999091e+03 0.000000000000000000e+00
4.439999999999999091e+03 0.000000000000000000e+00
4.449999999999999091e+03 2.555635864215419835e-11
4.459999999999999091e+03 0.000000000000000000e+00
4.469999999999999091e+03 0.000000000000000000e+00
4.479999999999999091e+03 0.000000000000000000e+00
4.489999999999999091e+03 0.000000000000000000e+00
4.499999999999999091e+03 0.000000000000000000e+00
4.509999999999999091e+03 0.000000000000000000e+00
4.519999999999999091e+03 0.000000000000000000e+00
4.529999999999999091e+03 0.000000000000000000e+00
4.539999999999999091e+03 0.000000000000000000e+00
4.549999999999999091e+03 0.000000000000000000e+00
4.559999999999999091e+03 0.000000000000000000e+00
4.569999999999999091e+03 0.000000000000000000e+00
4.579999999999999091e+03 0.000000000000000000e+00
4.589999999999999091e+03 0.000000000000000000e+00
4.599999999999999091e+03 0.000000000000000000e+00
4.609999999999999091e+03 6.854252136617829550e-11
4.619999999999999091e+03 0.000000000000000000e+00
4.629999999999999091e+03 0.000000000000000000e+00
4.639999999999999091e+03 0.000000000000000000e+00
4.649999999999999091e+03 0.000000000000000000e+00
4.659999999999999091e+03 0.000000000000000000e+00
4.669999999999999091e+03 0.000000000000000000e+00
4.679999999999999091e+03 0.000000000000000000e+00
4.689999999999999091e+03 0.000000000000000000e+00
4.699999999999999091e+03 0.000000000000000000e+00
4.709999999999999091e+03 0.000000000000000000e+00
4.719999999999999091e+03 0.000000000000000000e+00
4.729999999999999091e+03 0.000000000000000000e+00
4.739999999999999091e+03 0.000000000000000000e+00
4.749999999999999091e+03 0.000000000000000000e+00
4.759999999999999091e+03 0.000000000000000000e+00
4.769999999999999091e+03 0.000000000000000000e+00
4.779999999999999091e+03 0.000000000000000000e+00
4.789999999999999091e+03 0.000000000000000000e+00
4.799999999999999091e+03 0.000000000000000000e+00
4.809999999999999091e+03 0.000000000000000000e+00
4.819999999999999091e+03 0.000000000000000000e+00
4.829999999999999091e+03 0.000000000000000000e+00
4.839999999999999091e+03 0.000000000000000000e+00
4.849999999999999091e+03 0.000000000000000000e+00
4.859999999999999091e+03 1.332569215522502364e-08
4.869999999999999091e+03 0.000000000000000000e+00
4.879999999999999091e+03 0.000000000000000000e+00
4.889999999999999091e+03 0.000000000000000000e+00
4.899999999999999091e+03 0.000000000000000000e+00
4.909999999999999091e+03 0.000000000000000000e+00
4.919999999999999091e+03 0.000000000000000000e+00
4.929999999999999091e+03 0.000000000000000000e+00
4.939999999999999091e+03 0.000000000000000000e+00
4.949999999999999091e+03 0.000000000000000000e+00
4.959999999999999091e+03 0.000000000000000000e+00
4.969999999999999091e+03 0.000000000000000000e+00
4.979999999999999091e+03 0.000000000000000000e+00
4.989999999999999091e+03 0.000000000000000000e+00
4.999999999999999091e+03 0.000000000000000000e+00
5.009999999999999091e+03 0.000000000000000000e+00
5.019999999999999091e+03 0.000000000000000000e+00
5.029999999999999091e+03 1.708706184135462722e-09
5.039999999999999091e+03 0.000000000000000000e+00
5.049999999999999091e+03 0.000000000000000000e+00
5.059999999999999091e+03 0.000000000000000000e+00
5.069999999999999091e+03 0.000000000000000000e+00
5.079999999999999091e+03 0.000000000000000000e+00
5.089999999999999091e+03 0.000000000000000000e+00
5.099999999999999091e+03 0.000000000000000000e+00
5.109999999999999091e+03 0.000000000000000000e+00
5.119999999999999091e+03 0.000000000000000000e+00
5.129999999999999091e+03 0.000000000000000000e+00
5.139999999999999091e+03 0.000000000000000000e+00
5.149999999999999091e+03 0.000000000000000000e+00
5.159999999999999091e+03 0.000000000000000000e+00
5.169999999999999091e+03 0.000000000000000000e+00
5.179999999999999091e+03 0.000000000000000000e+00
5.189999999999999091e+03 0.000000000000000000e+00
5.199999999999999091e+03 0.000000000000000000e+00
5.209999999999999091e+03 0.000000000000000000e+00
5.219999999999999091e+03 0.000000000000000000e+00
5.229999999999999091e+03 0.000000000000000000e+00
5.239999999999999091e+03 0.000000000000000000e+00
5.249999999999999091e+03 4.743358931321639338e-11
5.259999999999999091e+03 0.000000000000000000e+00
5.269999999999999091e+03 0.000000000000000000e+00
5.279999999999999091e+03 0.000000000000000000e+00
5.289999999999999091e+03 0.000000000000000000e+00
5.299999999999999091e+03 0.000000000000000000e+00
5.309999999999999091e+03 0.000000000000000000e+00
5.319999999999999091e+03 4.069743737781982358e-11
5.329999999999999091e+03 0.000000000000000000e+00
5.339999999999999091e+03 0.000000000000000000e+00
5.349999999999999091e+03 0.000000000000000000e+00
5.359999999999999091e+03 0.000000000000000000e+00
5.369999999999999091e+03 0.000000000000000000e+00
5.379999999999999091e+03 2.004759538633641279e-10
5.389999999999999091e+03 0.000000000000000000e+00
5.399999999999999091e+03 0.000000000000000000e+00
5.409999999999999091e+03 0.000000000000000000e+00
5.419999999999999091e+03 0.000000000000000000e+00
5.429999999999999091e+03 0.000000000000000000e+00
5.439999999999999091e+03 0.000000000000000000e+00
5.449999999999999091e+03 0.000000000000000000e+00
5.459999999999999091e+03 2.841108861337687897e-13
5.469999999999999091e+03 0.000000000000000000e+00
5.479999999999999091e+03 0.000000000000000000e+00
5.489999999999999091e+03 0.000000000000000000e+00
5.499999999999999091e+03 1.396709587301874867e-15
5.509999999999999091e+03 7.937959531083750915e-16
5.519999999999999091e+03 0.000000000000000000e+00
5.529999999999999091e+03 3.600552137721875524e-16
5.539999999999999091e+03 5.494694656696875209e-16
5.549999999999999091e+03 2.466916940442500105e-16
5.559999999999999091e+03 4.466495556796875371e-16
5.569999999999999091e+03 2.512029191323749905e-13
5.579999999999999091e+03 1.224160614708937428e-14
5.589999999999999091e+03 9.922648715643126381e-13
5.599999999999999091e+03 5.864412409038749057e-15
5.609999999999999091e+03 2.174439667223249795e-15
5.619999999999999091e+03 2.137469860181249891e-15
5.629999999999999091e+03 4.992916766643750726e-15
5.639999999999999091e+03 7.547235426740624535e-13
5.649999999999999091e+03 4.124259369685001334e-15
5.659999999999999091e+03 2.887668950293750142e-15
5.669999999999999091e+03 5.712691401690000273e-15
5.679999999999999091e+03 6.983863542600000508e-14
5.689999999999999091e+03 2.973673560143125577e-13
5.699999999999999091e+03 1.378531418605249900e-13
5.709999999999999091e+03 2.276039025332188046e-13
5.719999999999999091e+03 3.575472319160000306e-12
5.729999999999999091e+03 8.971835239395001661e-13
5.739999999999999091e+03 5.274070828123124441e-13
5.749999999999999091e+03 2.425525553255000060e-12
5.759999999999999091e+03 4.527515602767500622e-14
5.769999999999999091e+03 3.716920671345000286e-15
5.779999999999999091e+03 2.479254484014000177e-15
5.789999999999999091e+03 2.044358901845750234e-14
5.799999999999999091e+03 5.470225912786249905e-16
5.809999999999999091e+03 1.706449557483124866e-16
5.819999999999999091e+03 1.288133084828624973e-16
5.829999999999999091e+03 3.086934956909999905e-17
5.839999999999999091e+03 0.000000000000000000e+00
5.849999999999999091e+03 4.174789664675000280e-17
5.859999999999999091e+03 0.000000000000000000e+00
5.869999999999999091e+03 0.000000000000000000e+00
5.879999999999999091e+03 0.000000000000000000e+00
5.889999999999999091e+03 2.786907093193125525e-16
5.899999999999999091e+03 1.081967943152687621e-15
5.909999999999999091e+03 2.615937837734374873e-16
5.919999999999999091e+03 0.000000000000000000e+00
5.929999999999999091e+03 0.000000000000000000e+00
5.939999999999999091e+03 6.395832751980001760e-16
5.949999999999999091e+03 1.078300315144500042e-14
5.959999999999999091e+03 6.874724350243749955e-15
5.969999999999999091e+03 1.277271508275000137e-14
5.979999999999999091e+03 2.307766939458750331e-14
5.989999999999999091e+03 6.938058419989375526e-14
5.999999999999999091e+03 4.613737070446875211e-11
6.009999999999999091e+03 2.145044251577500168e-13
6.019999999999999091e+03 2.220463339698187514e-13
6.029999999999999091e+03 3.665700013670625486e-13
6.039999999999999091e+03 1.535808404287937518e-14
6.049999999999999091e+03 2.675392181437499689e-15
6.059999999999999091e+03 0.000000000000000000e+00
6.069999999999999091e+03 0.000000000000000000e+00
6.079999999999999091e+03 3.037743115233750299e-16
6.089999999999999091e+03 2.338536953795000460e-16
6.099999999999999091e+03 4.726723069267500700e-15
6.109999999999999091e+03 9.144857966641251572e-15
6.119999999999999091e+03 3.509648019924375323e-14
6.129999999999999091e+03 6.910836321550000073e-13
6.139999999999999091e+03 8.901939227370001590e-13
6.149999999999999091e+03 6.560142795443125776e-13
6.159999999999999091e+03 1.545553662324000469e-12
6.169999999999999091e+03 2.428321366911562492e-11
6.179999999999999091e+03 1.624040250848750072e-12
6.189999999999999091e+03 1.002630690792500151e-11
6.199999999999999091e+03 5.557502330314375404e-14
6.209999999999999091e+03 5.771651809918312950e-15
6.219999999999999091e+03 7.800336218001250450e-15
6.229999999999999091e+03 0.000000000000000000e+00
6.239999999999999091e+03 0.000000000000000000e+00
6.249999999999999091e+03 0.000000000000000000e+00
6.259999999999999091e+03 2.845434788099312714e-15
6.269999999999999091e+03 1.985076319379999836e-14
6.279999999999999091e+03 1.313619177360000146e-12
6.289999999999999091e+03 1.630548015095999956e-14
6.299999999999999091e+03 2.809346512546875083e-14
6.309999999999999091e+03 3.223234662637499546e-14
6.319999999999999091e+03 3.043939375259999907e-15
6.329999999999999091e+03 2.053280236344749950e-15
6.339999999999999091e+03 0.000000000000000000e+00
6.349999999999999091e+03 2.611878332507938364e-15
6.359999999999999091e+03 8.382680634020000319e-15
6.369999999999999091e+03 3.774494251324999993e-14
6.379999999999999091e+03 8.590837971099998842e-15
6.389999999999999091e+03 0.000000000000000000e+00
6.399999999999999091e+03 0.000000000000000000e+00
6.409999999999999091e+03 0.000000000000000000e+00
6.419999999999999091e+03 5.869067575455000155e-15
6.429999999999999091e+03 7.984686269214376131e-14
6.439999999999999091e+03 2.370503518424999665e-13
6.449999999999999091e+03 4.377613498846875228e-14
6.459999999999999091e+03 5.313677032702499783e-14
6.469999999999999091e+03 1.437798396289062671e-12
6.479999999999999091e+03 1.594963264667500089e-13
6.489999999999999091e+03 6.771233162487499874e-14
6.499999999999999091e+03 4.114327187039999798e-14
6.509999999999999091e+03 4.748421231076250399e-14
6.519999999999999091e+03 6.819098345456249589e-14
6.529999999999999091e+03 2.506050290180062331e-13
6.539999999999999091e+03 4.988673314902812743e-13
6.549999999999999091e+03 1.881823189371124930e-13
6.559999999999999091e+03 3.936975749807625398e-13
6.569999999999999091e+03 7.371949004415625955e-13
6.579999999999999091e+03 2.504902570778125128e-14
6.589999999999999091e+03 0.000000000000000000e+00
6.599999999999999091e+03 0.000000000000000000e+00
6.609999999999999091e+03 0.000000000000000000e+00
6.619999999999999091e+03 0.000000000000000000e+00
6.629999999999999091e+03 0.000000000000000000e+00
6.639999999999999091e+03 0.000000000000000000e+00
6.649999999999999091e+03 0.000000000000000000e+00
6.659999999999999091e+03 4.589279057475000278e-15
6.669999999999999091e+03 3.258156422596249873e-13
6.679999999999999091e+03 1.432418541509375260e-13
6.689999999999999091e+03 3.108500043906249952e-13
6.699999999999999091e+03 3.000352965299375010e-12
6.709999999999999091e+03 6.201752444457501453e-13
6.719999999999999091e+03 2.137304413335000017e-13
6.729999999999999091e+03 4.425154102630624912e-13
6.739999999999999091e+03 2.987101279461250203e-10
6.749999999999999091e+03 1.269857266335000099e-13
6.759999999999999091e+03 1.787671136212500263e-14
6.769999999999999091e+03 2.751535596809999757e-14
6.779999999999999091e+03 1.615808966800000005e-14
6.789999999999999091e+03 2.983450140103125073e-14
6.799999999999999091e+03 3.605773389960000411e-14
6.809999999999999091e+03 1.591260166781250137e-13
6.819999999999999091e+03 9.688351871362499454e-15
6.829999999999999091e+03 7.643804026092501697e-16
6.839999999999999091e+03 1.163764373476250123e-14
6.849999999999999091e+03 2.756907320177500245e-14
6.859999999999999091e+03 4.898828119123751166e-16
6.869999999999999091e+03 6.645837840228126273e-14
6.879999999999999091e+03 6.148508674323750429e-13
6.889999999999999091e+03 7.924301584775626180e-15
6.899999999999999091e+03 1.841584927844374920e-14
6.909999999999999091e+03 0.000000000000000000e+00
6.919999999999999091e+03 2.409120078732500238e-14
6.929999999999999091e+03 7.580153646187499671e-14
6.939999999999999091e+03 2.667363395707500096e-12
6.949999999999999091e+03 2.371667738580000246e-12
6.959999999999999091e+03 3.772458299793749997e-13
6.969999999999999091e+03 4.860811598790000240e-13
6.979999999999999091e+03 8.703315258137498935e-13
6.989999999999999091e+03 1.047000549472500094e-12
6.999999999999999091e+03 2.061426717000000011e-12
7.009999999999999091e+03 1.104511264841249934e-11
7.019999999999999091e+03 3.544233172760000020e-11
7.029999999999999091e+03 1.031213405175187798e-12
7.039999999999999091e+03 6.422404303113751210e-13
7.049999999999999091e+03 1.365688575249249951e-12
7.059999999999999091e+03 4.123211306676000241e-13
7.069999999999999091e+03 3.425527169872500375e-13
7.079999999999999091e+03 3.571541254286249915e-14
7.089999999999999091e+03 0.000000000000000000e+00
7.099999999999999091e+03 6.625662916031250976e-14
7.109999999999999091e+03 1.495078710512625009e-13
7.119999999999999091e+03 0.000000000000000000e+00
7.129999999999999091e+03 8.756949141710001430e-13
7.139999999999999091e+03 0.000000000000000000e+00
7.149999999999999091e+03 4.865817036499999897e-13
7.159999999999999091e+03 0.000000000000000000e+00
7.169999999999999091e+03 8.142997584085000349e-12
7.179999999999999091e+03 6.004206904893751306e-12
7.189999999999999091e+03 1.025674554331875006e-12
7.199999999999999091e+03 1.559134801830375188e-12
7.209999999999999091e+03 8.433334715933750787e-13
7.219999999999999091e+03 3.914669550618750397e-14
7.229999999999999091e+03 1.874836092675000320e-13
7.239999999999999091e+03 1.301545713742312685e-13
7.249999999999999091e+03 2.867068428175000121e-13
7.259999999999999091e+03 6.160449412661250125e-15
7.269999999999999091e+03 7.848845401599999804e-15
7.279999999999999091e+03 1.326675292683124902e-14
7.289999999999999091e+03 6.678465576037500238e-15
7.299999999999999091e+03 8.188935698300000100e-15
7.309999999999999091e+03 1.571725655955000025e-13
7.319999999999999091e+03 1.065578035823000226e-12
7.329999999999999091e+03 0.000000000000000000e+00
7.339999999999999091e+03 4.360932674673749806e-14
7.349999999999999091e+03 0.000000000000000000e+00
7.359999999999999091e+03 9.454311669451251083e-14
7.369999999999999091e+03 1.401420538947187521e-14
7.379999999999999091e+03 2.581005591806250270e-14
7.389999999999999091e+03 3.123564135956250111e-14
7.399999999999999091e+03 1.422665881848750103e-13
7.409999999999999091e+03 2.221759511297812470e-13
7.419999999999999091e+03 0.000000000000000000e+00
7.429999999999999091e+03 1.773858037008750192e-12
7.439999999999999091e+03 6.673799671700000532e-10
7.449999999999999091e+03 5.284901227348749995e-12
7.459999999999999091e+03 6.246313574760000201e-13
7.469999999999999091e+03 4.746917766740625374e-14
7.479999999999999091e+03 4.754999830691249935e-13
7.489999999999999091e+03 0.000000000000000000e+00
7.499999999999999091e+03 2.424949850785000456e-12
7.509999999999999091e+03 4.567935398355000084e-12
7.519999999999999091e+03 0.000000000000000000e+00
7.529999999999999091e+03 5.920151174218749363e-13
7.539999999999999091e+03 1.481500711734749957e-11
7.549999999999999091e+03 0.000000000000000000e+00
7.559999999999999091e+03 1.434922352543750123e-13
7.569999999999999091e+03 1.608429332748437540e-13
7.579999999999999091e+03 0.000000000000000000e+00
7.589999999999999091e+03 4.099946679877999997e-15
7.599999999999999091e+03 5.167062037830000572e-14
7.609999999999999091e+03 3.163593693350999924e-13
7.619999999999999091e+03 2.497107093008062587e-14
7.629999999999999091e+03 2.061650506125000248e-15
7.639999999999999091e+03 0.000000000000000000e+00
7.649999999999999091e+03 0.000000000000000000e+00
7.659999999999999091e+03 0.000000000000000000e+00
7.669999999999999091e+03 0.000000000000000000e+00
7.679999999999998181e+03 0.000000000000000000e+00
7.689999999999998181e+03 0.000000000000000000e+00
7.699999999999998181e+03 0.000000000000000000e+00
7.709999999999998181e+03 0.000000000000000000e+00
7.719999999999998181e+03 0.000000000000000000e+00
7.729999999999998181e+03 0.000000000000000000e+00
7.739999999999998181e+03 0.000000000000000000e+00
7.749999999999998181e+03 0.000000000000000000e+00
7.759999999999998181e+03 0.000000000000000000e+00
7.769999999999998181e+03 1.066620591036000137e-16
7.779999999999998181e+03 0.000000000000000000e+00
7.789999999999998181e+03 2.004974447966875322e-14
7.799999999999998181e+03 1.317175919718750047e-14
7.809999999999998181e+03 8.186487211940625061e-14
7.819999999999998181e+03 4.231440001397875046e-13
7.829999999999998181e+03 1.739407202452500251e-13
7.839999999999998181e+03 2.107260201652812901e-14
7.849999999999998181e+03 0.000000000000000000e+00
7.859999999999998181e+03 4.356843008131249615e-16
7.869999999999998181e+03 2.741896714077500183e-15
7.879999999999998181e+03 3.519161459135000517e-15
7.889999999999998181e+03 2.091041505688625358e-15
7.899999999999998181e+03 0.000000000000000000e+00
7.909999999999998181e+03 3.233002486542500179e-15
7.919999999999998181e+03 1.344844165577500315e-14
7.929999999999998181e+03 0.000000000000000000e+00
7.939999999999998181e+03 0.000000000000000000e+00
7.949999999999998181e+03 7.206761316562500091e-15
7.959999999999998181e+03 1.385343712370625181e-14
7.969999999999998181e+03 1.799427871128124780e-14
7.979999999999998181e+03 4.589535213978749921e-14
7.989999999999998181e+03 1.003050032045250270e-13
7.999999999999998181e+03 1.025969143562999833e-13
8.009999999999998181e+03 2.793944447352683248e-14
8.019999999999998181e+03 1.592030944599398076e-14
8.029999999999998181e+03 8.591346594040010795e-15
8.039999999999998181e+03 1.841738923182566101e-14
8.049999999999998181e+03 1.067526181045467717e-13
8.059999999999998181e+03 0.000000000000000000e+00
8.069999999999998181e+03 7.642393998574974044e-14
8.079999999999998181e+03 1.303290062777017081e-13
8.089999999999998181e+03 7.902490900714311050e-14
8.099999999999998181e+03 0.000000000000000000e+00
8.109999999999998181e+03 0.000000000000000000e+00
8.119999999999998181e+03 2.036300336838273998e-12
8.129999999999998181e+03 2.514773749473562084e-12
8.139999999999998181e+03 4.294175090315905141e-12
8.149999999999998181e+03 1.869799005621847859e-13
8.159999999999998181e+03 0.000000000000000000e+00
8.169999999999998181e+03 2.649553880604565441e-13
8.179999999999998181e+03 0.000000000000000000e+00
8.189999999999998181e+03 0.000000000000000000e+00
8.199999999999998181e+03 0.000000000000000000e+00
8.209999999999998181e+03 0.000000000000000000e+00
8.219999999999998181e+03 0.000000000000000000e+00
8.229999999999998181e+03 3.633463514415680987e-12
8.239999999999998181e+03 1.100933094047657191e-11
8.249999999999998181e+03 9.434183753470190528e-12
8.259999999999998181e+03 1.815934183007234653e-12
8.269999999999998181e+03 5.836519488766535698e-11
8.279999999999998181e+03 9.198651581320283222e-11
8.289999999999998181e+03 0.000000000000000000e+00
8.299999999999998181e+03 1.105540588229869042e-12
8.309999999999998181e+03 0.000000000000000000e+00
8.319999999999998181e+03 1.898925424446062803e-11
8.329999999999998181e+03 6.956867342652090507e-12
8.339999999999998181e+03 2.351003343821269860e-11
8.349999999999998181e+03 6.062962737270223818e-11
8.359999999999998181e+03 5.473282791632925811e-12
8.369999999999998181e+03 3.435075842078448447e-11
8.379999999999998181e+03 9.962503218201183081e-13
8.389999999999998181e+03 3.561456289111569199e-13
8.399999999999998181e+03 0.000000000000000000e+00
8.409999999999998181e+03 2.791442062190861489e-12
8.419999999999998181e+03 1.255131196873457709e-11
8.429999999999998181e+03 7.392790722819704639e-12
8.439999999999998181e+03 0.000000000000000000e+00
8.449999999999998181e+03 0.000000000000000000e+00
8.459999999999998181e+03 0.000000000000000000e+00
8.469999999999998181e+03 9.467132911464611419e-11
8.479999999999998181e+03 5.826373460896407067e-11
8.489999999999998181e+03 1.895968862972832471e-11
8.499999999999998181e+03 0.000000000000000000e+00
8.509999999999998181e+03 4.634793974312910338e-11
8.519999999999998181e+03 0.000000000000000000e+00
8.529999999999998181e+03 1.329950642622515031e-11
8.539999999999998181e+03 8.787216953547823337e-12
8.549999999999998181e+03 2.447889371719980905e-11
8.559999999999998181e+03 8.630269470479210606e-12
8.569999999999998181e+03 0.000000000000000000e+00
8.579999999999998181e+03 0.000000000000000000e+00
8.589999999999998181e+03 0.000000000000000000e+00
8.599999999999998181e+03 3.552967990712164225e-11
8.609999999999998181e+03 2.865947527730235331e-11
8.619999999999998181e+03 9.712822512687895412e-11
8.629999999999998181e+03 1.288785005406819571e-12
8.639999999999998181e+03 0.000000000000000000e+00
8.649999999999998181e+03 3.755761198341008047e-11
8.659999999999998181e+03 4.186447985049069023e-11
8.669999999999998181e+03 1.771851405946017518e-11
8.679999999999998181e+03 0.000000000000000000e+00
8.689999999999998181e+03 0.000000000000000000e+00
8.699999999999998181e+03 0.000000000000000000e+00
8.709999999999998181e+03 0.000000000000000000e+00
8.719999999999998181e+03 1.897020628691439983e-11
8.729999999999998181e+03 0.000000000000000000e+00
8.739999999999998181e+03 1.079013300328730936e-11
8.749999999999998181e+03 6.156675023262650437e-12
8.759999999999998181e+03 4.894791128684220837e-11
8.769999999999998181e+03 4.852947323968974041e-11
8.779999999999998181e+03 2.388215253798236083e-11
8.789999999999998181e+03 6.256300559275126755e-12
8.799999999999998181e+03 2.458477880339204787e-11
8.809999999999998181e+03 6.735112524797146929e-11
8.819999999999998181e+03 4.678526434958783848e-12
8.829999999999998181e+03 9.638584774874266772e-12
8.839999999999998181e+03 2.714763854825827751e-11
8.849999999999998181e+03 0.000000000000000000e+00
8.859999999999998181e+03 5.306750859742106605e-12
8.869999999999998181e+03 3.135083126533247153e-11
8.879999999999998181e+03 8.117402775857806603e-12
8.889999999999998181e+03 0.000000000000000000e+00
8.899999999999998181e+03 0.000000000000000000e+00
8.909999999999998181e+03 0.000000000000000000e+00
8.919999999999998181e+03 0.000000000000000000e+00
8.929999999999998181e+03 6.724512847522691263e-11
8.939999999999998181e+03 6.889214256057426818e-11
8.949999999999998181e+03 0.000000000000000000e+00
8.959999999999998181e+03 0.000000000000000000e+00
8.969999999999998181e+03 0.000000000000000000e+00
8.979999999999998181e+03 1.199279618601889694e-11
8.989999999999998181e+03 2.220562823175515679e-13
8.999999999999998181e+03 3.327716268628203787e-14
9.009999999999998181e+03 1.016372944520356927e-13
9.019999999999998181e+03 1.043101431638409752e-13
9.029999999999998181e+03 6.507555492495212565e-14
9.039999999999998181e+03 1.698292117098400558e-13
9.049999999999998181e+03 0.000000000000000000e+00
9.059999999999998181e+03 0.000000000000000000e+00
9.069999999999998181e+03 0.000000000000000000e+00
9.079999999999998181e+03 0.000000000000000000e+00
9.089999999999998181e+03 0.000000000000000000e+00
9.099999999999998181e+03 0.000000000000000000e+00
9.109999999999998181e+03 0.000000000000000000e+00
9.119999999999998181e+03 0.000000000000000000e+00
9.129999999999998181e+03 0.000000000000000000e+00
9.139999999999998181e+03 0.000000000000000000e+00
9.149999999999998181e+03 0.000000000000000000e+00
9.159999999999998181e+03 0.000000000000000000e+00
9.169999999999998181e+03 0.000000000000000000e+00
9.179999999999998181e+03 0.000000000000000000e+00
9.189999999999998181e+03 0.000000000000000000e+00
9.199999999999998181e+03 0.000000000000000000e+00
9.209999999999998181e+03 0.000000000000000000e+00
9.219999999999998181e+03 0.000000000000000000e+00
9.229999999999998181e+03 0.000000000000000000e+00
9.239999999999998181e+03 0.000000000000000000e+00
9.249999999999998181e+03 0.000000000000000000e+00
9.259999999999998181e+03 0.000000000000000000e+00
9.269999999999998181e+03 0.000000000000000000e+00
9.279999999999998181e+03 0.000000000000000000e+00
9.289999999999998181e+03 0.000000000000000000e+00
9.299999999999998181e+03 0.000000000000000000e+00
9.309999999999998181e+03 0.000000000000000000e+00
9.319999999999998181e+03 0.000000000000000000e+00
9.329999999999998181e+03 0.000000000000000000e+00
9.339999999999998181e+03 0.000000000000000000e+00
9.349999999999998181e+03 0.000000000000000000e+00
9.359999999999998181e+03 0.000000000000000000e+00
9.369999999999998181e+03 0.000000000000000000e+00
9.379999999999998181e+03 0.000000000000000000e+00
9.389999999999998181e+03 0.000000000000000000e+00
9.399999999999998181e+03 0.000000000000000000e+00
9.409999999999998181e+03 0.000000000000000000e+00
9.419999999999998181e+03 0.000000000000000000e+00
9.429999999999998181e+03 0.000000000000000000e+00
9.439999999999998181e+03 0.000000000000000000e+00
9.449999999999998181e+03 0.000000000000000000e+00
9.459999999999998181e+03 0.000000000000000000e+00
9.469999999999998181e+03 0.000000000000000000e+00
9.479999999999998181e+03 0.000000000000000000e+00
9.489999999999998181e+03 0.000000000000000000e+00
9.499999999999998181e+03 0.000000000000000000e+00
9.509999999999998181e+03 0.000000000000000000e+00
9.519999999999998181e+03 0.000000000000000000e+00
9.529999999999998181e+03 0.000000000000000000e+00
9.539999999999998181e+03 0.000000000000000000e+00
9.549999999999998181e+03 0.000000000000000000e+00
9.559999999999998181e+03 0.000000000000000000e+00
9.569999999999998181e+03 0.000000000000000000e+00
9.579999999999998181e+03 0.000000000000000000e+00
9.589999999999998181e+03 0.000000000000000000e+00
9.599999999999998181e+03 0.000000000000000000e+00
9.609999999999998181e+03 0.000000000000000000e+00
9.619999999999998181e+03 0.000000000000000000e+00
9.629999999999998181e+03 0.000000000000000000e+00
9.639999999999998181e+03 0.000000000000000000e+00
9.649999999999998181e+03 0.000000000000000000e+00
9.659999999999998181e+03 0.000000000000000000e+00
9.669999999999998181e+03 0.000000000000000000e+00
9.679999999999998181e+03 0.000000000000000000e+00
9.689999999999998181e+03 0.000000000000000000e+00
9.699999999999998181e+03 0.000000000000000000e+00
9.709999999999998181e+03 0.000000000000000000e+00
9.719999999999998181e+03 1.063902830565918686e-07
9.729999999999998181e+03 0.000000000000000000e+00
9.739999999999998181e+03 0.000000000000000000e+00
9.749999999999998181e+03 0.000000000000000000e+00
9.759999999999998181e+03 0.000000000000000000e+00
9.769999999999998181e+03 0.000000000000000000e+00
9.779999999999998181e+03 0.000000000000000000e+00
9.789999999999998181e+03 0.000000000000000000e+00
9.799999999999998181e+03 0.000000000000000000e+00
9.809999999999998181e+03 0.000000000000000000e+00
9.819999999999998181e+03 0.000000000000000000e+00
9.829999999999998181e+03 0.000000000000000000e+00
9.839999999999998181e+03 0.000000000000000000e+00
9.849999999999998181e+03 0.000000000000000000e+00
9.859999999999998181e+03 0.000000000000000000e+00
9.869999999999998181e+03 0.000000000000000000e+00
9.879999999999998181e+03 0.000000000000000000e+00
9.889999999999998181e+03 0.000000000000000000e+00
9.899999999999998181e+03 0.000000000000000000e+00
9.909999999999998181e+03 0.000000000000000000e+00
9.919999999999998181e+03 0.000000000000000000e+00
9.929999999999998181e+03 0.000000000000000000e+00
9.939999999999998181e+03 0.000000000000000000e+00
9.949999999999998181e+03 0.000000000000000000e+00
9.959999999999998181e+03 0.000000000000000000e+00
9.969999999999998181e+03 0.000000000000000000e+00
9.979999999999998181e+03 5.421803727183222687e-08
9.989999999999998181e+03 0.000000000000000000e+00
9.999999999999998181e+03 0.000000000000000000e+00
1.000999999999999818e+04 0.000000000000000000e+00
1.001999999999999818e+04 0.000000000000000000e+00
1.002999999999999818e+04 0.000000000000000000e+00
1.003999999999999818e+04 0.000000000000000000e+00
1.004999999999999818e+04 0.000000000000000000e+00
1.005999999999999818e+04 0.000000000000000000e+00
1.006999999999999818e+04 0.000000000000000000e+00
1.007999999999999818e+04 0.000000000000000000e+00
1.008999999999999818e+04 0.000000000000000000e+00
1.009999999999999818e+04 0.000000000000000000e+00
1.010999999999999818e+04 0.000000000000000000e+00
1.011999999999999818e+04 0.000000000000000000e+00
1.012999999999999818e+04 0.000000000000000000e+00
1.013999999999999818e+04 0.000000000000000000e+00
1.014999999999999818e+04 0.000000000000000000e+00
1.015999999999999818e+04 0.000000000000000000e+00
1.016999999999999818e+04 0.000000000000000000e+00
1.017999999999999818e+04 0.000000000000000000e+00
1.018999999999999818e+04 0.000000000000000000e+00
1.019999999999999818e+04 0.000000000000000000e+00
1.020999999999999818e+04 0.000000000000000000e+00
1.021999999999999818e+04 0.000000000000000000e+00
1.022999999999999818e+04 0.000000000000000000e+00
1.023999999999999818e+04 0.000000000000000000e+00
1.024999999999999818e+04 0.000000000000000000e+00
1.025999999999999818e+04 0.000000000000000000e+00
1.026999999999999818e+04 5.456622957379934604e-08
1.027999999999999818e+04 1.089312322834382468e-07
1.028999999999999818e+04 2.174928895428422352e-07
1.029999999999999818e+04 5.981689477718973734e-07
1.030999999999999818e+04 1.904910322704264412e-06
1.031999999999999818e+04 9.091639173026629895e-06
1.032999999999999818e+04 7.949724420228331488e-05
1.033999999999999818e+04 9.048535807000966289e-05
1.034999999999999818e+04 5.057798642734284429e-05
1.035999999999999818e+04 5.253369583217792178e-05
1.036999999999999818e+04 7.447184960613515900e-05
1.037999999999999818e+04 9.534047243370304407e-05
1.038999999999999818e+04 7.354950635359403346e-05
1.039999999999999818e+04 4.710594873815106693e-05
1.040999999999999818e+04 3.356536469509417995e-05
1.041999999999999818e+04 2.832994445777423833e-05
1.042999999999999818e+04 2.786676396450460367e-05
1.043999999999999818e+04 3.115217006088338072e-05
1.044999999999999818e+04 3.869147403743824234e-05
1.045999999999999818e+04 5.223622456347971541e-05
1.046999999999999818e+04 7.162428914995688464e-05
1.047999999999999818e+04 8.769402881010957581e-05
1.048999999999999818e+04 8.817765286798542846e-05
1.049999999999999818e+04 7.757921188994967496e-05
1.050999999999999818e+04 6.814972274701142346e-05
1.051999999999999818e+04 6.336509188414233098e-05
1.052999999999999818e+04 6.379640390813059872e-05
1.053999999999999818e+04 6.976495219114338853e-05
1.054999999999999818e+04 7.998183048978248612e-05
1.055999999999999818e+04 8.927520985308026779e-05
1.056999999999999818e+04 8.779768478437079582e-05
1.057999999999999818e+04 7.276201485295288483e-05
1.058999999999999818e+04 5.506326287218415527e-05
1.059999999999999818e+04 4.126370288346568573e-05
1.060999999999999818e+04 3.231027604721265661e-05
1.061999999999999818e+04 2.669881228395173454e-05
1.062999999999999818e+04 2.379054270229673132e-05
1.063999999999999818e+04 2.264639288934096767e-05
1.064999999999999818e+04 2.314916288660557228e-05
1.065999999999999818e+04 2.512782582474408358e-05
1.066999999999999818e+04 2.937468611389034944e-05
1.067999999999999818e+04 3.635251448722255304e-05
1.068999999999999818e+04 4.767018054198152079e-05
1.069999999999999818e+04 6.391647199591499770e-05
1.070999999999999818e+04 8.173696650018188027e-05
1.071999999999999818e+04 8.994633491994542417e-05
1.072999999999999818e+04 8.122732906453042584e-05
1.073999999999999818e+04 6.616723413201055105e-05
1.074999999999999818e+04 5.335001628906328107e-05
1.075999999999999818e+04 4.444572129969653109e-05
1.076999999999999818e+04 3.932718184200282500e-05
1.077999999999999818e+04 3.718521813771143674e-05
1.078999999999999818e+04 3.745662029381953873e-05
1.079999999999999818e+04 4.021030214514262157e-05
1.080999999999999818e+04 4.567078024426732930e-05
1.081999999999999818e+04 5.480467956629073091e-05
1.082999999999999818e+04 6.712851786415441650e-05
1.083999999999999818e+04 8.077591555548389640e-05
1.084999999999999818e+04 8.876686600494377807e-05
1.085999999999999818e+04 8.436520297812864517e-05
1.086999999999999818e+04 7.065635623523856910e-05
1.087999999999999818e+04 5.575995902453257725e-05
1.088999999999999818e+04 4.428182312000840355e-05
1.089999999999999818e+04 3.631024970857256164e-05
1.090999999999999818e+04 3.136599238284161506e-05
1.091999999999999818e+04 2.811987384084263164e-05
1.092999999999999818e+04 2.672043489818328371e-05
1.093999999999999818e+04 2.649615610828114307e-05
1.094999999999999818e+04 2.747231711139291771e-05
1.095999999999999818e+04 3.002955194300328169e-05
1.096999999999999818e+04 3.423711500039509573e-05
1.097999999999999818e+04 4.064851198964440052e-05
1.098999999999999818e+04 4.996472184107514483e-05
1.099999999999999818e+04 6.173306885762485643e-05
1.100999999999999818e+04 7.475014070313551787e-05
1.101999999999999818e+04 8.378547151627108083e-05
1.102999999999999818e+04 8.332481119853265314e-05
1.103999999999999818e+04 7.387960415954834652e-05
1.104999999999999818e+04 6.141845141377485020e-05
1.105999999999999818e+04 5.010507897655822594e-05
1.106999999999999818e+04 4.151053786182730225e-05
1.107999999999999818e+04 3.533218367531237945e-05
1.108999999999999818e+04 3.112209799617069204e-05
1.109999999999999818e+04 2.830916782499641918e-05
1.110999999999999818e+04 2.659048352384848078e-05
1.111999999999999818e+04 2.577713253566059511e-05
1.112999999999999818e+04 2.575878734848548459e-05
1.113999999999999818e+04 2.632291298981418205e-05
1.114999999999999818e+04 2.759398699076054921e-05
1.115999999999999818e+04 2.964350639656237899e-05
1.116999999999999818e+04 3.240140545187033725e-05
1.117999999999999818e+04 3.602280374271364845e-05
1.118999999999999818e+04 4.059938735739017070e-05
1.119999999999999818e+04 4.624458254173461079e-05
1.120999999999999818e+04 5.287408831882784615e-05
1.121999999999999818e+04 6.014150171845939993e-05
1.122999999999999818e+04 6.771171287189624115e-05
1.123999999999999818e+04 7.491833186418500742e-05
1.124999999999999818e+04 8.075562890761193698e-05
1.125999999999999818e+04 8.464079559917131760e-05
1.126999999999999818e+04 8.617452281707273449e-05
1.127999999999999818e+04 8.561117175872382499e-05
1.128999999999999818e+04 8.379204560116256233e-05
1.129999999999999818e+04 8.101660879155614631e-05
1.130999999999999818e+04 7.829540926397505379e-05
1.131999999999999818e+04 7.573321804558844940e-05
1.132999999999999818e+04 7.388225125529455971e-05
1.133999999999999818e+04 7.234965163986799611e-05
1.134999999999999818e+04 7.177277849104470302e-05
1.135999999999999818e+04 7.189253502220104420e-05
1.136999999999999818e+04 7.259381056967633545e-05
1.137999999999999818e+04 7.414001991920513858e-05
1.138999999999999818e+04 7.598167549075485997e-05
1.139999999999999818e+04 7.820778620703803586e-05
1.140999999999999818e+04 8.065391056510353080e-05
1.141999999999999818e+04 8.286898731722245140e-05
1.142999999999999818e+04 8.464665823095235810e-05
1.143999999999999818e+04 8.585019569114857448e-05
1.144999999999999818e+04 8.621079965962686221e-05
1.145999999999999818e+04 8.591313066461521127e-05
1.146999999999999818e+04 8.496872918260763637e-05
1.147999999999999818e+04 8.364402847331871499e-05
1.148999999999999818e+04 8.219097496136174973e-05
1.149999999999999818e+04 8.080387345553038893e-05
1.150999999999999818e+04 7.992445142780918530e-05
1.151999999999999818e+04 7.925060271457180241e-05
1.152999999999999818e+04 7.906297152016772281e-05
1.153999999999999818e+04 7.950488444119247367e-05
1.154999999999999818e+04 8.036502518292728398e-05
1.155999999999999818e+04 8.163949514799474468e-05
1.156999999999999818e+04 8.322740508785470698e-05
1.157999999999999818e+04 8.496869677732875022e-05
1.158999999999999818e+04 8.642936437665121581e-05
1.159999999999999818e+04 8.762637587394889985e-05
1.160999999999999818e+04 8.830325433910488303e-05
1.161999999999999818e+04 8.828739376636667111e-05
1.162999999999999818e+04 8.773557393939966772e-05
1.163999999999999818e+04 8.664473733693085680e-05
1.164999999999999818e+04 8.520141988257961911e-05
1.165999999999999818e+04 8.363778311588825694e-05
1.166999999999999818e+04 8.204974815876284742e-05
1.167999999999999818e+04 8.076775589429575908e-05
1.168999999999999818e+04 7.972623523885517133e-05
1.169999999999999818e+04 7.918011672841866288e-05
1.170999999999999818e+04 7.910168287047116139e-05
1.171999999999999818e+04 7.957187463549304687e-05
1.172999999999999818e+04 8.044197251001214768e-05
1.173999999999999818e+04 8.158758607835627321e-05
1.174999999999999818e+04 8.315520263647189169e-05
1.175999999999999818e+04 8.472451226277654692e-05
1.176999999999999818e+04 8.601288907791674579e-05
1.177999999999999818e+04 8.714125169475338902e-05
1.178999999999999818e+04 8.785911241881840872e-05
1.179999999999999818e+04 8.814080150903844015e-05
1.180999999999999818e+04 8.775116462745205883e-05
1.181999999999999818e+04 8.682926107562539758e-05
1.182999999999999818e+04 8.575198664023630753e-05
1.183999999999999818e+04 8.448298841883080041e-05
1.184999999999999818e+04 8.336981284052880699e-05
1.185999999999999818e+04 8.242468950291640057e-05
1.186999999999999818e+04 8.188709627735378939e-05
1.187999999999999818e+04 8.165963634077171398e-05
1.188999999999999818e+04 8.193568523734271912e-05
1.189999999999999818e+04 8.275666806690314039e-05
1.190999999999999818e+04 8.407978297896166102e-05
1.191999999999999818e+04 8.562504627195170498e-05
1.192999999999999818e+04 8.711628230551157932e-05
1.193999999999999818e+04 8.832473100246436071e-05
1.194999999999999818e+04 8.887242697602574235e-05
1.195999999999999818e+04 8.827091592722094296e-05
1.196999999999999818e+04 8.625163548348313515e-05
1.197999999999999818e+04 8.260130480237007464e-05
1.198999999999999818e+04 7.764261831878358411e-05
1.199999999999999818e+04 7.159608341624187412e-05
1.200999999999999818e+04 6.508161325221282784e-05
1.201999999999999818e+04 5.848720308411716780e-05
1.202999999999999818e+04 5.237290631627921348e-05
1.203999999999999818e+04 4.680313167895590543e-05
1.204999999999999818e+04 4.198454759958670466e-05
1.205999999999999818e+04 3.790410614178054034e-05
1.206999999999999818e+04 3.444670445914945666e-05
1.207999999999999818e+04 3.160924233240795344e-05
1.208999999999999818e+04 2.934209496922489201e-05
1.209999999999999818e+04 2.757136032688739435e-05
1.210999999999999818e+04 2.620610905506496238e-05
1.211999999999999818e+04 2.528986699396728189e-05
1.212999999999999818e+04 2.467810958322670225e-05
1.213999999999999818e+04 2.444942700598545050e-05
1.214999999999999818e+04 2.452655309518577269e-05
1.215999999999999818e+04 2.502508924847550087e-05
1.216999999999999818e+04 2.591860199227463766e-05
1.217999999999999818e+04 2.722848420276951793e-05
1.218999999999999818e+04 2.899003953642646214e-05
1.219999999999999818e+04 3.139653334789898990e-05
1.220999999999999818e+04 3.449073431965186856e-05
1.221999999999999818e+04 3.848370180184111872e-05
1.222999999999999818e+04 4.346447739021595683e-05
1.223999999999999818e+04 4.972034216390578185e-05
1.224999999999999818e+04 5.725559253951762823e-05
1.225999999999999818e+04 6.582154056235538144e-05
1.226999999999999818e+04 7.503762329266854263e-05
1.227999999999999818e+04 8.371643428319460692e-05
1.228999999999999818e+04 9.035361696068470983e-05
1.229999999999999818e+04 9.348950393511887974e-05
1.230999999999999818e+04 9.255086391348507462e-05
1.231999999999999818e+04 8.813647496596976405e-05
1.232999999999999818e+04 8.179134790899604936e-05
1.233999999999999818e+04 7.478878805342395204e-05
1.234999999999999818e+04 6.827940019651736517e-05
1.235999999999999818e+04 6.256314921992445243e-05
1.236999999999999818e+04 5.795422036230696880e-05
1.237999999999999818e+04 5.449611644088333786e-05
1.238999999999999818e+04 5.208356032711490286e-05
1.239999999999999818e+04 5.060187127602712068e-05
1.240999999999999818e+04 5.001419013813352890e-05
1.241999999999999818e+04 5.035724871769533021e-05
1.242999999999999818e+04 5.151356452947509362e-05
1.243999999999999818e+04 5.348697500186710757e-05
1.244999999999999818e+04 5.640801556601255566e-05
1.245999999999999818e+04 6.021952592951811687e-05
1.246999999999999818e+04 6.485061832934819017e-05
1.247999999999999818e+04 7.011755969323161392e-05
1.248999999999999818e+04 7.590397653811252129e-05
1.249999999999999818e+04 8.147084887409591144e-05
1.250999999999999818e+04 8.622212870254467693e-05
1.251999999999999818e+04 8.947158775599851844e-05
1.252999999999999818e+04 9.058323142712115632e-05
1.253999999999999818e+04 8.937003873550855462e-05
1.254999999999999818e+04 8.610928083873406165e-05
1.255999999999999818e+04 8.166741164645097834e-05
1.256999999999999818e+04 7.661465667355690302e-05
1.257999999999999818e+04 7.156180834194843243e-05
1.258999999999999818e+04 6.697354971567784159e-05
1.259999999999999818e+04 6.302712315135158882e-05
1.260999999999999818e+04 5.994541087922698676e-05
1.261999999999999818e+04 5.762329231475574149e-05
1.262999999999999818e+04 5.606267506357588004e-05
1.263999999999999818e+04 5.535057492461904473e-05
1.264999999999999818e+04 5.519643930994334733e-05
1.265999999999999818e+04 5.593960597558224779e-05
1.266999999999999818e+04 5.731309879984969492e-05
1.267999999999999818e+04 5.938230968287336125e-05
1.268999999999999818e+04 6.220269856454788062e-05
1.269999999999999818e+04 6.558539093123793239e-05
1.270999999999999818e+04 6.954896469677150053e-05
1.271999999999999818e+04 7.394537645350118197e-05
1.272999999999999818e+04 7.848214744536160972e-05
1.273999999999999818e+04 8.285737004012760497e-05
1.274999999999999818e+04 8.668177130107158771e-05
1.275999999999999818e+04 8.953455262678622426e-05
1.276999999999999818e+04 9.114920752846669217e-05
1.277999999999999818e+04 9.144529085309417553e-05
1.278999999999999818e+04 9.056205516688229751e-05
1.279999999999999818e+04 8.863429476869326504e-05
1.280999999999999818e+04 8.635920317288509594e-05
1.281999999999999818e+04 8.356677921715125845e-05
1.282999999999999818e+04 8.084854219724328889e-05
1.283999999999999818e+04 7.848658625211940760e-05
1.284999999999999818e+04 7.652898666067991227e-05
1.285999999999999818e+04 7.500466617347413382e-05
1.286999999999999818e+04 7.419377091330987264e-05
1.287999999999999818e+04 7.388084539827119424e-05
1.288999999999999818e+04 7.414562315373505010e-05
1.289999999999999818e+04 7.491117188296402658e-05
1.290999999999999818e+04 7.616303410329363038e-05
1.291999999999999818e+04 7.801292006303193083e-05
1.292999999999999818e+04 8.009578408494761562e-05
1.293999999999999818e+04 8.229595242938541060e-05
1.294999999999999818e+04 8.448524112412992822e-05
1.295999999999999818e+04 8.647532719197314208e-05
1.296999999999999818e+04 8.797644314142971916e-05
1.297999999999999818e+04 8.906271820600369774e-05
1.298999999999999818e+04 8.941339792714608770e-05
1.299999999999999818e+04 8.911801173238743728e-05
1.300999999999999818e+04 8.808306109995523120e-05
1.301999999999999818e+04 8.659131464378654161e-05
1.302999999999999818e+04 8.479384779326213338e-05
1.303999999999999818e+04 8.283088375826840760e-05
1.304999999999999818e+04 8.081422022969395372e-05
1.305999999999999818e+04 7.905535800200089560e-05
1.306999999999999818e+04 7.759230417554309586e-05
1.307999999999999818e+04 7.642962749806983156e-05
1.308999999999999818e+04 7.570200986181077792e-05
1.309999999999999818e+04 7.547365913034312054e-05
1.310999999999999818e+04 7.580795032399205370e-05
1.311999999999999818e+04 7.658120224669110550e-05
1.312999999999999818e+04 7.782322224008152514e-05
1.313999999999999818e+04 7.948386450452474088e-05
1.314999999999999818e+04 8.154456334174056947e-05
1.315999999999999818e+04 8.389284711562719986e-05
1.316999999999999818e+04 8.639394261543569572e-05
1.317999999999999818e+04 8.872223206814094433e-05
1.318999999999999818e+04 9.080265707926265259e-05
1.319999999999999818e+04 9.232734292241741693e-05
1.320999999999999818e+04 9.310786622378024700e-05
1.321999999999999818e+04 9.287386400521133309e-05
1.322999999999999818e+04 9.170686855113999191e-05
1.323999999999999818e+04 8.948329464069127727e-05
1.324999999999999818e+04 8.665698679955868410e-05
1.325999999999999818e+04 8.291994416101703888e-05
1.326999999999999818e+04 7.896721375609239396e-05
1.327999999999999818e+04 7.503100676313050879e-05
1.328999999999999818e+04 7.097204984314683278e-05
1.329999999999999818e+04 6.720306626172486693e-05
1.330999999999999818e+04 6.377230528820838093e-05
1.331999999999999818e+04 6.083773798705823026e-05
1.332999999999999818e+04 5.819981548877922284e-05
1.333999999999999818e+04 5.599835002732507852e-05
1.334999999999999818e+04 5.423098522264158897e-05
1.335999999999999818e+04 5.289570879059232744e-05
1.336999999999999818e+04 5.186652095334196900e-05
1.337999999999999818e+04 5.133667539197433300e-05
1.338999999999999818e+04 5.121518691967801533e-05
1.339999999999999818e+04 5.144616218902480582e-05
1.340999999999999818e+04 5.193997342776786097e-05
1.341999999999999818e+04 5.297495675420194430e-05
1.342999999999999818e+04 5.434493502373832649e-05
1.343999999999999818e+04 5.622031085764277533e-05
1.344999999999999818e+04 5.847518939264343936e-05
1.345999999999999818e+04 6.104663131439932858e-05
1.346999999999999818e+04 6.420965015269396474e-05
1.347999999999999818e+04 6.766209057186231036e-05
1.348999999999999818e+04 7.155661502200397759e-05
1.349999999999999818e+04 7.565711393712821651e-05
1.350999999999999818e+04 7.979406090368296428e-05
1.351999999999999818e+04 8.369576677354457833e-05
1.352999999999999818e+04 8.716214221328038051e-05
1.353999999999999818e+04 8.946991437813175746e-05
1.354999999999999818e+04 9.047477962008120846e-05
1.355999999999999818e+04 8.985371145925187216e-05
1.356999999999999818e+04 8.769662330824783863e-05
1.357999999999999818e+04 8.391702530395938394e-05
1.358999999999999818e+04 7.895447802511614389e-05
1.359999999999999818e+04 7.328061424345189492e-05
1.360999999999999818e+04 6.708526298360532327e-05
1.361999999999999818e+04 6.105725129850596582e-05
1.362999999999999818e+04 5.514605441015712209e-05
1.363999999999999818e+04 4.989601769322007631e-05
1.364999999999999818e+04 4.502209858791758455e-05
1.365999999999999818e+04 4.078868211303153448e-05
1.366999999999999818e+04 3.699458722068358317e-05
1.367999999999999818e+04 3.367822521998023715e-05
1.368999999999999818e+04 3.085721502903828264e-05
1.369999999999999818e+04 2.829848303933833818e-05
1.370999999999999818e+04 2.605783608496096715e-05
1.371999999999999818e+04 2.412011960424187795e-05
1.372999999999999818e+04 2.250726856320973981e-05
1.373999999999999818e+04 2.101156630547876397e-05
1.374999999999999818e+04 1.978724119117771944e-05
1.375999999999999818e+04 1.881195161233489805e-05
1.376999999999999818e+04 1.796276761374173016e-05
1.377999999999999818e+04 1.725975030559859474e-05
1.378999999999999818e+04 1.682108023508289082e-05
1.379999999999999818e+04 1.646499202940322803e-05
1.380999999999999818e+04 1.622806292724848938e-05
1.381999999999999818e+04 1.618386998884434970e-05
1.382999999999999818e+04 1.623873496337175423e-05
1.383999999999999818e+04 1.647458409968042561e-05
1.384999999999999818e+04 1.678142294466330829e-05
1.385999999999999818e+04 1.724366054081163732e-05
1.386999999999999818e+04 1.783730826736574450e-05
1.387999999999999818e+04 1.854621218935117440e-05
1.388999999999999818e+04 1.941545460001447868e-05
1.389999999999999818e+04 2.043528699386189623e-05
1.390999999999999818e+04 2.166292289161201250e-05
1.391999999999999818e+04 2.304664182916989928e-05
1.392999999999999818e+04 2.463776222314111876e-05
1.393999999999999818e+04 2.651277222885458862e-05
1.394999999999999818e+04 2.860185658282298225e-05
1.395999999999999818e+04 3.097480611485115909e-05
1.396999999999999818e+04 3.361095327684275635e-05
1.397999999999999818e+04 3.668271529165174780e-05
1.398999999999999818e+04 4.001403459632179270e-05
1.399999999999999818e+04 4.376075084340075419e-05
1.400999999999999818e+04 4.776413717788258406e-05
1.401999999999999818e+04 5.201813693322658735e-05
1.402999999999999818e+04 5.657186793026242088e-05
1.403999999999999818e+04 6.125314524630797331e-05
1.404999999999999818e+04 6.580887287135670058e-05
1.405999999999999818e+04 7.016958162069284973e-05
1.406999999999999818e+04 7.429879624845247990e-05
1.407999999999999818e+04 7.777691941825051313e-05
1.408999999999999818e+04 8.046351030143063373e-05
1.409999999999999818e+04 8.242428481227883220e-05
1.410999999999999818e+04 8.350711830509691862e-05
1.411999999999999818e+04 8.378021976425764172e-05
1.412999999999999818e+04 8.337707129563028628e-05
1.413999999999999818e+04 8.224127276129517277e-05
1.414999999999999818e+04 8.078923505975131483e-05
1.415999999999999818e+04 7.888717726151595023e-05
1.416999999999999818e+04 7.692207994057600237e-05
1.417999999999999818e+04 7.479432227630644690e-05
1.418999999999999818e+04 7.269272342626058835e-05
1.419999999999999818e+04 7.058173322035494947e-05
1.420999999999999818e+04 6.858799385063160615e-05
1.421999999999999818e+04 6.672941825086208987e-05
1.422999999999999818e+04 6.505462546492451331e-05
1.423999999999999818e+04 6.357700838048238861e-05
1.424999999999999818e+04 6.226024790716879593e-05
1.425999999999999818e+04 6.125816003705480441e-05
1.426999999999999818e+04 6.040914829258113333e-05
1.427999999999999818e+04 5.969180407483431827e-05
1.428999999999999818e+04 5.913900195076130688e-05
1.429999999999999818e+04 5.872715009269897300e-05
1.430999999999999818e+04 5.863289578766713744e-05
1.431999999999999818e+04 5.871098459095052362e-05
1.432999999999999818e+04 5.891282706467464164e-05
1.433999999999999818e+04 5.937957471256398543e-05
1.434999999999999818e+04 5.985061723693350515e-05
1.435999999999999818e+04 6.064887518552887865e-05
1.436999999999999818e+04 6.162672511118329199e-05
1.437999999999999818e+04 6.263261957526662671e-05
1.438999999999999818e+04 6.386352939790208415e-05
1.439999999999999818e+04 6.525200327675028159e-05
1.440999999999999818e+04 6.671105774939027698e-05
1.441999999999999818e+04 6.835213331528713963e-05
1.442999999999999818e+04 6.999721808692064792e-05
1.443999999999999818e+04 7.176565833246032486e-05
1.444999999999999818e+04 7.348342526989162272e-05
1.445999999999999818e+04 7.525262372516964768e-05
1.446999999999999818e+04 7.703531059803649073e-05
1.447999999999999818e+04 7.871406449440126671e-05
1.448999999999999818e+04 8.012833261750693136e-05
1.449999999999999818e+04 8.145601569076119108e-05
1.450999999999999818e+04 8.261867829414548811e-05
1.451999999999999818e+04 8.348996345704197061e-05
1.452999999999999818e+04 8.416307963307602619e-05
1.453999999999999818e+04 8.457876749660570026e-05
1.454999999999999818e+04 8.475867974696466598e-05
1.455999999999999818e+04 8.466480950735886526e-05
1.456999999999999818e+04 8.435799539843512405e-05
1.457999999999999818e+04 8.407622579096962019e-05
1.458999999999999818e+04 8.357585774208334544e-05
1.459999999999999818e+04 8.301523269084799849e-05
1.460999999999999818e+04 8.238652690721505066e-05
1.461999999999999818e+04 8.170205361613106421e-05
1.462999999999999818e+04 8.121047029151203585e-05
1.463999999999999818e+04 8.075294065399267495e-05
1.464999999999999818e+04 8.038005451823019404e-05
1.465999999999999818e+04 8.024669835958515743e-05
1.466999999999999818e+04 8.020294143315891675e-05
1.467999999999999818e+04 8.040582499157627452e-05
1.468999999999999818e+04 8.082881702673160853e-05
1.469999999999999818e+04 8.152935606568135932e-05
1.470999999999999818e+04 8.251340083514395398e-05
1.471999999999999818e+04 8.380959201893782996e-05
1.472999999999999818e+04 8.537916104629898761e-05
1.473999999999999818e+04 8.731070595178283295e-05
1.474999999999999818e+04 8.971654255723531077e-05
1.475999999999999818e+04 9.258058328372085436e-05
1.476999999999999818e+04 9.591204596007810905e-05
1.477999999999999818e+04 9.976062450880501451e-05
1.478999999999999818e+04 1.040975759871773360e-04
1.479999999999999818e+04 1.092687390328349404e-04
1.480999999999999818e+04 1.151700247636407062e-04
1.481999999999999818e+04 1.218727914869479777e-04
1.482999999999999818e+04 1.296884392198459953e-04
1.483999999999999818e+04 1.388070245021100723e-04
1.484999999999999818e+04 1.488675431848703295e-04
1.485999999999999818e+04 1.606490837827971195e-04
1.486999999999999818e+04 1.740186061617296563e-04
1.487999999999999818e+04 1.893841665137402028e-04
1.488999999999999818e+04 2.074468846606509879e-04
1.489999999999999818e+04 2.283536381299389596e-04
1.490999999999999818e+04 2.526823995842807612e-04
1.491999999999999818e+04 2.805599878604431814e-04
1.492999999999999818e+04 3.137056923471592644e-04
1.493999999999999818e+04 3.524508148258365526e-04
1.494999999999999818e+04 3.983443280143903007e-04
1.495999999999999818e+04 4.527997372586206213e-04
1.496999999999999818e+04 5.172287608254938626e-04
1.497999999999999818e+04 5.940899806410468919e-04
1.498999999999999818e+04 6.877492429939937191e-04
1.499999999999999818e+04 7.989231438384683656e-04
1.500999999999999818e+04 9.360380247967029247e-04
1.501999999999999818e+04 1.103572848393828860e-03
1.502999999999999818e+04 1.308900526069458605e-03
1.503999999999999818e+04 1.563203985808643039e-03
1.504999999999999818e+04 1.881749338709706168e-03
1.505999999999999818e+04 2.282271178313431508e-03
1.506999999999999818e+04 2.786370041855739613e-03
1.507999999999999818e+04 3.433882051276591560e-03
1.508999999999999818e+04 4.264641620940256249e-03
1.509999999999999818e+04 5.345901239844564473e-03
1.510999999999999818e+04 6.757080864459251088e-03
1.511999999999999818e+04 8.631280191986077932e-03
1.512999999999999818e+04 1.112704263059831680e-02
1.513999999999999818e+04 1.450854365228508060e-02
1.514999999999999818e+04 1.909865927520328077e-02
1.515999999999999818e+04 2.541333123510961314e-02
1.516999999999999818e+04 3.416387003946448619e-02
1.517999999999999818e+04 4.640983292324319526e-02
1.518999999999999818e+04 6.356644142632979222e-02
1.519999999999999818e+04 8.740695996100149301e-02
1.520999999999999818e+04 1.202262518911282052e-01
1.521999999999999818e+04 1.648904745938049310e-01
1.522999999999999818e+04 2.215259390948650930e-01
1.523999999999999818e+04 2.894308880149481511e-01
1.524999999999999818e+04 3.623945074571651159e-01
1.525999999999999818e+04 4.306480413146492880e-01
1.526999999999999818e+04 4.861387484253622548e-01
1.527999999999999818e+04 5.239010944238020606e-01
1.528999999999999818e+04 5.458829873127053478e-01
1.529999999999999818e+04 5.558756792036013694e-01
1.530999999999999818e+04 5.586827143987358468e-01
1.531999999999999818e+04 5.586336910491755958e-01
1.532999999999999818e+04 5.582694087270093641e-01
1.533999999999999818e+04 5.562289285861309329e-01
1.534999999999999818e+04 5.558570988773748889e-01
1.535999999999999636e+04 5.560914761769732984e-01
1.536999999999999636e+04 5.561346012546732887e-01
1.537999999999999636e+04 5.565972879984060206e-01
1.538999999999999636e+04 5.575707310714251852e-01
1.539999999999999636e+04 5.575730798829809931e-01
1.540999999999999636e+04 5.584897630846098471e-01
1.541999999999999636e+04 5.577238248738158877e-01
1.542999999999999636e+04 5.574246350017654228e-01
1.543999999999999636e+04 5.569096910777242559e-01
1.544999999999999636e+04 5.563189227733276176e-01
1.545999999999999636e+04 5.557779891940031192e-01
1.546999999999999636e+04 5.554768124104665361e-01
1.547999999999999636e+04 5.547029811702747226e-01
1.548999999999999636e+04 5.548971714614548967e-01
1.549999999999999636e+04 5.545699593434996189e-01
1.550999999999999636e+04 5.549306550025955298e-01
1.551999999999999636e+04 5.548000280509233217e-01
1.552999999999999636e+04 5.561254025292827752e-01
1.553999999999999636e+04 5.565624695383940557e-01
1.554999999999999636e+04 5.563128475919719707e-01
1.555999999999999636e+04 5.565706150323858070e-01
1.556999999999999636e+04 5.570896016083954905e-01
1.557999999999999636e+04 5.577496013865584912e-01
1.558999999999999636e+04 5.579994174830742448e-01
1.559999999999999636e+04 5.575877225720415886e-01
1.560999999999999636e+04 5.570270128550605104e-01
1.561999999999999636e+04 5.564870364898651944e-01
1.562999999999999636e+04 5.564042013345992244e-01
1.563999999999999636e+04 5.560491471095457827e-01
1.564999999999999636e+04 5.554686274414443181e-01
1.565999999999999636e+04 5.552934268100300219e-01
1.566999999999999636e+04 5.545142305211590017e-01
1.567999999999999636e+04 5.543352945473624116e-01
1.568999999999999636e+04 5.546207533772566922e-01
1.569999999999999636e+04 5.548173904821485092e-01
1.570999999999999636e+04 5.554064294366655163e-01
1.571999999999999636e+04 5.553385800486175805e-01
1.572999999999999636e+04 5.555137986186797772e-01
1.573999999999999636e+04 5.559607940775765922e-01
1.574999999999999636e+04 5.567923868123113573e-01
1.575999999999999636e+04 5.565651481832091241e-01
1.576999999999999636e+04 5.572187843378124672e-01
1.577999999999999636e+04 5.579173187700691150e-01
1.578999999999999636e+04 5.580022980312371317e-01
1.579999999999999636e+04 5.579057456564060491e-01
1.580999999999999636e+04 5.582547658313675720e-01
1.581999999999999636e+04 5.575109280904305686e-01
1.582999999999999636e+04 5.568614916727342434e-01
1.583999999999999636e+04 5.572270480301665385e-01
1.584999999999999636e+04 5.571337616561062855e-01
1.585999999999999636e+04 5.569342359785104390e-01
1.586999999999999636e+04 5.564411292933267861e-01
1.587999999999999636e+04 5.556375299214917352e-01
1.588999999999999636e+04 5.556258574175263476e-01
1.589999999999999636e+04 5.546127624792636102e-01
1.590999999999999636e+04 5.544663674450784896e-01
1.591999999999999636e+04 5.544483791194579902e-01
1.592999999999999636e+04 5.542531531066006156e-01
1.593999999999999636e+04 5.539887582331148863e-01
1.594999999999999636e+04 5.536285667950212597e-01
1.595999999999999636e+04 5.534230717254025045e-01
1.596999999999999636e+04 5.536703521570724984e-01
1.597999999999999636e+04 5.535844101270771533e-01
1.598999999999999636e+04 5.535432650777338814e-01
1.599999999999999636e+04 5.539236230018586005e-01
1.600999999999999636e+04 5.541468988794637784e-01
1.601999999999999636e+04 5.537257686934432543e-01
1.602999999999999636e+04 5.535537982999180207e-01
1.603999999999999636e+04 5.538037281574622606e-01
1.604999999999999636e+04 5.540393959446137107e-01
1.605999999999999636e+04 5.537501641970633548e-01
1.606999999999999636e+04 5.532924733272629458e-01
1.607999999999999636e+04 5.529507533226225569e-01
1.608999999999999636e+04 5.524915432964935258e-01
1.609999999999999636e+04 5.520414652580261095e-01
1.610999999999999636e+04 5.514692312529447804e-01
1.611999999999999636e+04 5.509900032799438518e-01
1.612999999999999636e+04 5.504968556061959895e-01
1.613999999999999636e+04 5.500638626027529732e-01
1.614999999999999636e+04 5.496305153330791615e-01
1.615999999999999636e+04 5.499102242396273210e-01
1.616999999999999636e+04 5.495516137113436450e-01
1.617999999999999636e+04 5.490306706173757600e-01
1.618999999999999636e+04 5.484432069276999888e-01
1.619999999999999636e+04 5.482635589927773445e-01
1.620999999999999636e+04 5.488718324198438303e-01
1.621999999999999636e+04 5.477768095920505509e-01
1.622999999999999636e+04 5.472576675327198714e-01
1.623999999999999636e+04 5.483209544306741900e-01
1.624999999999999636e+04 5.481621634172129109e-01
1.625999999999999636e+04 5.483162636485287011e-01
1.626999999999999636e+04 5.482098265098839240e-01
1.627999999999999636e+04 5.481306187962043941e-01
1.628999999999999636e+04 5.485308728525017941e-01
1.629999999999999636e+04 5.482608238733560624e-01
1.630999999999999636e+04 5.487151278071955574e-01
1.631999999999999636e+04 5.482612947231132461e-01
1.632999999999999636e+04 5.476730207327318301e-01
1.633999999999999636e+04 5.471809106620035834e-01
1.634999999999999636e+04 5.468990303646277251e-01
1.635999999999999636e+04 5.466172576653058890e-01
1.636999999999999636e+04 5.462346832229979521e-01
1.637999999999999636e+04 5.456615693239695863e-01
1.638999999999999636e+04 5.454118046137822473e-01
1.639999999999999636e+04 5.450335895742322023e-01
1.640999999999999636e+04 5.447917898352684363e-01
1.641999999999999636e+04 5.439511226205048233e-01
1.642999999999999636e+04 5.440829508532419867e-01
1.643999999999999636e+04 5.434957306628048768e-01
1.644999999999999636e+04 5.438116312891055903e-01
1.645999999999999636e+04 5.432057665549869796e-01
1.646999999999999636e+04 5.428228068336653500e-01
1.647999999999999636e+04 5.433727707116411398e-01
1.648999999999999636e+04 5.430793029089361346e-01
1.649999999999999636e+04 5.432982111949006265e-01
1.650999999999999636e+04 5.434105377608030585e-01
1.651999999999999636e+04 5.435375024102377939e-01
1.652999999999999636e+04 5.431387626178847405e-01
1.653999999999999636e+04 5.443935092400448150e-01
1.654999999999999636e+04 5.444390264010799951e-01
1.655999999999999636e+04 5.446769934295725424e-01
1.656999999999999636e+04 5.447925277499440222e-01
1.657999999999999636e+04 5.454506971162776940e-01
1.658999999999999636e+04 5.456241461955348981e-01
1.659999999999999636e+04 5.455892668684745317e-01
1.660999999999999636e+04 5.460718304318530336e-01
1.661999999999999636e+04 5.461050173407534514e-01
1.662999999999999636e+04 5.458929669959129427e-01
1.663999999999999636e+04 5.461655010657822107e-01
1.664999999999999636e+04 5.460410910141929586e-01
1.665999999999999636e+04 5.461404867573279587e-01
1.666999999999999636e+04 5.460986391452625766e-01
1.667999999999999636e+04 5.459508049536012653e-01
1.668999999999999636e+04 5.456738820458900685e-01
1.669999999999999636e+04 5.454112525410098611e-01
1.670999999999999636e+04 5.451155965774810985e-01
1.671999999999999636e+04 5.451431505170013514e-01
1.672999999999999636e+04 5.452427857991735127e-01
1.673999999999999636e+04 5.445829803126478463e-01
1.674999999999999636e+04 5.441942478761427893e-01
1.675999999999999636e+04 5.445115596408893754e-01
1.676999999999999636e+04 5.443656221450868804e-01
1.677999999999999636e+04 5.440784668617613118e-01
1.678999999999999636e+04 5.443431952499937498e-01
1.679999999999999636e+04 5.441397580521546429e-01
1.680999999999999636e+04 5.442280504010742481e-01
1.681999999999999636e+04 5.443346411096647852e-01
1.682999999999999636e+04 5.448036922041159524e-01
1.683999999999999636e+04 5.454612586393912110e-01
1.684999999999999636e+04 5.458953399998737188e-01
1.685999999999999636e+04 5.459556171693983329e-01
1.686999999999999636e+04 5.460067545025431013e-01
1.687999999999999636e+04 5.464871846663449384e-01
1.688999999999999636e+04 5.472428885001097143e-01
1.689999999999999636e+04 5.473439641080052320e-01
1.690999999999999636e+04 5.472206108973670657e-01
1.691999999999999636e+04 5.476924813142567405e-01
1.692999999999999636e+04 5.486566734760819353e-01
1.693999999999999636e+04 5.481343048295503895e-01
1.694999999999999636e+04 5.482154645895621625e-01
1.695999999999999636e+04 5.483836966302912952e-01
1.696999999999999636e+04 5.477076502729704144e-01
1.697999999999999636e+04 5.479209977669758924e-01
1.698999999999999636e+04 5.488160168277281814e-01
1.699999999999999636e+04 5.482370098700364291e-01
1.700999999999999636e+04 5.481491257212244284e-01
1.701999999999999636e+04 5.478760742022132924e-01
1.702999999999999636e+04 5.474519195720289888e-01
1.703999999999999636e+04 5.476630418337138373e-01
1.704999999999999636e+04 5.475706952337681122e-01
1.705999999999999636e+04 5.473939537106307096e-01
1.706999999999999636e+04 5.473683578582986264e-01
1.707999999999999636e+04 5.474059748476258758e-01
1.708999999999999636e+04 5.478017228749734180e-01
1.709999999999999636e+04 5.474534807605848652e-01
1.710999999999999636e+04 5.468630429741243582e-01
1.711999999999999636e+04 5.476950753781489878e-01
1.712999999999999636e+04 5.470975723235548260e-01
1.713999999999999636e+04 5.469500963565039342e-01
1.714999999999999636e+04 5.480625844006186131e-01
1.715999999999999636e+04 5.476056651690524024e-01
1.716999999999999636e+04 5.481716969728197553e-01
1.717999999999999636e+04 5.482784177440029882e-01
1.718999999999999636e+04 5.484936964443543062e-01
1.719999999999999636e+04 5.485754602753808440e-01
1.720999999999999636e+04 5.491477616750978230e-01
1.721999999999999636e+04 5.491951033165195506e-01
1.722999999999999636e+04 5.494195747831375209e-01
1.723999999999999636e+04 5.491502949004608558e-01
1.724999999999999636e+04 5.496450969133356290e-01
1.725999999999999636e+04 5.502242454036513353e-01
1.726999999999999636e+04 5.503448510105909408e-01
1.727999999999999636e+04 5.499769440924962005e-01
1.728999999999999636e+04 5.496143341447621289e-01
1.729999999999999636e+04 5.498268691125763885e-01
1.730999999999999636e+04 5.502711929961998649e-01
1.731999999999999636e+04 5.504509612132270080e-01
1.732999999999999636e+04 5.498821563930295087e-01
1.733999999999999636e+04 5.497584280033155357e-01
1.734999999999999636e+04 5.490143929600647121e-01
1.735999999999999636e+04 5.488773832754010318e-01
1.736999999999999636e+04 5.487786336603177606e-01
1.737999999999999636e+04 5.488710973568953211e-01
1.738999999999999636e+04 5.488959099930913466e-01
1.739999999999999636e+04 5.485478192115799123e-01
1.740999999999999636e+04 5.479070266966779013e-01
1.741999999999999636e+04 5.485486025697025037e-01
1.742999999999999636e+04 5.476597355077561513e-01
1.743999999999999636e+04 5.479897182916367848e-01
1.744999999999999636e+04 5.478381414656037229e-01
1.745999999999999636e+04 5.469295271547212067e-01
1.746999999999999636e+04 5.471292820159399106e-01
1.747999999999999636e+04 5.480459836313343880e-01
1.748999999999999636e+04 5.479458301479489535e-01
1.749999999999999636e+04 5.475697681144344742e-01
1.750999999999999636e+04 5.469822289000165760e-01
1.751999999999999636e+04 5.479011072430769458e-01
1.752999999999999636e+04 5.478157576958887498e-01
1.753999999999999636e+04 5.483641938263150717e-01
1.754999999999999636e+04 5.484884259544895446e-01
1.755999999999999636e+04 5.488274381387922007e-01
1.756999999999999636e+04 5.493921618423920350e-01
1.757999999999999636e+04 5.489063949543929732e-01
1.758999999999999636e+04 5.490460038223653472e-01
1.759999999999999636e+04 5.485902748423449049e-01
1.760999999999999636e+04 5.495897262339139999e-01
1.761999999999999636e+04 5.493206227923895790e-01
1.762999999999999636e+04 5.496257916423575862e-01
1.763999999999999636e+04 5.490930262650433047e-01
1.764999999999999636e+04 5.495234796479784301e-01
1.765999999999999636e+04 5.488883999057363461e-01
1.766999999999999636e+04 5.496955343963192409e-01
1.767999999999999636e+04 5.491078946330748556e-01
1.768999999999999636e+04 5.489015486611925621e-01
1.769999999999999636e+04 5.480872420100646458e-01
1.770999999999999636e+04 5.483647099618262910e-01
1.771999999999999636e+04 5.479595987692287284e-01
1.772999999999999636e+04 5.485181298822688900e-01
1.773999999999999636e+04 5.492755141333934832e-01
1.774999999999999636e+04 5.495223325836934292e-01
1.775999999999999636e+04 5.484279416876138846e-01
1.776999999999999636e+04 5.483007615819465164e-01
1.777999999999999636e+04 5.475374259853484915e-01
1.778999999999999636e+04 5.479415124177479113e-01
1.779999999999999636e+04 5.484471640309064311e-01
1.780999999999999636e+04 5.482320036971942701e-01
1.781999999999999636e+04 5.486673890176222423e-01
1.782999999999999636e+04 5.479718691806355624e-01
1.783999999999999636e+04 5.470492136498101843e-01
1.784999999999999636e+04 5.480996302494477446e-01
1.785999999999999636e+04 5.479911678129633090e-01
1.786999999999999636e+04 5.489605203757070839e-01
1.787999999999999636e+04 5.493710939138467531e-01
1.788999999999999636e+04 5.491441385280280141e-01
1.789999999999999636e+04 5.488834273044611578e-01
1.790999999999999636e+04 5.501048254451827990e-01
1.791999999999999636e+04 5.489741792050956137e-01
1.792999999999999636e+04 5.494679820972506734e-01
1.793999999999999636e+04 5.499618891543061050e-01
1.794999999999999636e+04 5.502836235219334959e-01
1.795999999999999636e+04 5.498647404425165419e-01
1.796999999999999636e+04 5.508584788213296557e-01
1.797999999999999636e+04 5.500512054281623264e-01
1.798999999999999636e+04 5.505861008766368414e-01
1.799999999999999636e+04 5.502443476733882566e-01
1.800999999999999636e+04 5.504776991392357210e-01
1.801999999999999636e+04 5.501112788509339158e-01
1.802999999999999636e+04 5.513446199180871421e-01
1.803999999999999636e+04 5.505597116194503871e-01
1.804999999999999636e+04 5.499165022057461716e-01
1.805999999999999636e+04 5.498628789744475220e-01
1.806999999999999636e+04 5.497241952082980720e-01
1.807999999999999636e+04 5.503662308081288534e-01
1.808999999999999636e+04 5.497620418177424639e-01
1.809999999999999636e+04 5.496842297113807563e-01
1.810999999999999636e+04 5.494650118308563869e-01
1.811999999999999636e+04 5.498030746528556056e-01
1.812999999999999636e+04 5.494414877242183026e-01
1.813999999999999636e+04 5.493000328172372715e-01
1.814999999999999636e+04 5.493854799768767005e-01
1.815999999999999636e+04 5.489025958258033633e-01
1.816999999999999636e+04 5.490439786404669453e-01
1.817999999999999636e+04 5.497867199692996198e-01
1.818999999999999636e+04 5.491222287090186116e-01
1.819999999999999636e+04 5.490295388427604006e-01
1.820999999999999636e+04 5.490999013437559695e-01
1.821999999999999636e+04 5.492176525201459825e-01
1.822999999999999636e+04 5.505791058043090214e-01
1.823999999999999636e+04 5.502770103698226833e-01
1.824999999999999636e+04 5.501926190273619399e-01
1.825999999999999636e+04 5.503970686763290932e-01
1.826999999999999636e+04 5.504406976620872527e-01
1.827999999999999636e+04 5.503638364075279510e-01
1.828999999999999636e+04 5.504332154461226700e-01
1.829999999999999636e+04 5.506628132056029523e-01
1.830999999999999636e+04 5.508736103224313174e-01
1.831999999999999636e+04 5.508195897351325643e-01
1.832999999999999636e+04 5.512932205813891873e-01
1.833999999999999636e+04 5.508326111740995401e-01
1.834999999999999636e+04 5.512256254179752624e-01
1.835999999999999636e+04 5.509967637352859438e-01
1.836999999999999636e+04 5.502618692571865644e-01
1.837999999999999636e+04 5.499910067751924148e-01
1.838999999999999636e+04 5.491683831938810600e-01
1.839999999999999636e+04 5.491367729450966628e-01
1.840999999999999636e+04 5.496076778715014433e-01
1.841999999999999636e+04 5.488685616104920229e-01
1.842999999999999636e+04 5.480980437602713806e-01
1.843999999999999636e+04 5.479163990243559601e-01
1.844999999999999636e+04 5.473162711950052550e-01
1.845999999999999636e+04 5.467210605149996905e-01
1.846999999999999636e+04 5.465869837943055920e-01
1.847999999999999636e+04 5.466893765142644135e-01
1.848999999999999636e+04 5.459571009868439129e-01
1.849999999999999636e+04 5.457910200936204603e-01
1.850999999999999636e+04 5.454785651926395973e-01
1.851999999999999636e+04 5.451068080334746657e-01
1.852999999999999636e+04 5.437990762599600458e-01
1.853999999999999636e+04 5.435651614082448457e-01
1.854999999999999636e+04 5.439253572625074584e-01
1.855999999999999636e+04 5.440159670380172452e-01
1.856999999999999636e+04 5.437968610069656705e-01
1.857999999999999636e+04 5.436456068809787379e-01
1.858999999999999636e+04 5.434970338726710093e-01
1.859999999999999636e+04 5.432698660761059450e-01
1.860999999999999636e+04 5.432161958644052824e-01
1.861999999999999636e+04 5.437906881398423264e-01
1.862999999999999636e+04 5.448529583909264007e-01
1.863999999999999636e+04 5.447586419958162507e-01
1.864999999999999636e+04 5.446852684437050174e-01
1.865999999999999636e+04 5.450752830084631961e-01
1.866999999999999636e+04 5.449960429379279159e-01
1.867999999999999636e+04 5.450226206538881790e-01
1.868999999999999636e+04 5.451680033534448411e-01
1.869999999999999636e+04 5.456593571722005986e-01
1.870999999999999636e+04 5.452877744408035632e-01
1.871999999999999636e+04 5.445586079451326667e-01
1.872999999999999636e+04 5.433450687546885760e-01
1.873999999999999636e+04 5.438258403691590415e-01
1.874999999999999636e+04 5.447535523513263866e-01
1.875999999999999636e+04 5.444426087495906064e-01
1.876999999999999636e+04 5.436581043485946285e-01
1.877999999999999636e+04 5.437861509061365783e-01
1.878999999999999636e+04 5.439962865916628809e-01
1.879999999999999636e+04 5.435779395692851290e-01
1.880999999999999636e+04 5.428811269660182015e-01
1.881999999999999636e+04 5.415875368683331637e-01
1.882999999999999636e+04 5.413770899075051046e-01
1.883999999999999636e+04 5.413905577255699875e-01
1.884999999999999636e+04 5.413913251817459305e-01
1.885999999999999636e+04 5.408972922059936961e-01
1.886999999999999636e+04 5.407486267854797468e-01
1.887999999999999636e+04 5.405371969262372511e-01
1.888999999999999636e+04 5.399362277996069270e-01
1.889999999999999636e+04 5.395384269483294304e-01
1.890999999999999636e+04 5.395053705729941917e-01
1.891999999999999636e+04 5.396377776701982709e-01
1.892999999999999636e+04 5.393867235628764245e-01
1.893999999999999636e+04 5.399761364153393695e-01
1.894999999999999636e+04 5.389217658466715077e-01
1.895999999999999636e+04 5.397783094139905202e-01
1.896999999999999636e+04 5.392054962959618170e-01
1.897999999999999636e+04 5.391837001138797270e-01
1.898999999999999636e+04 5.383088157250269790e-01
1.899999999999999636e+04 5.396141306418867911e-01
1.900999999999999636e+04 5.388361205877324478e-01
1.901999999999999636e+04 5.387441446364910069e-01
1.902999999999999636e+04 5.400636894700115986e-01
1.903999999999999636e+04 5.387140928896001491e-01
1.904999999999999636e+04 5.394727648010704257e-01
1.905999999999999636e+04 5.402743821248860989e-01
1.906999999999999636e+04 5.405599966739896844e-01
1.907999999999999636e+04 5.392990545409229730e-01
1.908999999999999636e+04 5.398685343295982486e-01
1.909999999999999636e+04 5.409304497348972340e-01
1.910999999999999636e+04 5.403701657847118645e-01
1.911999999999999636e+04 5.398638168178343522e-01
1.912999999999999636e+04 5.397059509415393919e-01
1.913999999999999636e+04 5.401609758261723959e-01
1.914999999999999636e+04 5.396944256066871226e-01
1.915999999999999636e+04 5.383715302958396176e-01
1.916999999999999636e+04 5.384724865594590071e-01
1.917999999999999636e+04 5.392563438966352374e-01
1.918999999999999636e+04 5.373171683773706464e-01
1.919999999999999636e+04 5.362386734994492032e-01
1.920999999999999636e+04 5.374618629362865052e-01
1.921999999999999636e+04 5.361029637799507030e-01
1.922999999999999636e+04 5.349298391212942150e-01
1.923999999999999636e+04 5.337814165273204736e-01
1.924999999999999636e+04 5.339102134587301318e-01
1.925999999999999636e+04 5.333496786691757086e-01
1.926999999999999636e+04 5.334348026682697030e-01
1.927999999999999636e+04 5.321736256774382001e-01
1.928999999999999636e+04 5.328524074717954084e-01
1.929999999999999636e+04 5.323055884985844477e-01
1.930999999999999636e+04 5.318178593704626644e-01
1.931999999999999636e+04 5.317762256672831089e-01
1.932999999999999636e+04 5.305888001490469685e-01
1.933999999999999636e+04 5.308536971160195961e-01
1.934999999999999636e+04 5.312404497628417932e-01
1.935999999999999636e+04 5.305365283948932920e-01
1.936999999999999636e+04 5.292592732279832735e-01
1.937999999999999636e+04 5.297808891578670298e-01
1.938999999999999636e+04 5.305610525234459862e-01
1.939999999999999636e+04 5.302707664044249425e-01
1.940999999999999636e+04 5.297347318708389707e-01
1.941999999999999636e+04 5.300311116576174042e-01
1.942999999999999636e+04 5.300745131736697147e-01
1.943999999999999636e+04 5.288051281534299486e-01
1.944999999999999636e+04 5.287649484915318832e-01
1.945999999999999636e+04 5.279718644079268719e-01
1.946999999999999636e+04 5.278393351941735867e-01
1.947999999999999636e+04 5.284697644099050073e-01
1.948999999999999636e+04 5.281079936023252985e-01
1.949999999999999636e+04 5.267905910000438841e-01
1.950999999999999636e+04 5.265244895251849355e-01
1.951999999999999636e+04 5.261127418175446380e-01
1.952999999999999636e+04 5.255994103741146173e-01
1.953999999999999636e+04 5.248073966345137009e-01
1.954999999999999636e+04 5.243347350503205773e-01
1.955999999999999636e+04 5.241701765938868718e-01
1.956999999999999636e+04 5.247056586900246122e-01
1.957999999999999636e+04 5.244995630283997290e-01
1.958999999999999636e+04 5.233570522609970466e-01
1.959999999999999636e+04 5.225991552488754577e-01
1.960999999999999636e+04 5.225079727926931206e-01
1.961999999999999636e+04 5.204471441036346846e-01
1.962999999999999636e+04 5.207544336060290213e-01
1.963999999999999636e+04 5.206320763655216677e-01
1.964999999999999636e+04 5.212945346943064218e-01
1.965999999999999636e+04 5.194474378387075042e-01
1.966999999999999636e+04 5.189189921745768208e-01
1.967999999999999636e+04 5.183651113726190918e-01
1.968999999999999636e+04 5.173977989654489074e-01
1.969999999999999636e+04 5.174918285501868276e-01
1.970999999999999636e+04 5.173433706153695022e-01
1.971999999999999636e+04 5.167532918222120797e-01
1.972999999999999636e+04 5.174361546018217961e-01
1.973999999999999636e+04 5.168750866502995756e-01
1.974999999999999636e+04 5.164188764184627356e-01
1.975999999999999636e+04 5.163978695103829120e-01
1.976999999999999636e+04 5.163509084142204886e-01
1.977999999999999636e+04 5.157123648999260013e-01
1.978999999999999636e+04 5.155205974521340773e-01
1.979999999999999636e+04 5.142552905703822175e-01
1.980999999999999636e+04 5.142676649381445753e-01
1.981999999999999636e+04 5.156289894628077741e-01
1.982999999999999636e+04 5.154312627268653468e-01
1.983999999999999636e+04 5.147703541304559094e-01
1.984999999999999636e+04 5.140783704727951431e-01
1.985999999999999636e+04 5.145348540072030019e-01
1.986999999999999636e+04 5.148100788101015457e-01
1.987999999999999636e+04 5.132848887530806481e-01
1.988999999999999636e+04 5.130777452627535151e-01
1.989999999999999636e+04 5.141614149454359906e-01
1.990999999999999636e+04 5.138661232494802222e-01
1.991999999999999636e+04 5.130652986226444945e-01
1.992999999999999636e+04 5.140262476973104233e-01
1.993999999999999636e+04 5.138169808630571600e-01
1.994999999999999636e+04 5.127012884081454391e-01
1.995999999999999636e+04 5.119996754555613538e-01
1.996999999999999636e+04 5.124776367152629186e-01
1.997999999999999636e+04 5.127060370027411995e-01
1.998999999999999636e+04 5.124508551578981219e-01
1.999999999999999636e+04 5.116926643664456709e-01
2.000999999999999636e+04 5.108827421298479665e-01
2.001999999999999636e+04 5.103732959851680073e-01
2.002999999999999636e+04 5.092838982320213592e-01
2.003999999999999636e+04 5.096492502558336302e-01
2.004999999999999636e+04 5.088414021168338186e-01
2.005999999999999636e+04 5.085568935957812675e-01
2.006999999999999636e+04 5.091097466766074664e-01
2.007999999999999636e+04 5.081624479673961803e-01
2.008999999999999636e+04 5.065326162896059969e-01
2.009999999999999636e+04 5.067412131694932764e-01
2.010999999999999636e+04 5.065202850895293984e-01
2.011999999999999636e+04 5.058899704714093781e-01
2.012999999999999636e+04 5.067227615314177092e-01
2.013999999999999636e+04 5.076354623995029680e-01
2.014999999999999636e+04 5.075791142714963788e-01
2.015999999999999636e+04 5.074457213720899862e-01
2.016999999999999636e+04 5.059750228814594575e-01
2.017999999999999636e+04 5.021024034971227623e-01
2.018999999999999636e+04 4.965229306552878530e-01
2.019999999999999636e+04 4.869845438406654181e-01
2.020999999999999636e+04 4.731932593688442656e-01
2.021999999999999636e+04 4.548748023077643365e-01
2.022999999999999636e+04 4.287584340551184869e-01
2.023999999999999636e+04 3.964784988146928812e-01
2.024999999999999636e+04 3.591943248460021665e-01
2.025999999999999636e+04 3.182924473959400369e-01
2.026999999999999636e+04 2.764593518528252747e-01
2.027999999999999636e+04 2.353321064001946683e-01
2.028999999999999636e+04 1.971549127667172607e-01
2.029999999999999636e+04 1.630446989733198015e-01
2.030999999999999636e+04 1.333561771211276004e-01
2.031999999999999636e+04 1.081940072412583276e-01
2.032999999999999636e+04 8.764464698851522073e-02
2.033999999999999636e+04 7.087480796500333913e-02
2.034999999999999636e+04 5.738628826767162849e-02
2.035999999999999636e+04 4.653415172268111910e-02
2.036999999999999636e+04 3.774989233234619934e-02
2.037999999999999636e+04 3.078122730901170986e-02
2.038999999999999636e+04 2.514823444047458584e-02
2.039999999999999636e+04 2.061522246372065117e-02
2.040999999999999636e+04 1.697143319948554024e-02
2.041999999999999636e+04 1.402643204939591978e-02
2.042999999999999636e+04 1.163649592058160417e-02
2.043999999999999636e+04 9.670439616651449813e-03
2.044999999999999636e+04 8.100292834399499403e-03
2.045999999999999636e+04 6.797552884763601901e-03
2.046999999999999636e+04 5.724391138703094697e-03
2.047999999999999636e+04 4.847756454370998232e-03
2.048999999999999636e+04 4.119047839594241166e-03
2.049999999999999636e+04 3.503441861017973866e-03
2.050999999999999636e+04 3.002140434289303234e-03
2.051999999999999636e+04 2.571827004119314752e-03
2.052999999999999636e+04 2.210578846377804149e-03
2.053999999999999636e+04 1.910582419709458673e-03
2.054999999999999636e+04 1.655052563878296442e-03
2.055999999999999636e+04 1.435962261653986501e-03
2.056999999999999636e+04 1.250067369287866667e-03
2.057999999999999636e+04 1.090586952220618270e-03
2.058999999999999636e+04 9.545862135390013664e-04
2.059999999999999636e+04 8.378411849239555736e-04
2.060999999999999636e+04 7.379053195643246179e-04
2.061999999999999636e+04 6.497156484998471747e-04
2.062999999999999636e+04 5.756408323598004263e-04
2.063999999999999636e+04 5.093697497102467591e-04
2.064999999999999636e+04 4.528718178500041182e-04
2.065999999999999636e+04 4.034266766950329311e-04
2.066999999999999636e+04 3.611091606424804662e-04
2.067999999999999636e+04 3.225812647012727351e-04
2.068999999999999636e+04 2.883760386488029267e-04
2.069999999999999636e+04 2.587651145549583402e-04
2.070999999999999636e+04 2.334458058047967071e-04
2.071999999999999636e+04 2.108528873024273942e-04
2.072999999999999636e+04 1.897778823981185721e-04
2.073999999999999636e+04 1.715596379766832840e-04
2.074999999999999636e+04 1.560878004893492159e-04
2.075999999999999636e+04 1.416124202950957631e-04
2.076999999999999636e+04 1.286523649568406416e-04
2.077999999999999636e+04 1.174930012902645614e-04
2.078999999999999636e+04 1.071621987379870470e-04
2.079999999999999636e+04 9.810708788284345963e-05
2.080999999999999636e+04 9.000227523114687060e-05
2.081999999999999636e+04 8.233457343048788230e-05
2.082999999999999636e+04 7.583659775331411514e-05
2.083999999999999636e+04 6.978412231882876642e-05
2.084999999999999636e+04 6.447449723289120662e-05
2.085999999999999636e+04 5.937509395081727283e-05
2.086999999999999636e+04 5.478267286325838841e-05
2.087999999999999636e+04 5.089892724802667180e-05
2.088999999999999636e+04 4.721746023996371947e-05
2.089999999999999636e+04 4.381837897779952701e-05
2.090999999999999636e+04 4.068531557751354420e-05
2.091999999999999636e+04 3.791604038278022340e-05
2.092999999999999636e+04 3.541247743070980667e-05
2.093999999999999636e+04 3.305975055126116622e-05
2.094999999999999636e+04 3.096701740766221573e-05
2.095999999999999636e+04 2.899478264471999148e-05
2.096999999999999636e+04 2.721397667261990351e-05
2.097999999999999636e+04 2.548480043759926748e-05
2.098999999999999636e+04 2.427529341476590026e-05
2.099999999999999636e+04 0.000000000000000000e+00
