3.819999999999999545e+03 0.000000000000000000e+00
3.829999999999999545e+03 2.232929166981625158e-12
3.839999999999999091e+03 1.458429932461687561e-11
3.849999999999999091e+03 0.000000000000000000e+00
3.859999999999999091e+03 0.000000000000000000e+00
3.869999999999999091e+03 0.000000000000000000e+00
3.879999999999999091e+03 0.000000000000000000e+00
3.889999999999999091e+03 0.000000000000000000e+00
3.899999999999999091e+03 0.000000000000000000e+00
3.909999999999999091e+03 0.000000000000000000e+00
3.919999999999999091e+03 0.000000000000000000e+00
3.929999999999999091e+03 0.000000000000000000e+00
3.939999999999999091e+03 2.036173196251950159e-12
3.949999999999999091e+03 0.000000000000000000e+00
3.959999999999999091e+03 0.000000000000000000e+00
3.969999999999999091e+03 0.000000000000000000e+00
3.979999999999999091e+03 0.000000000000000000e+00
3.989999999999999091e+03 0.000000000000000000e+00
3.999999999999999091e+03 0.000000000000000000e+00
4.009999999999999091e+03 0.000000000000000000e+00
4.019999999999999091e+03 0.000000000000000000e+00
4.029999999999999091e+03 0.000000000000000000e+00
4.039999999999999091e+03 0.000000000000000000e+00
4.049999999999999091e+03 0.000000000000000000e+00
4.059999999999999091e+03 0.000000000000000000e+00
4.069999999999999091e+03 0.000000000000000000e+00
4.079999999999999091e+03 0.000000000000000000e+00
4.089999999999999091e+03 0.000000000000000000e+00
4.099999999999999091e+03 0.000000000000000000e+00
4.109999999999999091e+03 0.000000000000000000e+00
4.119999999999999091e+03 0.000000000000000000e+00
4.129999999999999091e+03 0.000000000000000000e+00
4.139999999999999091e+03 0.000000000000000000e+00
4.149999999999999091e+03 0.000000000000000000e+00
4.159999999999999091e+03 0.000000000000000000e+00
4.169999999999999091e+03 0.000000000000000000e+00
4.179999999999999091e+03 0.000000000000000000e+00
4.189999999999999091e+03 0.000000000000000000e+00
4.199999999999999091e+03 9.797185117451375643e-16
4.209999999999999091e+03 0.000000000000000000e+00
4.219999999999999091e+03 0.000000000000000000e+00
4.229999999999999091e+03 0.000000000000000000e+00
4.239999999999999091e+03 0.000000000000000000e+00
4.249999999999999091e+03 0.000000000000000000e+00
4.259999999999999091e+03 0.000000000000000000e+00
4.269999999999999091e+03 0.000000000000000000e+00
4.279999999999999091e+03 0.000000000000000000e+00
4.289999999999999091e+03 0.000000000000000000e+00
4.299999999999999091e+03 0.000000000000000000e+00
4.309999999999999091e+03 0.000000000000000000e+00
4.319999999999999091e+03 0.000000000000000000e+00
4.329999999999999091e+03 0.000000000000000000e+00
4.339999999999999091e+03 0.000000000000000000e+00
4.349999999999999091e+03 0.000000000000000000e+00
4.359999999999999091e+03 0.000000000000000000e+00
4.369999999999999091e+03 0.000000000000000000e+00
4.379999999999999091e+03 0.000000000000000000e+00
4.389999999999999091e+03 0.000000000000000000e+00
4.399999999999999091e+03 0.000000000000000000e+00
4.409999999999999091e+03 0.000000000000000000e+00
4.419999999999999091e+03 0.000000000000000000e+00
4.429999999999999091e+03 0.000000000000000000e+00
4.439999999999999091e+03 0.000000000000000000e+00
4.449999999999999091e+03 2.532724472507775147e-11
4.459999999999999091e+03 0.000000000000000000e+00
4.469999999999999091e+03 0.000000000000000000e+00
4.479999999999999091e+03 0.000000000000000000e+00
4.489999999999999091e+03 0.000000000000000000e+00
4.499999999999999091e+03 0.000000000000000000e+00
4.509999999999999091e+03 0.000000000000000000e+00
4.519999999999999091e+03 0.000000000000000000e+00
4.529999999999999091e+03 0.000000000000000000e+00
4.539999999999999091e+03 0.000000000000000000e+00
4.549999999999999091e+03 0.000000000000000000e+00
4.559999999999999091e+03 0.000000000000000000e+00
4.569999999999999091e+03 0.000000000000000000e+00
4.579999999999999091e+03 0.000000000000000000e+00
4.589999999999999091e+03 0.000000000000000000e+00
4.599999999999999091e+03 0.000000000000000000e+00
4.609999999999999091e+03 6.859413321119992259e-11
4.619999999999999091e+03 0.000000000000000000e+00
4.629999999999999091e+03 0.000000000000000000e+00
4.639999999999999091e+03 0.000000000000000000e+00
4.649999999999999091e+03 0.000000000000000000e+00
4.659999999999999091e+03 0.000000000000000000e+00
4.669999999999999091e+03 0.000000000000000000e+00
4.679999999999999091e+03 0.000000000000000000e+00
4.689999999999999091e+03 0.000000000000000000e+00
4.699999999999999091e+03 0.000000000000000000e+00
4.709999999999999091e+03 0.000000000000000000e+00
4.719999999999999091e+03 0.000000000000000000e+00
4.729999999999999091e+03 0.000000000000000000e+00
4.739999999999999091e+03 0.000000000000000000e+00
4.749999999999999091e+03 0.000000000000000000e+00
4.759999999999999091e+03 0.000000000000000000e+00
4.769999999999999091e+03 0.000000000000000000e+00
4.779999999999999091e+03 0.000000000000000000e+00
4.789999999999999091e+03 0.000000000000000000e+00
4.799999999999999091e+03 0.000000000000000000e+00
4.809999999999999091e+03 0.000000000000000000e+00
4.819999999999999091e+03 0.000000000000000000e+00
4.829999999999999091e+03 0.000000000000000000e+00
4.839999999999999091e+03 0.000000000000000000e+00
4.849999999999999091e+03 0.000000000000000000e+00
4.859999999999999091e+03 1.336959772349629931e-08
4.869999999999999091e+03 0.000000000000000000e+00
4.879999999999999091e+03 0.000000000000000000e+00
4.889999999999999091e+03 0.000000000000000000e+00
4.899999999999999091e+03 0.000000000000000000e+00
4.909999999999999091e+03 0.000000000000000000e+00
4.919999999999999091e+03 0.000000000000000000e+00
4.929999999999999091e+03 0.000000000000000000e+00
4.939999999999999091e+03 0.000000000000000000e+00
4.949999999999999091e+03 0.000000000000000000e+00
4.959999999999999091e+03 0.000000000000000000e+00
4.969999999999999091e+03 0.000000000000000000e+00
4.979999999999999091e+03 0.000000000000000000e+00
4.989999999999999091e+03 0.000000000000000000e+00
4.999999999999999091e+03 0.000000000000000000e+00
5.009999999999999091e+03 0.000000000000000000e+00
5.019999999999999091e+03 0.000000000000000000e+00
5.029999999999999091e+03 1.705628839864695415e-09
5.039999999999999091e+03 0.000000000000000000e+00
5.049999999999999091e+03 0.000000000000000000e+00
5.059999999999999091e+03 0.000000000000000000e+00
5.069999999999999091e+03 0.000000000000000000e+00
5.079999999999999091e+03 0.000000000000000000e+00
5.089999999999999091e+03 0.000000000000000000e+00
5.099999999999999091e+03 0.000000000000000000e+00
5.109999999999999091e+03 0.000000000000000000e+00
5.119999999999999091e+03 0.000000000000000000e+00
5.129999999999999091e+03 0.000000000000000000e+00
5.139999999999999091e+03 0.000000000000000000e+00
5.149999999999999091e+03 0.000000000000000000e+00
5.159999999999999091e+03 0.000000000000000000e+00
5.169999999999999091e+03 0.000000000000000000e+00
5.179999999999999091e+03 0.000000000000000000e+00
5.189999999999999091e+03 0.000000000000000000e+00
5.199999999999999091e+03 0.000000000000000000e+00
5.209999999999999091e+03 0.000000000000000000e+00
5.219999999999999091e+03 0.000000000000000000e+00
5.229999999999999091e+03 0.000000000000000000e+00
5.239999999999999091e+03 0.000000000000000000e+00
5.249999999999999091e+03 4.892561767925763146e-11
5.259999999999999091e+03 0.000000000000000000e+00
5.269999999999999091e+03 0.000000000000000000e+00
5.279999999999999091e+03 0.000000000000000000e+00
5.289999999999999091e+03 0.000000000000000000e+00
5.299999999999999091e+03 0.000000000000000000e+00
5.309999999999999091e+03 0.000000000000000000e+00
5.319999999999999091e+03 3.955714203403494887e-11
5.329999999999999091e+03 0.000000000000000000e+00
5.339999999999999091e+03 0.000000000000000000e+00
5.349999999999999091e+03 0.000000000000000000e+00
5.359999999999999091e+03 0.000000000000000000e+00
5.369999999999999091e+03 0.000000000000000000e+00
5.379999999999999091e+03 1.318048940840895728e-10
5.389999999999999091e+03 0.000000000000000000e+00
5.399999999999999091e+03 0.000000000000000000e+00
5.409999999999999091e+03 0.000000000000000000e+00
5.419999999999999091e+03 0.000000000000000000e+00
5.429999999999999091e+03 0.000000000000000000e+00
5.439999999999999091e+03 0.000000000000000000e+00
5.449999999999999091e+03 0.000000000000000000e+00
5.459999999999999091e+03 2.904416472470625239e-14
5.469999999999999091e+03 0.000000000000000000e+00
5.479999999999999091e+03 0.000000000000000000e+00
5.489999999999999091e+03 0.000000000000000000e+00
5.499999999999999091e+03 3.766121342392499858e-16
5.509999999999999091e+03 2.704880537533125637e-16
5.519999999999999091e+03 0.000000000000000000e+00
5.529999999999999091e+03 2.063972635418750353e-16
5.539999999999999091e+03 4.181953945916250131e-16
5.549999999999999091e+03 2.149385072244375200e-16
5.559999999999999091e+03 5.961698326434375063e-16
5.569999999999999091e+03 3.007459302846249718e-13
5.579999999999999091e+03 1.399278134839374973e-14
5.589999999999999091e+03 8.450423056845000952e-13
5.599999999999999091e+03 4.209125731951874399e-15
5.609999999999999091e+03 1.365002570924999980e-15
5.619999999999999091e+03 1.223173395517500144e-15
5.629999999999999091e+03 3.025665785231250321e-15
5.639999999999999091e+03 5.557828735423125011e-13
5.649999999999999091e+03 3.625699847713125126e-15
5.659999999999999091e+03 2.806528523925000449e-15
5.669999999999999091e+03 5.437286645756874428e-15
5.679999999999999091e+03 6.599453915499375130e-14
5.689999999999999091e+03 1.815605714405000206e-13
5.699999999999999091e+03 7.984136420032500220e-14
5.709999999999999091e+03 1.022016286132187588e-13
5.719999999999999091e+03 1.238376073900000011e-12
5.729999999999999091e+03 3.258993711162000677e-13
5.739999999999999091e+03 1.546198883204062408e-13
5.749999999999999091e+03 5.749210599960625353e-13
5.759999999999999091e+03 1.309793300532062430e-14
5.769999999999999091e+03 1.436180008207875061e-15
5.779999999999999091e+03 1.419962146477875204e-15
5.789999999999999091e+03 8.406181015155001179e-15
5.799999999999999091e+03 1.527169751588250115e-16
5.809999999999999091e+03 1.018716003143124814e-16
5.819999999999999091e+03 8.797352563335000287e-17
5.829999999999999091e+03 5.245471095235000127e-17
5.839999999999999091e+03 1.902378529012500102e-16
5.849999999999999091e+03 3.370552273900000222e-16
5.859999999999999091e+03 0.000000000000000000e+00
5.869999999999999091e+03 0.000000000000000000e+00
5.879999999999999091e+03 0.000000000000000000e+00
5.889999999999999091e+03 4.448102915143125506e-16
5.899999999999999091e+03 1.556194234431812655e-15
5.909999999999999091e+03 8.405978128143750646e-16
5.919999999999999091e+03 0.000000000000000000e+00
5.929999999999999091e+03 0.000000000000000000e+00
5.939999999999999091e+03 4.563408036127500050e-15
5.949999999999999091e+03 2.515552706641625154e-14
5.959999999999999091e+03 6.629697527888750339e-15
5.969999999999999091e+03 9.971878169137500675e-15
5.979999999999999091e+03 2.182537833866250130e-14
5.989999999999999091e+03 5.795026725827500826e-14
5.999999999999999091e+03 3.159796433193750530e-11
6.009999999999999091e+03 9.680837269950000027e-14
6.019999999999999091e+03 1.210644393308874981e-13
6.029999999999999091e+03 1.414657762573125233e-13
6.039999999999999091e+03 6.632602043068749548e-15
6.049999999999999091e+03 6.249706420387499319e-16
6.059999999999999091e+03 0.000000000000000000e+00
6.069999999999999091e+03 0.000000000000000000e+00
6.079999999999999091e+03 5.972831554357500386e-16
6.089999999999999091e+03 2.277267941550000056e-15
6.099999999999999091e+03 1.026844620585000083e-13
6.109999999999999091e+03 7.485158053961875723e-13
6.119999999999999091e+03 4.210124449400625233e-13
6.129999999999999091e+03 3.619079239632500223e-12
6.139999999999999091e+03 1.968376386548250424e-12
6.149999999999999091e+03 4.076307415188750022e-13
6.159999999999999091e+03 7.653703761060000675e-13
6.169999999999999091e+03 1.642963621562812535e-11
6.179999999999999091e+03 1.345206236714375044e-12
6.189999999999999091e+03 9.810628910949999594e-12
6.199999999999999091e+03 1.538667872101937515e-13
6.209999999999999091e+03 1.635814202107312460e-14
6.219999999999999091e+03 1.021847976402749975e-14
6.229999999999999091e+03 0.000000000000000000e+00
6.239999999999999091e+03 0.000000000000000000e+00
6.249999999999999091e+03 0.000000000000000000e+00
6.259999999999999091e+03 2.663701505743250151e-15
6.269999999999999091e+03 1.223907878408249905e-14
6.279999999999999091e+03 6.513396881040001250e-13
6.289999999999999091e+03 7.001278083799999379e-15
6.299999999999999091e+03 1.753447049615625180e-14
6.309999999999999091e+03 4.874279104974999733e-14
6.319999999999999091e+03 5.898955531297499413e-15
6.329999999999999091e+03 3.725650657181250086e-15
6.339999999999999091e+03 0.000000000000000000e+00
6.349999999999999091e+03 1.153611812424750216e-14
6.359999999999999091e+03 3.570578727716874787e-14
6.369999999999999091e+03 8.286819595250001005e-14
6.379999999999999091e+03 1.144299814266000062e-14
6.389999999999999091e+03 0.000000000000000000e+00
6.399999999999999091e+03 0.000000000000000000e+00
6.409999999999999091e+03 0.000000000000000000e+00
6.419999999999999091e+03 7.170993495225001626e-15
6.429999999999999091e+03 6.954926759781875249e-14
6.439999999999999091e+03 2.869590009090000028e-13
6.449999999999999091e+03 7.525117397896875180e-14
6.459999999999999091e+03 1.535952249315750048e-13
6.469999999999999091e+03 4.114498887296875916e-12
6.479999999999999091e+03 2.981510395784375400e-13
6.489999999999999091e+03 7.765099519362499402e-14
6.499999999999999091e+03 3.534289920525000128e-14
6.509999999999999091e+03 3.569333657776250582e-14
6.519999999999999091e+03 5.242414658893125629e-14
6.529999999999999091e+03 2.768668003813250432e-13
6.539999999999999091e+03 4.001527115494562509e-13
6.549999999999999091e+03 1.327469034189374940e-13
6.559999999999999091e+03 2.120140701922250150e-13
6.569999999999999091e+03 3.139740871343125196e-13
6.579999999999999091e+03 1.983200558327187415e-14
6.589999999999999091e+03 0.000000000000000000e+00
6.599999999999999091e+03 0.000000000000000000e+00
6.609999999999999091e+03 0.000000000000000000e+00
6.619999999999999091e+03 0.000000000000000000e+00
6.629999999999999091e+03 0.000000000000000000e+00
6.639999999999999091e+03 0.000000000000000000e+00
6.649999999999999091e+03 5.979970716055000575e-16
6.659999999999999091e+03 1.694959575015000183e-14
6.669999999999999091e+03 8.675481332100625273e-13
6.679999999999999091e+03 3.052765290172500534e-13
6.689999999999999091e+03 5.219580162124999762e-13
6.699999999999999091e+03 4.147294255475000454e-12
6.709999999999999091e+03 8.431473870373751131e-13
6.719999999999999091e+03 1.908278043262499970e-13
6.729999999999999091e+03 3.699915231910624711e-13
6.739999999999999091e+03 2.392532899776250232e-10
6.749999999999999091e+03 1.499545233519374888e-13
6.759999999999999091e+03 1.180520805905000197e-14
6.769999999999999091e+03 1.980654588412500092e-14
6.779999999999999091e+03 1.138836542410000056e-14
6.789999999999999091e+03 2.252637626662500426e-14
6.799999999999999091e+03 2.841226402822500300e-14
6.809999999999999091e+03 4.107747173468749923e-14
6.819999999999999091e+03 1.472819531478750162e-15
6.829999999999999091e+03 0.000000000000000000e+00
6.839999999999999091e+03 9.105748111328751439e-15
6.849999999999999091e+03 1.716776720951250034e-14
6.859999999999999091e+03 2.164512906955000467e-14
6.869999999999999091e+03 1.724650477725000165e-13
6.879999999999999091e+03 9.740947407725624303e-13
6.889999999999999091e+03 5.263335962298750132e-14
6.899999999999999091e+03 5.772766021815625430e-14
6.909999999999999091e+03 4.317794802475000190e-14
6.919999999999999091e+03 1.686212958027500248e-13
6.929999999999999091e+03 3.543595870965937298e-13
6.939999999999999091e+03 6.875861915868750438e-12
6.949999999999999091e+03 3.784834229426250076e-12
6.959999999999999091e+03 4.679525457521250339e-13
6.969999999999999091e+03 2.771751931304999718e-13
6.979999999999999091e+03 4.063235782423124518e-13
6.989999999999999091e+03 4.137143277356250583e-13
6.999999999999999091e+03 5.501819007930000097e-13
7.009999999999999091e+03 3.473582550322499551e-12
7.019999999999999091e+03 1.192946703704000111e-11
7.029999999999999091e+03 1.850324295774937726e-13
7.039999999999999091e+03 6.326249119548750697e-14
7.049999999999999091e+03 2.692099022580187578e-13
7.059999999999999091e+03 0.000000000000000000e+00
7.069999999999999091e+03 3.937755090955000402e-13
7.079999999999999091e+03 1.307765282109999958e-14
7.089999999999999091e+03 0.000000000000000000e+00
7.099999999999999091e+03 6.612128509349999967e-14
7.109999999999999091e+03 1.606192377211624840e-13
7.119999999999999091e+03 4.928368042145624852e-13
7.129999999999999091e+03 1.439337822769000144e-12
7.139999999999999091e+03 1.348199384839999903e-12
7.149999999999999091e+03 2.770908184625000210e-12
7.159999999999999091e+03 2.330130798852500102e-12
7.169999999999999091e+03 1.394156370424999940e-11
7.179999999999999091e+03 1.868289705660000040e-12
7.189999999999999091e+03 4.609859646301875116e-13
7.199999999999999091e+03 5.667392883893125183e-13
7.209999999999999091e+03 3.763695213998125236e-13
7.219999999999999091e+03 3.121592400150000351e-14
7.229999999999999091e+03 1.137431092707000227e-13
7.239999999999999091e+03 7.548202087531875388e-15
7.249999999999999091e+03 2.182194268100000227e-13
7.259999999999999091e+03 1.034703769619625043e-13
7.269999999999999091e+03 3.070835425280000237e-14
7.279999999999999091e+03 6.345565124093124296e-14
7.289999999999999091e+03 2.127623105514375217e-14
7.299999999999999091e+03 3.477663586495000611e-15
7.309999999999999091e+03 2.332842175754999703e-14
7.319999999999999091e+03 8.502697415082501927e-13
7.329999999999999091e+03 0.000000000000000000e+00
7.339999999999999091e+03 3.613886747730000420e-13
7.349999999999999091e+03 0.000000000000000000e+00
7.359999999999999091e+03 2.047341304136625565e-13
7.369999999999999091e+03 6.475709623403125016e-14
7.379999999999999091e+03 6.108715978225000650e-14
7.389999999999999091e+03 8.370024211543750607e-14
7.399999999999999091e+03 1.763174920237500115e-13
7.409999999999999091e+03 2.652401680374249838e-13
7.419999999999999091e+03 1.737322616644999986e-13
7.429999999999999091e+03 2.017524236612500324e-12
7.439999999999999091e+03 2.957948388850000025e-10
7.449999999999999091e+03 3.646854970023124461e-12
7.459999999999999091e+03 4.598818548975000394e-13
7.469999999999999091e+03 0.000000000000000000e+00
7.479999999999999091e+03 3.772168629384749813e-13
7.489999999999999091e+03 9.970442418177499300e-15
7.499999999999999091e+03 2.435869919275625168e-12
7.509999999999999091e+03 1.048558150352562582e-12
7.519999999999999091e+03 0.000000000000000000e+00
7.529999999999999091e+03 0.000000000000000000e+00
7.539999999999999091e+03 1.386187669340249994e-11
7.549999999999999091e+03 0.000000000000000000e+00
7.559999999999999091e+03 5.596705979221875132e-14
7.569999999999999091e+03 5.082992145481249601e-14
7.579999999999999091e+03 0.000000000000000000e+00
7.589999999999999091e+03 0.000000000000000000e+00
7.599999999999999091e+03 9.827575310437500656e-14
7.609999999999999091e+03 2.149473884174750044e-12
7.619999999999999091e+03 2.823205843639562684e-14
7.629999999999999091e+03 2.159752520082500237e-15
7.639999999999999091e+03 0.000000000000000000e+00
7.649999999999999091e+03 0.000000000000000000e+00
7.659999999999999091e+03 0.000000000000000000e+00
7.669999999999999091e+03 0.000000000000000000e+00
7.679999999999998181e+03 0.000000000000000000e+00
7.689999999999998181e+03 0.000000000000000000e+00
7.699999999999998181e+03 0.000000000000000000e+00
7.709999999999998181e+03 0.000000000000000000e+00
7.719999999999998181e+03 0.000000000000000000e+00
7.729999999999998181e+03 0.000000000000000000e+00
7.739999999999998181e+03 0.000000000000000000e+00
7.749999999999998181e+03 0.000000000000000000e+00
7.759999999999998181e+03 0.000000000000000000e+00
7.769999999999998181e+03 7.505622818242501085e-16
7.779999999999998181e+03 0.000000000000000000e+00
7.789999999999998181e+03 5.369927568582501081e-15
7.799999999999998181e+03 7.746091487872500653e-15
7.809999999999998181e+03 5.853169852621875577e-14
7.819999999999998181e+03 2.868522311989250405e-13
7.829999999999998181e+03 1.925480137245000240e-13
7.839999999999998181e+03 1.121598685691750048e-13
7.849999999999998181e+03 6.052068621633125090e-15
7.859999999999998181e+03 0.000000000000000000e+00
7.869999999999998181e+03 2.611310402898750010e-15
7.879999999999998181e+03 2.616912834816000600e-15
7.889999999999998181e+03 1.048298985613250094e-15
7.899999999999998181e+03 0.000000000000000000e+00
7.909999999999998181e+03 9.476250371402501249e-16
7.919999999999998181e+03 7.187316555300002259e-15
7.929999999999998181e+03 2.257572630731250433e-15
7.939999999999998181e+03 0.000000000000000000e+00
7.949999999999998181e+03 3.646752893437499868e-15
7.959999999999998181e+03 2.964257081091250523e-15
7.969999999999998181e+03 5.556187456321250242e-15
7.979999999999998181e+03 3.846044577033750111e-14
7.989999999999998181e+03 7.037308496015000422e-14
7.999999999999998181e+03 7.355911568739999417e-14
8.009999999999998181e+03 1.546733709219351051e-14
8.019999999999998181e+03 0.000000000000000000e+00
8.029999999999998181e+03 8.457049631183130331e-16
8.039999999999998181e+03 1.563362703729590366e-14
8.049999999999998181e+03 6.733900397546421342e-14
8.059999999999998181e+03 0.000000000000000000e+00
8.069999999999998181e+03 0.000000000000000000e+00
8.079999999999998181e+03 0.000000000000000000e+00
8.089999999999998181e+03 5.109996427741290048e-14
8.099999999999998181e+03 0.000000000000000000e+00
8.109999999999998181e+03 0.000000000000000000e+00
8.119999999999998181e+03 1.199129062578905099e-12
8.129999999999998181e+03 1.492385568037223285e-12
8.139999999999998181e+03 3.177205198581653038e-12
8.149999999999998181e+03 1.264974155492095953e-12
8.159999999999998181e+03 0.000000000000000000e+00
8.169999999999998181e+03 5.229616129488280005e-14
8.179999999999998181e+03 0.000000000000000000e+00
8.189999999999998181e+03 2.370799052374088140e-12
8.199999999999998181e+03 0.000000000000000000e+00
8.209999999999998181e+03 0.000000000000000000e+00
8.219999999999998181e+03 0.000000000000000000e+00
8.229999999999998181e+03 0.000000000000000000e+00
8.239999999999998181e+03 2.619881206424340865e-12
8.249999999999998181e+03 6.012328777036250268e-12
8.259999999999998181e+03 7.777715825480913555e-12
8.269999999999998181e+03 6.379706628317587496e-11
8.279999999999998181e+03 6.745693164001893819e-11
8.289999999999998181e+03 0.000000000000000000e+00
8.299999999999998181e+03 1.907983303398719136e-12
8.309999999999998181e+03 1.596488195530222252e-11
8.319999999999998181e+03 7.574856866986809904e-12
8.329999999999998181e+03 1.214304467101509153e-11
8.339999999999998181e+03 8.147601457391739840e-12
8.349999999999998181e+03 1.892609577152390786e-11
8.359999999999998181e+03 1.080085888323268614e-11
8.369999999999998181e+03 1.688348588682905518e-11
8.379999999999998181e+03 0.000000000000000000e+00
8.389999999999998181e+03 0.000000000000000000e+00
8.399999999999998181e+03 0.000000000000000000e+00
8.409999999999998181e+03 5.226930859991890556e-13
8.419999999999998181e+03 8.996996062705221856e-12
8.429999999999998181e+03 3.543529186611202796e-11
8.439999999999998181e+03 0.000000000000000000e+00
8.449999999999998181e+03 0.000000000000000000e+00
8.459999999999998181e+03 0.000000000000000000e+00
8.469999999999998181e+03 7.771339283714657733e-11
8.479999999999998181e+03 5.516220898217730369e-11
8.489999999999998181e+03 7.898622069809039485e-12
8.499999999999998181e+03 2.391435208202618821e-12
8.509999999999998181e+03 1.710054529088645600e-11
8.519999999999998181e+03 0.000000000000000000e+00
8.529999999999998181e+03 5.867052690495641922e-12
8.539999999999998181e+03 8.238837763273243814e-12
8.549999999999998181e+03 2.638416003985053524e-11
8.559999999999998181e+03 3.030510536305348203e-11
8.569999999999998181e+03 0.000000000000000000e+00
8.579999999999998181e+03 0.000000000000000000e+00
8.589999999999998181e+03 7.682012614182541703e-13
8.599999999999998181e+03 3.572434431554566820e-11
8.609999999999998181e+03 4.120700428823184851e-11
8.619999999999998181e+03 3.711357819224363649e-11
8.629999999999998181e+03 7.692337241060744691e-12
8.639999999999998181e+03 9.104818305840768148e-12
8.649999999999998181e+03 1.274137871588100871e-11
8.659999999999998181e+03 9.166888994763167765e-12
8.669999999999998181e+03 3.935944996138829092e-12
8.679999999999998181e+03 0.000000000000000000e+00
8.689999999999998181e+03 0.000000000000000000e+00
8.699999999999998181e+03 0.000000000000000000e+00
8.709999999999998181e+03 0.000000000000000000e+00
8.719999999999998181e+03 6.746493247274448890e-12
8.729999999999998181e+03 0.000000000000000000e+00
8.739999999999998181e+03 4.248870984447892173e-12
8.749999999999998181e+03 2.622744847849855476e-11
8.759999999999998181e+03 3.816482168060279105e-11
8.769999999999998181e+03 9.243590864847452840e-12
8.779999999999998181e+03 4.679440619874796658e-12
8.789999999999998181e+03 3.024217590564241741e-12
8.799999999999998181e+03 2.178366024588120867e-11
8.809999999999998181e+03 3.002537611562674879e-11
8.819999999999998181e+03 3.013973130831608088e-12
8.829999999999998181e+03 2.383723506143435700e-11
8.839999999999998181e+03 8.743864262496574451e-12
8.849999999999998181e+03 0.000000000000000000e+00
8.859999999999998181e+03 2.011484227637310371e-11
8.869999999999998181e+03 1.807127824714861302e-11
8.879999999999998181e+03 3.924434811108279142e-12
8.889999999999998181e+03 0.000000000000000000e+00
8.899999999999998181e+03 0.000000000000000000e+00
8.909999999999998181e+03 0.000000000000000000e+00
8.919999999999998181e+03 0.000000000000000000e+00
8.929999999999998181e+03 0.000000000000000000e+00
8.939999999999998181e+03 7.505559253193198509e-11
8.949999999999998181e+03 3.687991336042209568e-12
8.959999999999998181e+03 5.779337138812645173e-11
8.969999999999998181e+03 3.085098863158381242e-12
8.979999999999998181e+03 2.902546931709744270e-11
8.989999999999998181e+03 1.988408053670635871e-12
8.999999999999998181e+03 1.503251688045162961e-12
9.009999999999998181e+03 1.924013431602577011e-12
9.019999999999998181e+03 6.921307087289885072e-13
9.029999999999998181e+03 5.922278209427872877e-13
9.039999999999998181e+03 1.149827702205569105e-12
9.049999999999998181e+03 0.000000000000000000e+00
9.059999999999998181e+03 0.000000000000000000e+00
9.069999999999998181e+03 0.000000000000000000e+00
9.079999999999998181e+03 0.000000000000000000e+00
9.089999999999998181e+03 0.000000000000000000e+00
9.099999999999998181e+03 0.000000000000000000e+00
9.109999999999998181e+03 0.000000000000000000e+00
9.119999999999998181e+03 0.000000000000000000e+00
9.129999999999998181e+03 0.000000000000000000e+00
9.139999999999998181e+03 0.000000000000000000e+00
9.149999999999998181e+03 0.000000000000000000e+00
9.159999999999998181e+03 0.000000000000000000e+00
9.169999999999998181e+03 0.000000000000000000e+00
9.179999999999998181e+03 0.000000000000000000e+00
9.189999999999998181e+03 0.000000000000000000e+00
9.199999999999998181e+03 0.000000000000000000e+00
9.209999999999998181e+03 0.000000000000000000e+00
9.219999999999998181e+03 0.000000000000000000e+00
9.229999999999998181e+03 0.000000000000000000e+00
9.239999999999998181e+03 0.000000000000000000e+00
9.249999999999998181e+03 0.000000000000000000e+00
9.259999999999998181e+03 0.000000000000000000e+00
9.269999999999998181e+03 0.000000000000000000e+00
9.279999999999998181e+03 0.000000000000000000e+00
9.289999999999998181e+03 0.000000000000000000e+00
9.299999999999998181e+03 0.000000000000000000e+00
9.309999999999998181e+03 0.000000000000000000e+00
9.319999999999998181e+03 0.000000000000000000e+00
9.329999999999998181e+03 0.000000000000000000e+00
9.339999999999998181e+03 0.000000000000000000e+00
9.349999999999998181e+03 0.000000000000000000e+00
9.359999999999998181e+03 0.000000000000000000e+00
9.369999999999998181e+03 0.000000000000000000e+00
9.379999999999998181e+03 0.000000000000000000e+00
9.389999999999998181e+03 0.000000000000000000e+00
9.399999999999998181e+03 0.000000000000000000e+00
9.409999999999998181e+03 0.000000000000000000e+00
9.419999999999998181e+03 0.000000000000000000e+00
9.429999999999998181e+03 0.000000000000000000e+00
9.439999999999998181e+03 0.000000000000000000e+00
9.449999999999998181e+03 0.000000000000000000e+00
9.459999999999998181e+03 0.000000000000000000e+00
9.469999999999998181e+03 0.000000000000000000e+00
9.479999999999998181e+03 0.000000000000000000e+00
9.489999999999998181e+03 0.000000000000000000e+00
9.499999999999998181e+03 0.000000000000000000e+00
9.509999999999998181e+03 0.000000000000000000e+00
9.519999999999998181e+03 0.000000000000000000e+00
9.529999999999998181e+03 0.000000000000000000e+00
9.539999999999998181e+03 0.000000000000000000e+00
9.549999999999998181e+03 0.000000000000000000e+00
9.559999999999998181e+03 0.000000000000000000e+00
9.569999999999998181e+03 0.000000000000000000e+00
9.579999999999998181e+03 0.000000000000000000e+00
9.589999999999998181e+03 0.000000000000000000e+00
9.599999999999998181e+03 0.000000000000000000e+00
9.609999999999998181e+03 0.000000000000000000e+00
9.619999999999998181e+03 0.000000000000000000e+00
9.629999999999998181e+03 0.000000000000000000e+00
9.639999999999998181e+03 0.000000000000000000e+00
9.649999999999998181e+03 0.000000000000000000e+00
9.659999999999998181e+03 0.000000000000000000e+00
9.669999999999998181e+03 0.000000000000000000e+00
9.679999999999998181e+03 0.000000000000000000e+00
9.689999999999998181e+03 0.000000000000000000e+00
9.699999999999998181e+03 0.000000000000000000e+00
9.709999999999998181e+03 0.000000000000000000e+00
9.719999999999998181e+03 1.062942011977956663e-07
9.729999999999998181e+03 0.000000000000000000e+00
9.739999999999998181e+03 0.000000000000000000e+00
9.749999999999998181e+03 0.000000000000000000e+00
9.759999999999998181e+03 0.000000000000000000e+00
9.769999999999998181e+03 0.000000000000000000e+00
9.779999999999998181e+03 0.000000000000000000e+00
9.789999999999998181e+03 0.000000000000000000e+00
9.799999999999998181e+03 0.000000000000000000e+00
9.809999999999998181e+03 0.000000000000000000e+00
9.819999999999998181e+03 0.000000000000000000e+00
9.829999999999998181e+03 0.000000000000000000e+00
9.839999999999998181e+03 0.000000000000000000e+00
9.849999999999998181e+03 0.000000000000000000e+00
9.859999999999998181e+03 0.000000000000000000e+00
9.869999999999998181e+03 0.000000000000000000e+00
9.879999999999998181e+03 0.000000000000000000e+00
9.889999999999998181e+03 0.000000000000000000e+00
9.899999999999998181e+03 0.000000000000000000e+00
9.909999999999998181e+03 0.000000000000000000e+00
9.919999999999998181e+03 0.000000000000000000e+00
9.929999999999998181e+03 0.000000000000000000e+00
9.939999999999998181e+03 0.000000000000000000e+00
9.949999999999998181e+03 0.000000000000000000e+00
9.959999999999998181e+03 0.000000000000000000e+00
9.969999999999998181e+03 0.000000000000000000e+00
9.979999999999998181e+03 5.447882990304604764e-08
9.989999999999998181e+03 0.000000000000000000e+00
9.999999999999998181e+03 0.000000000000000000e+00
1.000999999999999818e+04 0.000000000000000000e+00
1.001999999999999818e+04 0.000000000000000000e+00
1.002999999999999818e+04 0.000000000000000000e+00
1.003999999999999818e+04 0.000000000000000000e+00
1.004999999999999818e+04 0.000000000000000000e+00
1.005999999999999818e+04 0.000000000000000000e+00
1.006999999999999818e+04 0.000000000000000000e+00
1.007999999999999818e+04 0.000000000000000000e+00
1.008999999999999818e+04 0.000000000000000000e+00
1.009999999999999818e+04 0.000000000000000000e+00
1.010999999999999818e+04 0.000000000000000000e+00
1.011999999999999818e+04 0.000000000000000000e+00
1.012999999999999818e+04 0.000000000000000000e+00
1.013999999999999818e+04 0.000000000000000000e+00
1.014999999999999818e+04 0.000000000000000000e+00
1.015999999999999818e+04 0.000000000000000000e+00
1.016999999999999818e+04 0.000000000000000000e+00
1.017999999999999818e+04 0.000000000000000000e+00
1.018999999999999818e+04 0.000000000000000000e+00
1.019999999999999818e+04 0.000000000000000000e+00
1.020999999999999818e+04 0.000000000000000000e+00
1.021999999999999818e+04 0.000000000000000000e+00
1.022999999999999818e+04 0.000000000000000000e+00
1.023999999999999818e+04 0.000000000000000000e+00
1.024999999999999818e+04 0.000000000000000000e+00
1.025999999999999818e+04 0.000000000000000000e+00
1.026999999999999818e+04 5.458112102467678261e-08
1.027999999999999818e+04 1.089931911974363324e-07
1.028999999999999818e+04 2.177505771778273969e-07
1.029999999999999818e+04 5.987828956732415713e-07
1.030999999999999818e+04 1.907591554734397705e-06
1.031999999999999818e+04 9.106839467602602861e-06
1.032999999999999818e+04 7.961605736824918045e-05
1.033999999999999818e+04 9.064441285259242618e-05
1.034999999999999818e+04 5.067334505148642803e-05
1.035999999999999818e+04 5.263373701070739612e-05
1.036999999999999818e+04 7.462135990757019343e-05
1.037999999999999818e+04 9.552636019240591037e-05
1.038999999999999818e+04 7.366580057403739491e-05
1.039999999999999818e+04 4.717441967941916621e-05
1.040999999999999818e+04 3.360701275512350763e-05
1.041999999999999818e+04 2.835490523668410799e-05
1.042999999999999818e+04 2.789265670722554917e-05
1.043999999999999818e+04 3.116940312794143488e-05
1.044999999999999818e+04 3.868789969850113577e-05
1.045999999999999818e+04 5.224019219139296248e-05
1.046999999999999818e+04 7.162038226749101286e-05
1.047999999999999818e+04 8.766341667964959634e-05
1.048999999999999818e+04 8.819344872480845070e-05
1.049999999999999818e+04 7.760488450125020764e-05
1.050999999999999818e+04 6.815881970080303663e-05
1.051999999999999818e+04 6.335468556410345556e-05
1.052999999999999818e+04 6.382088547200402402e-05
1.053999999999999818e+04 6.978216318187577120e-05
1.054999999999999818e+04 7.999621035247575149e-05
1.055999999999999818e+04 8.933337150755131864e-05
1.056999999999999818e+04 8.785635248387530622e-05
1.057999999999999818e+04 7.284322764664295780e-05
1.058999999999999818e+04 5.514459397851921476e-05
1.059999999999999818e+04 4.133107068371327141e-05
1.060999999999999818e+04 3.237024507169240816e-05
1.061999999999999818e+04 2.675656993921959762e-05
1.062999999999999818e+04 2.385534096742612551e-05
1.063999999999999818e+04 2.270813435624143405e-05
1.064999999999999818e+04 2.320995918089932311e-05
1.065999999999999818e+04 2.519227026292714203e-05
1.066999999999999818e+04 2.945409805896990622e-05
1.067999999999999818e+04 3.646306444216314648e-05
1.068999999999999818e+04 4.781491530952850172e-05
1.069999999999999818e+04 6.411745089940991448e-05
1.070999999999999818e+04 8.200356412795266510e-05
1.071999999999999818e+04 9.019331965727835760e-05
1.072999999999999818e+04 8.148601997053275391e-05
1.073999999999999818e+04 6.635721141900182763e-05
1.074999999999999818e+04 5.346424826336671437e-05
1.075999999999999818e+04 4.455013786020544812e-05
1.076999999999999818e+04 3.941291398009569644e-05
1.077999999999999818e+04 3.724770375257364973e-05
1.078999999999999818e+04 3.751139171518382925e-05
1.079999999999999818e+04 4.023604647998199873e-05
1.080999999999999818e+04 4.568168306302749821e-05
1.081999999999999818e+04 5.481215132694507782e-05
1.082999999999999818e+04 6.711545567862728812e-05
1.083999999999999818e+04 8.073221601496992134e-05
1.084999999999999818e+04 8.868135890733110126e-05
1.085999999999999818e+04 8.427945388989842833e-05
1.086999999999999818e+04 7.056460088425586970e-05
1.087999999999999818e+04 5.566783525483940819e-05
1.088999999999999818e+04 4.419439605573820414e-05
1.089999999999999818e+04 3.623934937481443510e-05
1.090999999999999818e+04 3.129768755101265345e-05
1.091999999999999818e+04 2.805968659765405388e-05
1.092999999999999818e+04 2.664954259739671277e-05
1.093999999999999818e+04 2.642797429959962320e-05
1.094999999999999818e+04 2.741194858739449145e-05
1.095999999999999818e+04 2.995526398724518392e-05
1.096999999999999818e+04 3.416526313846801491e-05
1.097999999999999818e+04 4.059185165394473899e-05
1.098999999999999818e+04 4.989841385658769446e-05
1.099999999999999818e+04 6.166893127293052244e-05
1.100999999999999818e+04 7.469863244282617281e-05
1.101999999999999818e+04 8.379616350557754858e-05
1.102999999999999818e+04 8.334401479286865149e-05
1.103999999999999818e+04 7.390275830265024398e-05
1.104999999999999818e+04 6.149150849381253845e-05
1.105999999999999818e+04 5.018783229528604804e-05
1.106999999999999818e+04 4.160906462126404956e-05
1.107999999999999818e+04 3.540735879442610356e-05
1.108999999999999818e+04 3.119592325302224662e-05
1.109999999999999818e+04 2.840786932748780771e-05
1.110999999999999818e+04 2.668131812619189418e-05
1.111999999999999818e+04 2.585332315485078722e-05
1.112999999999999818e+04 2.583425276568351641e-05
1.113999999999999818e+04 2.642916736784168313e-05
1.114999999999999818e+04 2.767637113674885691e-05
1.115999999999999818e+04 2.973354670148366927e-05
1.116999999999999818e+04 3.250469946061446819e-05
1.117999999999999818e+04 3.611583138076237940e-05
1.118999999999999818e+04 4.069626247495239488e-05
1.119999999999999818e+04 4.634951420863193201e-05
1.120999999999999818e+04 5.299991142175136265e-05
1.121999999999999818e+04 6.023021515149670709e-05
1.122999999999999818e+04 6.780308896827166160e-05
1.123999999999999818e+04 7.500466200774106771e-05
1.124999999999999818e+04 8.082650104237641339e-05
1.125999999999999818e+04 8.473806286114508239e-05
1.126999999999999818e+04 8.625380273166593115e-05
1.127999999999999818e+04 8.568747448603139267e-05
1.128999999999999818e+04 8.379762047067682885e-05
1.129999999999999818e+04 8.107850416315156010e-05
1.130999999999999818e+04 7.833657566010736816e-05
1.131999999999999818e+04 7.575685414879619129e-05
1.132999999999999818e+04 7.388062445431371511e-05
1.133999999999999818e+04 7.238142811224710651e-05
1.134999999999999818e+04 7.181101810410748121e-05
1.135999999999999818e+04 7.196004563684107623e-05
1.136999999999999818e+04 7.267853230910456183e-05
1.137999999999999818e+04 7.416749750267342652e-05
1.138999999999999818e+04 7.605743479806782346e-05
1.139999999999999818e+04 7.827244032860156890e-05
1.140999999999999818e+04 8.079179432596319253e-05
1.141999999999999818e+04 8.299247015529068368e-05
1.142999999999999818e+04 8.477006776653018356e-05
1.143999999999999818e+04 8.599634080017958882e-05
1.144999999999999818e+04 8.637410290115176174e-05
1.145999999999999818e+04 8.608366922869475446e-05
1.146999999999999818e+04 8.513851117257632383e-05
1.147999999999999818e+04 8.377863292039058668e-05
1.148999999999999818e+04 8.230940404618015428e-05
1.149999999999999818e+04 8.095757275884872214e-05
1.150999999999999818e+04 7.995938703895070501e-05
1.151999999999999818e+04 7.933244659966026701e-05
1.152999999999999818e+04 7.917197629297662920e-05
1.153999999999999818e+04 7.956364573099335841e-05
1.154999999999999818e+04 8.039992259948739492e-05
1.155999999999999818e+04 8.166051012134711493e-05
1.156999999999999818e+04 8.322002723410404335e-05
1.157999999999999818e+04 8.491226854975406546e-05
1.158999999999999818e+04 8.640004369047860262e-05
1.159999999999999818e+04 8.758964486593031273e-05
1.160999999999999818e+04 8.819399571170225872e-05
1.161999999999999818e+04 8.824798549008876897e-05
1.162999999999999818e+04 8.770712012576232976e-05
1.163999999999999818e+04 8.657162897698096723e-05
1.164999999999999818e+04 8.515014013509105458e-05
1.165999999999999818e+04 8.358688707104730965e-05
1.166999999999999818e+04 8.201452986297038533e-05
1.167999999999999818e+04 8.071635377772378177e-05
1.168999999999999818e+04 7.968248952478375997e-05
1.169999999999999818e+04 7.920402466465978255e-05
1.170999999999999818e+04 7.914073539708834954e-05
1.171999999999999818e+04 7.954855019926874537e-05
1.172999999999999818e+04 8.044773777040912046e-05
1.173999999999999818e+04 8.164862669415537974e-05
1.174999999999999818e+04 8.323914834129399469e-05
1.175999999999999818e+04 8.482518580807456255e-05
1.176999999999999818e+04 8.614195063804298976e-05
1.177999999999999818e+04 8.731281223488413510e-05
1.178999999999999818e+04 8.806821759585074577e-05
1.179999999999999818e+04 8.836689295255743739e-05
1.180999999999999818e+04 8.798410843195543442e-05
1.181999999999999818e+04 8.713075405838989452e-05
1.182999999999999818e+04 8.611264221180918183e-05
1.183999999999999818e+04 8.484972438755547378e-05
1.184999999999999818e+04 8.373314349412345006e-05
1.185999999999999818e+04 8.280648496479060870e-05
1.186999999999999818e+04 8.222271799070874374e-05
1.187999999999999818e+04 8.204673918398720626e-05
1.188999999999999818e+04 8.234572093688736247e-05
1.189999999999999818e+04 8.318059969214328792e-05
1.190999999999999818e+04 8.453037639266439693e-05
1.191999999999999818e+04 8.607185572934695724e-05
1.192999999999999818e+04 8.759707541499887993e-05
1.193999999999999818e+04 8.875010842532346370e-05
1.194999999999999818e+04 8.931971572693872443e-05
1.195999999999999818e+04 8.873978967870456663e-05
1.196999999999999818e+04 8.667632250564288648e-05
1.197999999999999818e+04 8.299992161475377409e-05
1.198999999999999818e+04 7.803238903328925380e-05
1.199999999999999818e+04 7.196570054342632126e-05
1.200999999999999818e+04 6.539115193522066882e-05
1.201999999999999818e+04 5.874521695358400506e-05
1.202999999999999818e+04 5.259772611813534366e-05
1.203999999999999818e+04 4.701512868768046249e-05
1.204999999999999818e+04 4.216529915173060925e-05
1.205999999999999818e+04 3.804359886502284012e-05
1.206999999999999818e+04 3.456077772349041357e-05
1.207999999999999818e+04 3.170926219091102212e-05
1.208999999999999818e+04 2.942489427244295385e-05
1.209999999999999818e+04 2.765850484379273164e-05
1.210999999999999818e+04 2.628636929604706286e-05
1.211999999999999818e+04 2.534633439196400971e-05
1.212999999999999818e+04 2.472133374150423983e-05
1.213999999999999818e+04 2.449244757020864612e-05
1.214999999999999818e+04 2.456344549499825058e-05
1.215999999999999818e+04 2.504477800579995407e-05
1.216999999999999818e+04 2.593261594456543762e-05
1.217999999999999818e+04 2.723430161539708047e-05
1.218999999999999818e+04 2.900075500665029839e-05
1.219999999999999818e+04 3.140593981479685565e-05
1.220999999999999818e+04 3.448638343054445763e-05
1.221999999999999818e+04 3.847464599226538138e-05
1.222999999999999818e+04 4.345013298992986538e-05
1.223999999999999818e+04 4.970363439659257183e-05
1.224999999999999818e+04 5.723138900780414028e-05
1.225999999999999818e+04 6.577909275088288305e-05
1.226999999999999818e+04 7.499430189614197679e-05
1.227999999999999818e+04 8.364873957100248494e-05
1.228999999999999818e+04 9.029769468913691015e-05
1.229999999999999818e+04 9.341453464981221274e-05
1.230999999999999818e+04 9.246482290716321608e-05
1.231999999999999818e+04 8.808508174897828149e-05
1.232999999999999818e+04 8.176965178980073019e-05
1.233999999999999818e+04 7.476436498796055444e-05
1.234999999999999818e+04 6.824240086943403024e-05
1.235999999999999818e+04 6.253358105652770101e-05
1.236999999999999818e+04 5.793489939798270321e-05
1.237999999999999818e+04 5.450209439029450457e-05
1.238999999999999818e+04 5.209132717820435577e-05
1.239999999999999818e+04 5.061166477714269698e-05
1.240999999999999818e+04 5.003271460703123490e-05
1.241999999999999818e+04 5.039476757553749882e-05
1.242999999999999818e+04 5.155320837286128254e-05
1.243999999999999818e+04 5.353373715434982662e-05
1.244999999999999818e+04 5.647298962650100371e-05
1.245999999999999818e+04 6.030411878582852853e-05
1.246999999999999818e+04 6.493602485014282057e-05
1.247999999999999818e+04 7.019816303922424619e-05
1.248999999999999818e+04 7.599928101417616428e-05
1.249999999999999818e+04 8.160384147158174283e-05
1.250999999999999818e+04 8.637458163487951135e-05
1.251999999999999818e+04 8.963155090435667520e-05
1.252999999999999818e+04 9.074939763869761193e-05
1.253999999999999818e+04 8.950590452251297902e-05
1.254999999999999818e+04 8.620828170374233578e-05
1.255999999999999818e+04 8.175196748341686387e-05
1.256999999999999818e+04 7.670112274453875893e-05
1.257999999999999818e+04 7.164216630898218648e-05
1.258999999999999818e+04 6.703065909468921310e-05
1.259999999999999818e+04 6.306869415853815896e-05
1.260999999999999818e+04 6.000114726599022508e-05
1.261999999999999818e+04 5.768787215047001981e-05
1.262999999999999818e+04 5.610702771579702735e-05
1.263999999999999818e+04 5.536827298820210083e-05
1.264999999999999818e+04 5.519970014962459514e-05
1.265999999999999818e+04 5.596466982512180908e-05
1.266999999999999818e+04 5.731741536863634381e-05
1.267999999999999818e+04 5.934255180531533043e-05
1.268999999999999818e+04 6.214688963587702147e-05
1.269999999999999818e+04 6.554061033468551413e-05
1.270999999999999818e+04 6.949415342554281455e-05
1.271999999999999818e+04 7.384818787452054867e-05
1.272999999999999818e+04 7.837671010241233310e-05
1.273999999999999818e+04 8.274357962849223399e-05
1.274999999999999818e+04 8.654493856352627238e-05
1.275999999999999818e+04 8.939137673192133272e-05
1.276999999999999818e+04 9.098177050862241546e-05
1.277999999999999818e+04 9.131200056735671786e-05
1.278999999999999818e+04 9.042792491189778268e-05
1.279999999999999818e+04 8.852559167599072395e-05
1.280999999999999818e+04 8.620772779613986557e-05
1.281999999999999818e+04 8.340537037470401537e-05
1.282999999999999818e+04 8.074605728554324127e-05
1.283999999999999818e+04 7.833555892821591311e-05
1.284999999999999818e+04 7.638347891416649293e-05
1.285999999999999818e+04 7.490166271098689700e-05
1.286999999999999818e+04 7.407025149797049409e-05
1.287999999999999818e+04 7.376297240432020839e-05
1.288999999999999818e+04 7.405764645928395742e-05
1.289999999999999818e+04 7.485721827800885921e-05
1.290999999999999818e+04 7.607660182975203053e-05
1.291999999999999818e+04 7.792314257886492597e-05
1.292999999999999818e+04 8.002514870023332688e-05
1.293999999999999818e+04 8.222580101938114800e-05
1.294999999999999818e+04 8.441690923655877814e-05
1.295999999999999818e+04 8.639423248384338783e-05
1.296999999999999818e+04 8.789559522802576090e-05
1.297999999999999818e+04 8.903450331748340965e-05
1.298999999999999818e+04 8.941967749307285157e-05
1.299999999999999818e+04 8.906864614696662888e-05
1.300999999999999818e+04 8.809211459915072177e-05
1.301999999999999818e+04 8.656732907538454967e-05
1.302999999999999818e+04 8.475910701208134491e-05
1.303999999999999818e+04 8.279460742194484895e-05
1.304999999999999818e+04 8.080270195189738199e-05
1.305999999999999818e+04 7.908412352345836561e-05
1.306999999999999818e+04 7.759908032495626781e-05
1.307999999999999818e+04 7.641129607258857596e-05
1.308999999999999818e+04 7.573522241194615237e-05
1.309999999999999818e+04 7.550496940560045775e-05
1.310999999999999818e+04 7.580636685423863634e-05
1.311999999999999818e+04 7.656251056104824927e-05
1.312999999999999818e+04 7.783028987675707057e-05
1.313999999999999818e+04 7.950156042883744839e-05
1.314999999999999818e+04 8.159520457527710889e-05
1.315999999999999818e+04 8.387285656149061320e-05
1.316999999999999818e+04 8.644993081949206657e-05
1.317999999999999818e+04 8.872774929047358623e-05
1.318999999999999818e+04 9.081067657843175454e-05
1.319999999999999818e+04 9.240321661799707500e-05
1.320999999999999818e+04 9.311135513646800013e-05
1.321999999999999818e+04 9.286550768008975287e-05
1.322999999999999818e+04 9.169488928660505481e-05
1.323999999999999818e+04 8.953059823719646665e-05
1.324999999999999818e+04 8.665170860340671297e-05
1.325999999999999818e+04 8.293188855434102246e-05
1.326999999999999818e+04 7.897386028801819545e-05
1.327999999999999818e+04 7.502155781104647043e-05
1.328999999999999818e+04 7.097077264384860659e-05
1.329999999999999818e+04 6.720380032595199516e-05
1.330999999999999818e+04 6.377712600554385851e-05
1.331999999999999818e+04 6.081180133173551608e-05
1.332999999999999818e+04 5.815015492206555690e-05
1.333999999999999818e+04 5.596849834639837156e-05
1.334999999999999818e+04 5.422129966638828991e-05
1.335999999999999818e+04 5.289286422686531125e-05
1.336999999999999818e+04 5.186445821280017169e-05
1.337999999999999818e+04 5.132701547445134917e-05
1.338999999999999818e+04 5.118211515878154383e-05
1.339999999999999818e+04 5.136910329987028762e-05
1.340999999999999818e+04 5.188874134197760140e-05
1.341999999999999818e+04 5.293834190907901848e-05
1.342999999999999818e+04 5.430957932685790020e-05
1.343999999999999818e+04 5.616194743085671580e-05
1.344999999999999818e+04 5.840729492280294046e-05
1.345999999999999818e+04 6.096739319645215759e-05
1.346999999999999818e+04 6.416618458463741923e-05
1.347999999999999818e+04 6.761707351612890760e-05
1.348999999999999818e+04 7.151189273371692052e-05
1.349999999999999818e+04 7.556286277484664860e-05
1.350999999999999818e+04 7.967790994417329065e-05
1.351999999999999818e+04 8.360750627026141855e-05
1.352999999999999818e+04 8.706620646048780809e-05
1.353999999999999818e+04 8.937230851991707654e-05
1.354999999999999818e+04 9.039397996269012397e-05
1.355999999999999818e+04 8.973984109354432961e-05
1.356999999999999818e+04 8.759853621558748651e-05
1.357999999999999818e+04 8.384148168852274027e-05
1.358999999999999818e+04 7.892973408648814616e-05
1.359999999999999818e+04 7.322349511666087290e-05
1.360999999999999818e+04 6.701493877631290439e-05
1.361999999999999818e+04 6.098802167823061447e-05
1.362999999999999818e+04 5.512383349703708278e-05
1.363999999999999818e+04 4.984989356735781919e-05
1.364999999999999818e+04 4.499509346232470408e-05
1.365999999999999818e+04 4.074109800247450493e-05
1.366999999999999818e+04 3.695864381097071583e-05
1.367999999999999818e+04 3.365048494013627654e-05
1.368999999999999818e+04 3.083488421149021668e-05
1.369999999999999818e+04 2.828663915809026777e-05
1.370999999999999818e+04 2.602685534574261317e-05
1.371999999999999818e+04 2.409245621503180548e-05
1.372999999999999818e+04 2.247585511012679854e-05
1.373999999999999818e+04 2.098123853338913105e-05
1.374999999999999818e+04 1.975152259035618297e-05
1.375999999999999818e+04 1.876982417833243977e-05
1.376999999999999818e+04 1.792455510888370829e-05
1.377999999999999818e+04 1.722907429434396235e-05
1.378999999999999818e+04 1.678538026574358919e-05
1.379999999999999818e+04 1.641817148335799825e-05
1.380999999999999818e+04 1.619431794935017178e-05
1.381999999999999818e+04 1.614762649549102697e-05
1.382999999999999818e+04 1.620083928284662123e-05
1.383999999999999818e+04 1.642936687043808976e-05
1.384999999999999818e+04 1.673928344279112607e-05
1.385999999999999818e+04 1.720124021206339228e-05
1.386999999999999818e+04 1.778895214544416354e-05
1.387999999999999818e+04 1.848718716119074855e-05
1.388999999999999818e+04 1.936408157400603690e-05
1.389999999999999818e+04 2.038486683372727490e-05
1.390999999999999818e+04 2.161198467657260679e-05
1.391999999999999818e+04 2.299190684447403594e-05
1.392999999999999818e+04 2.457335215789301588e-05
1.393999999999999818e+04 2.644152730767537841e-05
1.394999999999999818e+04 2.852796414150698449e-05
1.395999999999999818e+04 3.091421217363987282e-05
1.396999999999999818e+04 3.357193434981653251e-05
1.397999999999999818e+04 3.662378765287018450e-05
1.398999999999999818e+04 3.995203159117804423e-05
1.399999999999999818e+04 4.369944804426710908e-05
1.400999999999999818e+04 4.770676996809937036e-05
1.401999999999999818e+04 5.198477739591600107e-05
1.402999999999999818e+04 5.654513378185529207e-05
1.403999999999999818e+04 6.121876561752358497e-05
1.404999999999999818e+04 6.579023060187420347e-05
1.405999999999999818e+04 7.018382389714220352e-05
1.406999999999999818e+04 7.429132416158595832e-05
1.407999999999999818e+04 7.779614121556750414e-05
1.408999999999999818e+04 8.053169916549010295e-05
1.409999999999999818e+04 8.245608937864274985e-05
1.410999999999999818e+04 8.355092687300040013e-05
1.411999999999999818e+04 8.385535854744645564e-05
1.412999999999999818e+04 8.342720327841955490e-05
1.413999999999999818e+04 8.231170242918920115e-05
1.414999999999999818e+04 8.087825349606912739e-05
1.415999999999999818e+04 7.901252461203643791e-05
1.416999999999999818e+04 7.703386952518340191e-05
1.417999999999999818e+04 7.492175646249963814e-05
1.418999999999999818e+04 7.282238362243450690e-05
1.419999999999999818e+04 7.070130889782714350e-05
1.420999999999999818e+04 6.870860616642072158e-05
1.421999999999999818e+04 6.685044709829866285e-05
1.422999999999999818e+04 6.517546821023277668e-05
1.423999999999999818e+04 6.368444650464267587e-05
1.424999999999999818e+04 6.235470029558144516e-05
1.425999999999999818e+04 6.133527448051768213e-05
1.426999999999999818e+04 6.049832838005448097e-05
1.427999999999999818e+04 5.977456560868225964e-05
1.428999999999999818e+04 5.922740787846968803e-05
1.429999999999999818e+04 5.883268480012400470e-05
1.430999999999999818e+04 5.872619377395371041e-05
1.431999999999999818e+04 5.877560558374868711e-05
1.432999999999999818e+04 5.899535313880898020e-05
1.433999999999999818e+04 5.943159596101996834e-05
1.434999999999999818e+04 5.990766322978526075e-05
1.435999999999999818e+04 6.072380763129280387e-05
1.436999999999999818e+04 6.165878871778219129e-05
1.437999999999999818e+04 6.264744031056610938e-05
1.438999999999999818e+04 6.386282461896921117e-05
1.439999999999999818e+04 6.525383356484261866e-05
1.440999999999999818e+04 6.670008746006196056e-05
1.441999999999999818e+04 6.836430995454222798e-05
1.442999999999999818e+04 6.998483499724261325e-05
1.443999999999999818e+04 7.174372407072432498e-05
1.444999999999999818e+04 7.347042789448676974e-05
1.445999999999999818e+04 7.524083869132617750e-05
1.446999999999999818e+04 7.697552947314302389e-05
1.447999999999999818e+04 7.860376546275032019e-05
1.448999999999999818e+04 8.007184578491791831e-05
1.449999999999999818e+04 8.138645928383966182e-05
1.450999999999999818e+04 8.254724695903832348e-05
1.451999999999999818e+04 8.342448126481163246e-05
1.452999999999999818e+04 8.408109452530182146e-05
1.453999999999999818e+04 8.450175713844930415e-05
1.454999999999999818e+04 8.466370034047460407e-05
1.455999999999999818e+04 8.459635845866657279e-05
1.456999999999999818e+04 8.432186661543977736e-05
1.457999999999999818e+04 8.400552733824299815e-05
1.458999999999999818e+04 8.350275718607412284e-05
1.459999999999999818e+04 8.295756398237153157e-05
1.460999999999999818e+04 8.236966153070747509e-05
1.461999999999999818e+04 8.170124599922532621e-05
1.462999999999999818e+04 8.121767603313630938e-05
1.463999999999999818e+04 8.077413112660989183e-05
1.464999999999999818e+04 8.042439946619971667e-05
1.465999999999999818e+04 8.026680163230859560e-05
1.466999999999999818e+04 8.023524904208989507e-05
1.467999999999999818e+04 8.044634327284150299e-05
1.468999999999999818e+04 8.091946775282475677e-05
1.469999999999999818e+04 8.163227953257141359e-05
1.470999999999999818e+04 8.257077216582659016e-05
1.471999999999999818e+04 8.390377334334727245e-05
1.472999999999999818e+04 8.547828507659688800e-05
1.473999999999999818e+04 8.746661476308118628e-05
1.474999999999999818e+04 8.990931088975767259e-05
1.475999999999999818e+04 9.281180358053783494e-05
1.476999999999999818e+04 9.612306477976534749e-05
1.477999999999999818e+04 9.993570689769311615e-05
1.478999999999999818e+04 1.043079963273450513e-04
1.479999999999999818e+04 1.095142167806278135e-04
1.480999999999999818e+04 1.154701281442994292e-04
1.481999999999999818e+04 1.221456596982498750e-04
1.482999999999999818e+04 1.299664762303884258e-04
1.483999999999999818e+04 1.390757269747509384e-04
1.484999999999999818e+04 1.491605085250531908e-04
1.485999999999999818e+04 1.609789071136730112e-04
1.486999999999999818e+04 1.744216485515798340e-04
1.487999999999999818e+04 1.898518020828903624e-04
1.488999999999999818e+04 2.079030621283602413e-04
1.489999999999999818e+04 2.288785582937155247e-04
1.490999999999999818e+04 2.531564432964568748e-04
1.491999999999999818e+04 2.812214131656795763e-04
1.492999999999999818e+04 3.142218748096168354e-04
1.493999999999999818e+04 3.530927093582304126e-04
1.494999999999999818e+04 3.988617051321390679e-04
1.495999999999999818e+04 4.532485730662152035e-04
1.496999999999999818e+04 5.177434037115919135e-04
1.497999999999999818e+04 5.948304745411756370e-04
1.498999999999999818e+04 6.882819640208221595e-04
1.499999999999999818e+04 7.998948623397391083e-04
1.500999999999999818e+04 9.365531966308149455e-04
1.501999999999999818e+04 1.104166553720200726e-03
1.502999999999999818e+04 1.309412960059214235e-03
1.503999999999999818e+04 1.563158753156521997e-03
1.504999999999999818e+04 1.881933265111734345e-03
1.505999999999999818e+04 2.282854860390268539e-03
1.506999999999999818e+04 2.786686047433064879e-03
1.507999999999999818e+04 3.430915451474733993e-03
1.508999999999999818e+04 4.261969776864987271e-03
1.509999999999999818e+04 5.343919333919906409e-03
1.510999999999999818e+04 6.752017807473351119e-03
1.511999999999999818e+04 8.623550981922830164e-03
1.512999999999999818e+04 1.111900643188430161e-02
1.513999999999999818e+04 1.448939852700231561e-02
1.514999999999999818e+04 1.907970522048250614e-02
1.515999999999999818e+04 2.537491885018551899e-02
1.516999999999999818e+04 3.412983265109265085e-02
1.517999999999999818e+04 4.634714121616081983e-02
1.518999999999999818e+04 6.348039682388392779e-02
1.519999999999999818e+04 8.726240156246403701e-02
1.520999999999999818e+04 1.200927877146834299e-01
1.521999999999999818e+04 1.646601610065239474e-01
1.522999999999999818e+04 2.212377983014018057e-01
1.523999999999999818e+04 2.889162343917744402e-01
1.524999999999999818e+04 3.617973113292012877e-01
1.525999999999999818e+04 4.299247076236525911e-01
1.526999999999999818e+04 4.854786803838118114e-01
1.527999999999999818e+04 5.229830949057562295e-01
1.528999999999999818e+04 5.449772565991620743e-01
1.529999999999999818e+04 5.548580325107755895e-01
1.530999999999999818e+04 5.577733799055488717e-01
1.531999999999999818e+04 5.580106409316263338e-01
1.532999999999999818e+04 5.574612189640512083e-01
1.533999999999999818e+04 5.557370950843433244e-01
1.534999999999999818e+04 5.552534918398134289e-01
1.535999999999999636e+04 5.555084111194494856e-01
1.536999999999999636e+04 5.557240322043600633e-01
1.537999999999999636e+04 5.562090844605885875e-01
1.538999999999999636e+04 5.573859701191912208e-01
1.539999999999999636e+04 5.569198964209970404e-01
1.540999999999999636e+04 5.580762819654929707e-01
1.541999999999999636e+04 5.571265241933431867e-01
1.542999999999999636e+04 5.569102888688264308e-01
1.543999999999999636e+04 5.564663092681509937e-01
1.544999999999999636e+04 5.560445922368777438e-01
1.545999999999999636e+04 5.558002516266664639e-01
1.546999999999999636e+04 5.556331921668119511e-01
1.547999999999999636e+04 5.544712556786736135e-01
1.548999999999999636e+04 5.547800062127115073e-01
1.549999999999999636e+04 5.546312509704045546e-01
1.550999999999999636e+04 5.552537150073507677e-01
1.551999999999999636e+04 5.549811906542059248e-01
1.552999999999999636e+04 5.562243720087814980e-01
1.553999999999999636e+04 5.565396311094357173e-01
1.554999999999999636e+04 5.565494474709682393e-01
1.555999999999999636e+04 5.565672741433791426e-01
1.556999999999999636e+04 5.573453622364210602e-01
1.557999999999999636e+04 5.578841091604817004e-01
1.558999999999999636e+04 5.578822063029272860e-01
1.559999999999999636e+04 5.577098657139987203e-01
1.560999999999999636e+04 5.573757878600297255e-01
1.561999999999999636e+04 5.567127525962498602e-01
1.562999999999999636e+04 5.563622034048238962e-01
1.563999999999999636e+04 5.560587320441087167e-01
1.564999999999999636e+04 5.556109011096331818e-01
1.565999999999999636e+04 5.555617233891348983e-01
1.566999999999999636e+04 5.548063394268758497e-01
1.567999999999999636e+04 5.543492211977445461e-01
1.568999999999999636e+04 5.546072302603983761e-01
1.569999999999999636e+04 5.545006704938174602e-01
1.570999999999999636e+04 5.548747421141008163e-01
1.571999999999999636e+04 5.549923785229885498e-01
1.572999999999999636e+04 5.553188649691879197e-01
1.573999999999999636e+04 5.557850980947355302e-01
1.574999999999999636e+04 5.559173537272070753e-01
1.575999999999999636e+04 5.561636207571363233e-01
1.576999999999999636e+04 5.568419396402989330e-01
1.577999999999999636e+04 5.573894226114225470e-01
1.578999999999999636e+04 5.571255126509709887e-01
1.579999999999999636e+04 5.571201116795260200e-01
1.580999999999999636e+04 5.575460232401244776e-01
1.581999999999999636e+04 5.567948580061465869e-01
1.582999999999999636e+04 5.561593408857381515e-01
1.583999999999999636e+04 5.562685003420964058e-01
1.584999999999999636e+04 5.561555128299768835e-01
1.585999999999999636e+04 5.560106108068336717e-01
1.586999999999999636e+04 5.552876252216983888e-01
1.587999999999999636e+04 5.548727437430812648e-01
1.588999999999999636e+04 5.545405457373031588e-01
1.589999999999999636e+04 5.535779590651576099e-01
1.590999999999999636e+04 5.536687794343828628e-01
1.591999999999999636e+04 5.530626019537659976e-01
1.592999999999999636e+04 5.528517251011765277e-01
1.593999999999999636e+04 5.526282856529355358e-01
1.594999999999999636e+04 5.521964924462262614e-01
1.595999999999999636e+04 5.521859848448321673e-01
1.596999999999999636e+04 5.521150847865858857e-01
1.597999999999999636e+04 5.522969570716328436e-01
1.598999999999999636e+04 5.527186559175616409e-01
1.599999999999999636e+04 5.524127181753201166e-01
1.600999999999999636e+04 5.524202605560676327e-01
1.601999999999999636e+04 5.522729021146426387e-01
1.602999999999999636e+04 5.521540327158402928e-01
1.603999999999999636e+04 5.524176457690883613e-01
1.604999999999999636e+04 5.524449550362590111e-01
1.605999999999999636e+04 5.522403097254273696e-01
1.606999999999999636e+04 5.515573603428248761e-01
1.607999999999999636e+04 5.513764733166853782e-01
1.608999999999999636e+04 5.511062993617407146e-01
1.609999999999999636e+04 5.507413481196361538e-01
1.610999999999999636e+04 5.502639521315385585e-01
1.611999999999999636e+04 5.496926544644586965e-01
1.612999999999999636e+04 5.490446263838426599e-01
1.613999999999999636e+04 5.485747029087558735e-01
1.614999999999999636e+04 5.481649308895114592e-01
1.615999999999999636e+04 5.482198164294741494e-01
1.616999999999999636e+04 5.480538376680617052e-01
1.617999999999999636e+04 5.476352367293637613e-01
1.618999999999999636e+04 5.472326696640860133e-01
1.619999999999999636e+04 5.472927859975662557e-01
1.620999999999999636e+04 5.473910314940596544e-01
1.621999999999999636e+04 5.465319465341422767e-01
1.622999999999999636e+04 5.460468921273450293e-01
1.623999999999999636e+04 5.469656859100673341e-01
1.624999999999999636e+04 5.471066250466176673e-01
1.625999999999999636e+04 5.470535362090803710e-01
1.626999999999999636e+04 5.468290635768917607e-01
1.627999999999999636e+04 5.469818855647634592e-01
1.628999999999999636e+04 5.473812554172668987e-01
1.629999999999999636e+04 5.470528768686669929e-01
1.630999999999999636e+04 5.475048947590205328e-01
1.631999999999999636e+04 5.474654637493510112e-01
1.632999999999999636e+04 5.468820606474474877e-01
1.633999999999999636e+04 5.463548125176934667e-01
1.634999999999999636e+04 5.462872484239934545e-01
1.635999999999999636e+04 5.458085577141689182e-01
1.636999999999999636e+04 5.453793586200853527e-01
1.637999999999999636e+04 5.452079733096163450e-01
1.638999999999999636e+04 5.449419153868482191e-01
1.639999999999999636e+04 5.445935948880045174e-01
1.640999999999999636e+04 5.441650023008273163e-01
1.641999999999999636e+04 5.434038265884089114e-01
1.642999999999999636e+04 5.432855411867391071e-01
1.643999999999999636e+04 5.431622584438721146e-01
1.644999999999999636e+04 5.435646239425537818e-01
1.645999999999999636e+04 5.429231096697577641e-01
1.646999999999999636e+04 5.427980423862597270e-01
1.647999999999999636e+04 5.432563243654896512e-01
1.648999999999999636e+04 5.431754877995204067e-01
1.649999999999999636e+04 5.433300807915548702e-01
1.650999999999999636e+04 5.435564521652775927e-01
1.651999999999999636e+04 5.435792336056002316e-01
1.652999999999999636e+04 5.434027510245732495e-01
1.653999999999999636e+04 5.444179175559895612e-01
1.654999999999999636e+04 5.448534333462348167e-01
1.655999999999999636e+04 5.448840931329403947e-01
1.656999999999999636e+04 5.449909654775966228e-01
1.657999999999999636e+04 5.455177368631307644e-01
1.658999999999999636e+04 5.459371452808277070e-01
1.659999999999999636e+04 5.460195555395728206e-01
1.660999999999999636e+04 5.465127522628158152e-01
1.661999999999999636e+04 5.467784460941429447e-01
1.662999999999999636e+04 5.465066673823212318e-01
1.663999999999999636e+04 5.467000532691975723e-01
1.664999999999999636e+04 5.466103018087282717e-01
1.665999999999999636e+04 5.465093874028024157e-01
1.666999999999999636e+04 5.464181419495393044e-01
1.667999999999999636e+04 5.464980308661661068e-01
1.668999999999999636e+04 5.465669095789073006e-01
1.669999999999999636e+04 5.462717762870248350e-01
1.670999999999999636e+04 5.457837478068342518e-01
1.671999999999999636e+04 5.456623144593704122e-01
1.672999999999999636e+04 5.458073442657382923e-01
1.673999999999999636e+04 5.454551510556012728e-01
1.674999999999999636e+04 5.452020620234869774e-01
1.675999999999999636e+04 5.453700970089038202e-01
1.676999999999999636e+04 5.451623496922871626e-01
1.677999999999999636e+04 5.451749435994559523e-01
1.678999999999999636e+04 5.451453728101153251e-01
1.679999999999999636e+04 5.450916131841493373e-01
1.680999999999999636e+04 5.451665403285299583e-01
1.681999999999999636e+04 5.453406694025623169e-01
1.682999999999999636e+04 5.458174267555327974e-01
1.683999999999999636e+04 5.460824582009843331e-01
1.684999999999999636e+04 5.464940155609201433e-01
1.685999999999999636e+04 5.467969331430988511e-01
1.686999999999999636e+04 5.468631042285588828e-01
1.687999999999999636e+04 5.470854397054975005e-01
1.688999999999999636e+04 5.477903850594070256e-01
1.689999999999999636e+04 5.483070925521704719e-01
1.690999999999999636e+04 5.482914432491956536e-01
1.691999999999999636e+04 5.480661646518449892e-01
1.692999999999999636e+04 5.490017960361410765e-01
1.693999999999999636e+04 5.484812766417050955e-01
1.694999999999999636e+04 5.483672989331858094e-01
1.695999999999999636e+04 5.487156292425156012e-01
1.696999999999999636e+04 5.481791749582137774e-01
1.697999999999999636e+04 5.485622257039554084e-01
1.698999999999999636e+04 5.491609526751447534e-01
1.699999999999999636e+04 5.485807977054248941e-01
1.700999999999999636e+04 5.488155402999945753e-01
1.701999999999999636e+04 5.484662176043983983e-01
1.702999999999999636e+04 5.480530203497034902e-01
1.703999999999999636e+04 5.480178994136063464e-01
1.704999999999999636e+04 5.478834508699339523e-01
1.705999999999999636e+04 5.477370675010623247e-01
1.706999999999999636e+04 5.476664005172783289e-01
1.707999999999999636e+04 5.478802024921811675e-01
1.708999999999999636e+04 5.478412130464477281e-01
1.709999999999999636e+04 5.474411478782760243e-01
1.710999999999999636e+04 5.473700209208158807e-01
1.711999999999999636e+04 5.478082168898076310e-01
1.712999999999999636e+04 5.471964135220180880e-01
1.713999999999999636e+04 5.468849812429678048e-01
1.714999999999999636e+04 5.475851053143943048e-01
1.715999999999999636e+04 5.475738773975332707e-01
1.716999999999999636e+04 5.478332128700886816e-01
1.717999999999999636e+04 5.478867536091059920e-01
1.718999999999999636e+04 5.481157220361362326e-01
1.719999999999999636e+04 5.480858199724950586e-01
1.720999999999999636e+04 5.489132297170483676e-01
1.721999999999999636e+04 5.488138551535570731e-01
1.722999999999999636e+04 5.489358354051355748e-01
1.723999999999999636e+04 5.489822387796295944e-01
1.724999999999999636e+04 5.491221375442468799e-01
1.725999999999999636e+04 5.495066087042530523e-01
1.726999999999999636e+04 5.496740620634319452e-01
1.727999999999999636e+04 5.495292241469009742e-01
1.728999999999999636e+04 5.492767355030029330e-01
1.729999999999999636e+04 5.493873963354988232e-01
1.730999999999999636e+04 5.495227728463903949e-01
1.731999999999999636e+04 5.494024535082200345e-01
1.732999999999999636e+04 5.490846402676337057e-01
1.733999999999999636e+04 5.487728467909800401e-01
1.734999999999999636e+04 5.482473773476073120e-01
1.735999999999999636e+04 5.485141181061328197e-01
1.736999999999999636e+04 5.479014949078639951e-01
1.737999999999999636e+04 5.482094781532437233e-01
1.738999999999999636e+04 5.482525596067437945e-01
1.739999999999999636e+04 5.478031329115951031e-01
1.740999999999999636e+04 5.474718670880075466e-01
1.741999999999999636e+04 5.476464121157198495e-01
1.742999999999999636e+04 5.470898541026791850e-01
1.743999999999999636e+04 5.469711294430118498e-01
1.744999999999999636e+04 5.470492488277334253e-01
1.745999999999999636e+04 5.465100782529014323e-01
1.746999999999999636e+04 5.468115163412015090e-01
1.747999999999999636e+04 5.474713321565776170e-01
1.748999999999999636e+04 5.472584033871313869e-01
1.749999999999999636e+04 5.472846062828550240e-01
1.750999999999999636e+04 5.466669101994492408e-01
1.751999999999999636e+04 5.472268969437977804e-01
1.752999999999999636e+04 5.476099161816807559e-01
1.753999999999999636e+04 5.481811141396056852e-01
1.754999999999999636e+04 5.477003729246893160e-01
1.755999999999999636e+04 5.482170982526555214e-01
1.756999999999999636e+04 5.487625988196619398e-01
1.757999999999999636e+04 5.481798345139589079e-01
1.758999999999999636e+04 5.487938155064653323e-01
1.759999999999999636e+04 5.486215843997434005e-01
1.760999999999999636e+04 5.490942503139383257e-01
1.761999999999999636e+04 5.494877032092310154e-01
1.762999999999999636e+04 5.495183722061710574e-01
1.763999999999999636e+04 5.490301828522868854e-01
1.764999999999999636e+04 5.492585525467542640e-01
1.765999999999999636e+04 5.486306103234794840e-01
1.766999999999999636e+04 5.495854174897810696e-01
1.767999999999999636e+04 5.494617210321869338e-01
1.768999999999999636e+04 5.492471460490382373e-01
1.769999999999999636e+04 5.486934923375393902e-01
1.770999999999999636e+04 5.489020416405729907e-01
1.771999999999999636e+04 5.484811337804815778e-01
1.772999999999999636e+04 5.488501704963727468e-01
1.773999999999999636e+04 5.496563462885523110e-01
1.774999999999999636e+04 5.491191626027549511e-01
1.775999999999999636e+04 5.492558691326512310e-01
1.776999999999999636e+04 5.486975138221168447e-01
1.777999999999999636e+04 5.480099430189084853e-01
1.778999999999999636e+04 5.484342390767342756e-01
1.779999999999999636e+04 5.491173065921193253e-01
1.780999999999999636e+04 5.485776183785006088e-01
1.781999999999999636e+04 5.492757026900580986e-01
1.782999999999999636e+04 5.485954228157350343e-01
1.783999999999999636e+04 5.478427391142259850e-01
1.784999999999999636e+04 5.488551616314583104e-01
1.785999999999999636e+04 5.488451335413879750e-01
1.786999999999999636e+04 5.497026183494644336e-01
1.787999999999999636e+04 5.497267171948919673e-01
1.788999999999999636e+04 5.493005813633305978e-01
1.789999999999999636e+04 5.494498917483027212e-01
1.790999999999999636e+04 5.502755599253673635e-01
1.791999999999999636e+04 5.503234164082831947e-01
1.792999999999999636e+04 5.501643148812508377e-01
1.793999999999999636e+04 5.502758609143301172e-01
1.794999999999999636e+04 5.510201159215262212e-01
1.795999999999999636e+04 5.506918819096490170e-01
1.796999999999999636e+04 5.513506065270520340e-01
1.797999999999999636e+04 5.508696893794364779e-01
1.798999999999999636e+04 5.507160264094222990e-01
1.799999999999999636e+04 5.505826942382504585e-01
1.800999999999999636e+04 5.504938048853781352e-01
1.801999999999999636e+04 5.509092495614126284e-01
1.802999999999999636e+04 5.514083914965240973e-01
1.803999999999999636e+04 5.509427336812831033e-01
1.804999999999999636e+04 5.502287528207416845e-01
1.805999999999999636e+04 5.502763306321022396e-01
1.806999999999999636e+04 5.503918399019366303e-01
1.807999999999999636e+04 5.503613750818781014e-01
1.808999999999999636e+04 5.499432027306184745e-01
1.809999999999999636e+04 5.495753151418665272e-01
1.810999999999999636e+04 5.492312967034869153e-01
1.811999999999999636e+04 5.497543853492758981e-01
1.812999999999999636e+04 5.494905403722339932e-01
1.813999999999999636e+04 5.490057154529881522e-01
1.814999999999999636e+04 5.491025705694988490e-01
1.815999999999999636e+04 5.487154416628385878e-01
1.816999999999999636e+04 5.487913426039155995e-01
1.817999999999999636e+04 5.493748292384348364e-01
1.818999999999999636e+04 5.487083335186828670e-01
1.819999999999999636e+04 5.487595829801020786e-01
1.820999999999999636e+04 5.483354543536094194e-01
1.821999999999999636e+04 5.487249004602678948e-01
1.822999999999999636e+04 5.493096028164596856e-01
1.823999999999999636e+04 5.491794402791917440e-01
1.824999999999999636e+04 5.490373489083372194e-01
1.825999999999999636e+04 5.496299083234260641e-01
1.826999999999999636e+04 5.498372829677407037e-01
1.827999999999999636e+04 5.495839706221350429e-01
1.828999999999999636e+04 5.495577734378884749e-01
1.829999999999999636e+04 5.500675549051901037e-01
1.830999999999999636e+04 5.497630751655011583e-01
1.831999999999999636e+04 5.498700223857501124e-01
1.832999999999999636e+04 5.502204959245479143e-01
1.833999999999999636e+04 5.498855722654336642e-01
1.834999999999999636e+04 5.502680266651639451e-01
1.835999999999999636e+04 5.499352608638744533e-01
1.836999999999999636e+04 5.494298241807376026e-01
1.837999999999999636e+04 5.490207129171970069e-01
1.838999999999999636e+04 5.484679504605840528e-01
1.839999999999999636e+04 5.484664307426798668e-01
1.840999999999999636e+04 5.485132734696244183e-01
1.841999999999999636e+04 5.477976450488825089e-01
1.842999999999999636e+04 5.472201347860069509e-01
1.843999999999999636e+04 5.472749061065531606e-01
1.844999999999999636e+04 5.467115371139464886e-01
1.845999999999999636e+04 5.460770763158668828e-01
1.846999999999999636e+04 5.454495172473482478e-01
1.847999999999999636e+04 5.456824256719511324e-01
1.848999999999999636e+04 5.450596803462177675e-01
1.849999999999999636e+04 5.447466682778322467e-01
1.850999999999999636e+04 5.444041476602088370e-01
1.851999999999999636e+04 5.445810998541852355e-01
1.852999999999999636e+04 5.436752247914958813e-01
1.853999999999999636e+04 5.432305060328459501e-01
1.854999999999999636e+04 5.434468744363875059e-01
1.855999999999999636e+04 5.434927817537392736e-01
1.856999999999999636e+04 5.432846522592403860e-01
1.857999999999999636e+04 5.430055934386703864e-01
1.858999999999999636e+04 5.432700507814669511e-01
1.859999999999999636e+04 5.434453968424957093e-01
1.860999999999999636e+04 5.431887063905140867e-01
1.861999999999999636e+04 5.435549420472620685e-01
1.862999999999999636e+04 5.448375242747234282e-01
1.863999999999999636e+04 5.449200147943129569e-01
1.864999999999999636e+04 5.450851147403565911e-01
1.865999999999999636e+04 5.454724627442520957e-01
1.866999999999999636e+04 5.448236643123884893e-01
1.867999999999999636e+04 5.447882501901787355e-01
1.868999999999999636e+04 5.450476175860705652e-01
1.869999999999999636e+04 5.449614290774439374e-01
1.870999999999999636e+04 5.447487554645418228e-01
1.871999999999999636e+04 5.449646939645460542e-01
1.872999999999999636e+04 5.442655529624569333e-01
1.873999999999999636e+04 5.437097493491573896e-01
1.874999999999999636e+04 5.441977543630479586e-01
1.875999999999999636e+04 5.445076630319067856e-01
1.876999999999999636e+04 5.437379467158378610e-01
1.877999999999999636e+04 5.437926885551086498e-01
1.878999999999999636e+04 5.439812480293132468e-01
1.879999999999999636e+04 5.436565940486023374e-01
1.880999999999999636e+04 5.428734937694631446e-01
1.881999999999999636e+04 5.419981579559870477e-01
1.882999999999999636e+04 5.414835841652434478e-01
1.883999999999999636e+04 5.414409321476219006e-01
1.884999999999999636e+04 5.417954160881662817e-01
1.885999999999999636e+04 5.417693233204476932e-01
1.886999999999999636e+04 5.409241856191814302e-01
1.887999999999999636e+04 5.408037534473060237e-01
1.888999999999999636e+04 5.403552094098498237e-01
1.889999999999999636e+04 5.395857511888721980e-01
1.890999999999999636e+04 5.396123402238468536e-01
1.891999999999999636e+04 5.397197711578106682e-01
1.892999999999999636e+04 5.391415766452470892e-01
1.893999999999999636e+04 5.395600503517119506e-01
1.894999999999999636e+04 5.389440029156230549e-01
1.895999999999999636e+04 5.394465764597256019e-01
1.896999999999999636e+04 5.391134764006301205e-01
1.897999999999999636e+04 5.387002545812226151e-01
1.898999999999999636e+04 5.382557911366476766e-01
1.899999999999999636e+04 5.384511466312847938e-01
1.900999999999999636e+04 5.380101820097455967e-01
1.901999999999999636e+04 5.383664355910340316e-01
1.902999999999999636e+04 5.396300958217898902e-01
1.903999999999999636e+04 5.387960368983458759e-01
1.904999999999999636e+04 5.386067780565310104e-01
1.905999999999999636e+04 5.393519812420277670e-01
1.906999999999999636e+04 5.395216073202570017e-01
1.907999999999999636e+04 5.391564639452749441e-01
1.908999999999999636e+04 5.393604365481542429e-01
1.909999999999999636e+04 5.397470710550926754e-01
1.910999999999999636e+04 5.391788940368676952e-01
1.911999999999999636e+04 5.391212278132564428e-01
1.912999999999999636e+04 5.387795723012875904e-01
1.913999999999999636e+04 5.388508756980624481e-01
1.914999999999999636e+04 5.381576975653140638e-01
1.915999999999999636e+04 5.373140221411539796e-01
1.916999999999999636e+04 5.373701779465385187e-01
1.917999999999999636e+04 5.374758298658992572e-01
1.918999999999999636e+04 5.364582377931281787e-01
1.919999999999999636e+04 5.352631872209179242e-01
1.920999999999999636e+04 5.355629138443339654e-01
1.921999999999999636e+04 5.350545376004547382e-01
1.922999999999999636e+04 5.336666583015826637e-01
1.923999999999999636e+04 5.336648345100012403e-01
1.924999999999999636e+04 5.326623210260683638e-01
1.925999999999999636e+04 5.321836372673167670e-01
1.926999999999999636e+04 5.316557242428507912e-01
1.927999999999999636e+04 5.312745789678390285e-01
1.928999999999999636e+04 5.313460018177407207e-01
1.929999999999999636e+04 5.311581462899805928e-01
1.930999999999999636e+04 5.305662554945406173e-01
1.931999999999999636e+04 5.300487909183503321e-01
1.932999999999999636e+04 5.296316573292300101e-01
1.933999999999999636e+04 5.293181794738128776e-01
1.934999999999999636e+04 5.293733346623625824e-01
1.935999999999999636e+04 5.288976617820840831e-01
1.936999999999999636e+04 5.287026639542267148e-01
1.937999999999999636e+04 5.289899253383415489e-01
1.938999999999999636e+04 5.296582496535469087e-01
1.939999999999999636e+04 5.295120137014569517e-01
1.940999999999999636e+04 5.281523181754510521e-01
1.941999999999999636e+04 5.287721991976470637e-01
1.942999999999999636e+04 5.283533995771819702e-01
1.943999999999999636e+04 5.279598812985327738e-01
1.944999999999999636e+04 5.277202324796201882e-01
1.945999999999999636e+04 5.275241585674405043e-01
1.946999999999999636e+04 5.274271851558027802e-01
1.947999999999999636e+04 5.275767181029488162e-01
1.948999999999999636e+04 5.272963827463416076e-01
1.949999999999999636e+04 5.266962015938242425e-01
1.950999999999999636e+04 5.260140605010011905e-01
1.951999999999999636e+04 5.255662536295225840e-01
1.952999999999999636e+04 5.252372785377642517e-01
1.953999999999999636e+04 5.247167423690483057e-01
1.954999999999999636e+04 5.243526351343552605e-01
1.955999999999999636e+04 5.243744064705849750e-01
1.956999999999999636e+04 5.242374913390841495e-01
1.957999999999999636e+04 5.236564136811828751e-01
1.958999999999999636e+04 5.229235912827402410e-01
1.959999999999999636e+04 5.222441068415981658e-01
1.960999999999999636e+04 5.222612530010011245e-01
1.961999999999999636e+04 5.210557270761339010e-01
1.962999999999999636e+04 5.209044646425686764e-01
1.963999999999999636e+04 5.207118683352207622e-01
1.964999999999999636e+04 5.211444315378138681e-01
1.965999999999999636e+04 5.195330359349551452e-01
1.966999999999999636e+04 5.200606574938304583e-01
1.967999999999999636e+04 5.192307944618113069e-01
1.968999999999999636e+04 5.182018354565750551e-01
1.969999999999999636e+04 5.185707265887671280e-01
1.970999999999999636e+04 5.180445332693831562e-01
1.971999999999999636e+04 5.182049657780442020e-01
1.972999999999999636e+04 5.182497245861668045e-01
1.973999999999999636e+04 5.179208382775006836e-01
1.974999999999999636e+04 5.176279738811815356e-01
1.975999999999999636e+04 5.177221568894153636e-01
1.976999999999999636e+04 5.175767440838883182e-01
1.977999999999999636e+04 5.171279427938707540e-01
1.978999999999999636e+04 5.167578714204105195e-01
1.979999999999999636e+04 5.161489234963855255e-01
1.980999999999999636e+04 5.161622298165076117e-01
1.981999999999999636e+04 5.167414987293952322e-01
1.982999999999999636e+04 5.167179910601336079e-01
1.983999999999999636e+04 5.161847101516466862e-01
1.984999999999999636e+04 5.160869777333682018e-01
1.985999999999999636e+04 5.158292039284056996e-01
1.986999999999999636e+04 5.157480050052350995e-01
1.987999999999999636e+04 5.150285893939940962e-01
1.988999999999999636e+04 5.148784924369795846e-01
1.989999999999999636e+04 5.153485232744505762e-01
1.990999999999999636e+04 5.152339173471984779e-01
1.991999999999999636e+04 5.145982613089742363e-01
1.992999999999999636e+04 5.147957825582960556e-01
1.993999999999999636e+04 5.146883320426357544e-01
1.994999999999999636e+04 5.143823815630020890e-01
1.995999999999999636e+04 5.143390025058506287e-01
1.996999999999999636e+04 5.143062302761248761e-01
1.997999999999999636e+04 5.140024759315053871e-01
1.998999999999999636e+04 5.137465906515206182e-01
1.999999999999999636e+04 5.131500548321322741e-01
2.000999999999999636e+04 5.125541236342466833e-01
2.001999999999999636e+04 5.124551247932627174e-01
2.002999999999999636e+04 5.113527475182434445e-01
2.003999999999999636e+04 5.114009953914753215e-01
2.004999999999999636e+04 5.104720199021770544e-01
2.005999999999999636e+04 5.102592222228342633e-01
2.006999999999999636e+04 5.098223626130293784e-01
2.007999999999999636e+04 5.090732343491477518e-01
2.008999999999999636e+04 5.083025495088357992e-01
2.009999999999999636e+04 5.082663627881712776e-01
2.010999999999999636e+04 5.081066491498941184e-01
2.011999999999999636e+04 5.078172527632212052e-01
2.012999999999999636e+04 5.081026857453436740e-01
2.013999999999999636e+04 5.084459588623472248e-01
2.014999999999999636e+04 5.082370880652891110e-01
2.015999999999999636e+04 5.082263684470826881e-01
2.016999999999999636e+04 5.068663689326863286e-01
2.017999999999999636e+04 5.031993095430131735e-01
2.018999999999999636e+04 4.977223476459921025e-01
2.019999999999999636e+04 4.879567887396230041e-01
2.020999999999999636e+04 4.742929896524820110e-01
2.021999999999999636e+04 4.553853130832765106e-01
2.022999999999999636e+04 4.293895735614370324e-01
2.023999999999999636e+04 3.973918738553225416e-01
2.024999999999999636e+04 3.600690947236687700e-01
2.025999999999999636e+04 3.191020210499783127e-01
2.026999999999999636e+04 2.767434828316314155e-01
2.027999999999999636e+04 2.356898355716751103e-01
2.028999999999999636e+04 1.973986958078293441e-01
2.029999999999999636e+04 1.630878815821500127e-01
2.030999999999999636e+04 1.334848647122116871e-01
2.031999999999999636e+04 1.083630254773066820e-01
2.032999999999999636e+04 8.775839219424165505e-02
2.033999999999999636e+04 7.097935028403870583e-02
2.034999999999999636e+04 5.741626717773717914e-02
2.035999999999999636e+04 4.651964579764845259e-02
2.036999999999999636e+04 3.777179791558481908e-02
2.037999999999999636e+04 3.076972422565655077e-02
2.038999999999999636e+04 2.513466309472744617e-02
2.039999999999999636e+04 2.059891139295525614e-02
2.040999999999999636e+04 1.695355246611014721e-02
2.041999999999999636e+04 1.401299212908671890e-02
2.042999999999999636e+04 1.162691111542865641e-02
2.043999999999999636e+04 9.677448404945998561e-03
2.044999999999999636e+04 8.093006859556080637e-03
2.045999999999999636e+04 6.790955921341515662e-03
2.046999999999999636e+04 5.723005547477956825e-03
2.047999999999999636e+04 4.844427016633580906e-03
2.048999999999999636e+04 4.113261958806346819e-03
2.049999999999999636e+04 3.502049491995646614e-03
2.050999999999999636e+04 2.995098063793097398e-03
2.051999999999999636e+04 2.567224609272043736e-03
2.052999999999999636e+04 2.207809202683895956e-03
2.053999999999999636e+04 1.908532519662486547e-03
2.054999999999999636e+04 1.652653725714270817e-03
2.055999999999999636e+04 1.433190398192406116e-03
2.056999999999999636e+04 1.247823480180690033e-03
2.057999999999999636e+04 1.089295617405476460e-03
2.058999999999999636e+04 9.534306876925793253e-04
2.059999999999999636e+04 8.367980143346853824e-04
2.060999999999999636e+04 7.371080658591615395e-04
2.061999999999999636e+04 6.489752991802015406e-04
2.062999999999999636e+04 5.743615004177273419e-04
2.063999999999999636e+04 5.087472964039608777e-04
2.064999999999999636e+04 4.522569901441452237e-04
2.065999999999999636e+04 4.028998663336681263e-04
2.066999999999999636e+04 3.600630637579335961e-04
2.067999999999999636e+04 3.219264232032547149e-04
2.068999999999999636e+04 2.881316224692714498e-04
2.069999999999999636e+04 2.587738450590657035e-04
2.070999999999999636e+04 2.331122091587289381e-04
2.071999999999999636e+04 2.102963721831000474e-04
2.072999999999999636e+04 1.897645158234157815e-04
2.073999999999999636e+04 1.716812005916503305e-04
2.074999999999999636e+04 1.560188391191734338e-04
2.075999999999999636e+04 1.416258867990841845e-04
2.076999999999999636e+04 1.288430221538391875e-04
2.077999999999999636e+04 1.174854684000312089e-04
2.078999999999999636e+04 1.073075878368880338e-04
2.079999999999999636e+04 9.818804099733221343e-05
2.080999999999999636e+04 9.006305067730295208e-05
2.081999999999999636e+04 8.257705005538603000e-05
2.082999999999999636e+04 7.589757535649098842e-05
2.083999999999999636e+04 6.989617692134595078e-05
2.084999999999999636e+04 6.451834358552310496e-05
2.085999999999999636e+04 5.951038099132035852e-05
2.086999999999999636e+04 5.503756643295962725e-05
2.087999999999999636e+04 5.104063091191986815e-05
2.088999999999999636e+04 4.736538721720386243e-05
2.089999999999999636e+04 4.395844075105161065e-05
2.090999999999999636e+04 4.090650211838279269e-05
2.091999999999999636e+04 3.810008708435770776e-05
2.092999999999999636e+04 3.554616008887350815e-05
2.093999999999999636e+04 3.317020626755949961e-05
2.094999999999999636e+04 3.109359490672247153e-05
2.095999999999999636e+04 2.911908379666410993e-05
2.096999999999999636e+04 2.733683744792428377e-05
2.097999999999999636e+04 2.561426891087809513e-05
2.098999999999999636e+04 2.431663410092115666e-05
2.099999999999999636e+04 0.000000000000000000e+00
