3.639999999999999545e+03 0.000000000000000000e+00
3.649999999999999545e+03 5.212446678363749961e-18
3.659999999999999545e+03 0.000000000000000000e+00
3.669999999999999545e+03 0.000000000000000000e+00
3.679999999999999545e+03 0.000000000000000000e+00
3.689999999999999545e+03 0.000000000000000000e+00
3.699999999999999545e+03 0.000000000000000000e+00
3.709999999999999545e+03 0.000000000000000000e+00
3.719999999999999545e+03 0.000000000000000000e+00
3.729999999999999545e+03 0.000000000000000000e+00
3.739999999999999545e+03 0.000000000000000000e+00
3.749999999999999545e+03 0.000000000000000000e+00
3.759999999999999545e+03 0.000000000000000000e+00
3.769999999999999545e+03 0.000000000000000000e+00
3.779999999999999545e+03 0.000000000000000000e+00
3.789999999999999545e+03 0.000000000000000000e+00
3.799999999999999545e+03 0.000000000000000000e+00
3.809999999999999545e+03 0.000000000000000000e+00
3.819999999999999545e+03 0.000000000000000000e+00
3.829999999999999545e+03 0.000000000000000000e+00
3.839999999999999091e+03 0.000000000000000000e+00
3.849999999999999091e+03 0.000000000000000000e+00
3.859999999999999091e+03 1.894778319357000168e-11
3.869999999999999091e+03 2.902095441000438233e-12
3.879999999999999091e+03 0.000000000000000000e+00
3.889999999999999091e+03 0.000000000000000000e+00
3.899999999999999091e+03 1.258938491643437778e-12
3.909999999999999091e+03 0.000000000000000000e+00
3.919999999999999091e+03 0.000000000000000000e+00
3.929999999999999091e+03 0.000000000000000000e+00
3.939999999999999091e+03 0.000000000000000000e+00
3.949999999999999091e+03 0.000000000000000000e+00
3.959999999999999091e+03 1.068954679909200085e-12
3.969999999999999091e+03 3.964577868016500356e-13
3.979999999999999091e+03 1.419494844864862369e-13
3.989999999999999091e+03 0.000000000000000000e+00
3.999999999999999091e+03 0.000000000000000000e+00
4.009999999999999091e+03 7.479771822064936942e-14
4.019999999999999091e+03 2.027222548484787757e-13
4.029999999999999091e+03 8.884782061934625446e-14
4.039999999999999091e+03 3.072680605566337684e-13
4.049999999999999091e+03 3.111617706124813062e-14
4.059999999999999091e+03 5.484964851456999866e-15
4.069999999999999091e+03 2.200353737248494075e-13
4.079999999999999091e+03 2.042871524218394071e-13
4.089999999999999091e+03 8.174252935005500053e-14
4.099999999999999091e+03 0.000000000000000000e+00
4.109999999999999091e+03 0.000000000000000000e+00
4.119999999999999091e+03 0.000000000000000000e+00
4.129999999999999091e+03 0.000000000000000000e+00
4.139999999999999091e+03 0.000000000000000000e+00
4.149999999999999091e+03 0.000000000000000000e+00
4.159999999999999091e+03 0.000000000000000000e+00
4.169999999999999091e+03 0.000000000000000000e+00
4.179999999999999091e+03 0.000000000000000000e+00
4.189999999999999091e+03 0.000000000000000000e+00
4.199999999999999091e+03 0.000000000000000000e+00
4.209999999999999091e+03 0.000000000000000000e+00
4.219999999999999091e+03 0.000000000000000000e+00
4.229999999999999091e+03 0.000000000000000000e+00
4.239999999999999091e+03 0.000000000000000000e+00
4.249999999999999091e+03 0.000000000000000000e+00
4.259999999999999091e+03 0.000000000000000000e+00
4.269999999999999091e+03 0.000000000000000000e+00
4.279999999999999091e+03 0.000000000000000000e+00
4.289999999999999091e+03 0.000000000000000000e+00
4.299999999999999091e+03 0.000000000000000000e+00
4.309999999999999091e+03 1.010299938229312596e-13
4.319999999999999091e+03 1.407141704715862629e-14
4.329999999999999091e+03 1.374065383256300025e-14
4.339999999999999091e+03 8.685191962580875074e-14
4.349999999999999091e+03 2.128912361389975381e-13
4.359999999999999091e+03 2.111634429177393943e-14
4.369999999999999091e+03 4.145755395188531167e-13
4.379999999999999091e+03 1.289593642098588882e-13
4.389999999999999091e+03 1.373819380257170152e-12
4.399999999999999091e+03 1.757408385832181246e-13
4.409999999999999091e+03 8.137213280351837652e-12
4.419999999999999091e+03 0.000000000000000000e+00
4.429999999999999091e+03 0.000000000000000000e+00
4.439999999999999091e+03 0.000000000000000000e+00
4.449999999999999091e+03 0.000000000000000000e+00
4.459999999999999091e+03 0.000000000000000000e+00
4.469999999999999091e+03 0.000000000000000000e+00
4.479999999999999091e+03 2.507369936188249969e-11
4.489999999999999091e+03 0.000000000000000000e+00
4.499999999999999091e+03 0.000000000000000000e+00
4.509999999999999091e+03 5.578493046704787065e-11
4.519999999999999091e+03 7.828029472646171352e-12
4.529999999999999091e+03 0.000000000000000000e+00
4.539999999999999091e+03 0.000000000000000000e+00
4.549999999999999091e+03 0.000000000000000000e+00
4.559999999999999091e+03 0.000000000000000000e+00
4.569999999999999091e+03 0.000000000000000000e+00
4.579999999999999091e+03 2.224839490217815545e-11
4.589999999999999091e+03 0.000000000000000000e+00
4.599999999999999091e+03 0.000000000000000000e+00
4.609999999999999091e+03 5.213697579343575389e-09
4.619999999999999091e+03 1.364593587870137729e-09
4.629999999999999091e+03 7.251848490927329055e-09
4.639999999999999091e+03 0.000000000000000000e+00
4.649999999999999091e+03 0.000000000000000000e+00
4.659999999999999091e+03 0.000000000000000000e+00
4.669999999999999091e+03 0.000000000000000000e+00
4.679999999999999091e+03 0.000000000000000000e+00
4.689999999999999091e+03 1.091524698472086380e-09
4.699999999999999091e+03 4.473542341044057363e-09
4.709999999999999091e+03 6.386136356748102409e-08
4.719999999999999091e+03 2.631520162581850222e-09
4.729999999999999091e+03 0.000000000000000000e+00
4.739999999999999091e+03 4.856015740867541727e-08
4.749999999999999091e+03 1.655616927162782628e-08
4.759999999999999091e+03 9.473522570496831982e-08
4.769999999999999091e+03 2.487421161051250891e-07
4.779999999999999091e+03 2.778905875318089683e-07
4.789999999999999091e+03 6.089876694993368344e-06
4.799999999999999091e+03 2.480551959631808995e-06
4.809999999999999091e+03 1.914383115291829205e-06
4.819999999999999091e+03 3.937324523412731730e-06
4.829999999999999091e+03 9.140334141464296917e-07
4.839999999999999091e+03 1.842077708680070351e-07
4.849999999999999091e+03 2.218795478119312105e-07
4.859999999999999091e+03 4.637677491138509857e-07
4.869999999999999091e+03 4.595096696499317490e-07
4.879999999999999091e+03 5.477042016384006392e-07
4.889999999999999091e+03 3.099991221705175406e-08
4.899999999999999091e+03 9.159763324226986526e-09
4.909999999999999091e+03 1.600576158510759043e-08
4.919999999999999091e+03 4.149405923726284534e-08
4.929999999999999091e+03 1.412668340756315954e-07
4.939999999999999091e+03 1.876162866524797851e-07
4.949999999999999091e+03 9.545926245976601638e-07
4.959999999999999091e+03 9.866170339547567580e-07
4.969999999999999091e+03 7.350513402562955977e-07
4.979999999999999091e+03 2.866648571424873435e-07
4.989999999999999091e+03 2.383588188755366369e-07
4.999999999999999091e+03 1.592578205819664185e-07
5.009999999999999091e+03 7.083926595269178251e-08
5.019999999999999091e+03 1.074112867392546353e-07
5.029999999999999091e+03 9.453665320699601243e-08
5.039999999999999091e+03 1.233126874880600301e-07
5.049999999999999091e+03 1.449949804192371665e-08
5.059999999999999091e+03 3.359002174479180154e-09
5.069999999999999091e+03 2.394609403256152310e-09
5.079999999999999091e+03 4.701269020033775044e-09
5.089999999999999091e+03 2.849937907614107724e-09
5.099999999999999091e+03 4.907083409957119440e-10
5.109999999999999091e+03 2.123156914713562032e-10
5.119999999999999091e+03 9.162188744300270829e-10
5.129999999999999091e+03 4.791501553717147143e-10
5.139999999999999091e+03 1.112868602552791322e-09
5.149999999999999091e+03 1.424041351401886834e-08
5.159999999999999091e+03 1.186967599263079585e-08
5.169999999999999091e+03 1.857516459032040403e-08
5.179999999999999091e+03 5.926802865733698956e-09
5.189999999999999091e+03 1.267175332921960136e-09
5.199999999999999091e+03 1.217059193480146785e-09
5.209999999999999091e+03 1.177532164434882400e-09
5.219999999999999091e+03 6.272920551616227843e-10
5.229999999999999091e+03 6.870907280390693003e-10
5.239999999999999091e+03 2.530110748673576074e-09
5.249999999999999091e+03 1.978322916309980653e-08
5.259999999999999091e+03 8.268267482202429148e-09
5.269999999999999091e+03 2.064233315604833799e-08
5.279999999999999091e+03 2.835709013026701277e-09
5.289999999999999091e+03 2.832469127620151636e-09
5.299999999999999091e+03 1.156443615079156329e-08
5.309999999999999091e+03 6.072732185772158307e-10
5.319999999999999091e+03 5.644609235776022610e-10
5.329999999999999091e+03 4.861311328728514177e-09
5.339999999999999091e+03 2.494552031726040126e-09
5.349999999999999091e+03 7.425031899899985734e-10
5.359999999999999091e+03 2.263684844705442801e-09
5.369999999999999091e+03 2.770373516805331471e-09
5.379999999999999091e+03 5.132238804710981029e-10
5.389999999999999091e+03 2.659462747844330808e-09
5.399999999999999091e+03 1.875110658465520142e-10
5.409999999999999091e+03 1.515333866771969886e-11
5.419999999999999091e+03 1.066066316790759606e-11
5.429999999999999091e+03 7.475007736690200257e-12
5.439999999999999091e+03 2.496266923181767335e-11
5.449999999999999091e+03 4.433053340525250124e-11
5.459999999999999091e+03 2.109525823395331622e-12
5.469999999999999091e+03 5.615726812834687374e-13
5.479999999999999091e+03 5.092667586256250109e-13
5.489999999999999091e+03 4.185561616884375629e-13
5.499999999999999091e+03 1.582521160951499840e-14
5.509999999999999091e+03 1.142601191731999822e-14
5.519999999999999091e+03 1.555770580612500299e-13
5.529999999999999091e+03 9.229402272151251333e-15
5.539999999999999091e+03 4.678245356960000541e-15
5.549999999999999091e+03 4.579118429541250989e-15
5.559999999999999091e+03 0.000000000000000000e+00
5.569999999999999091e+03 0.000000000000000000e+00
5.579999999999999091e+03 0.000000000000000000e+00
5.589999999999999091e+03 0.000000000000000000e+00
5.599999999999999091e+03 0.000000000000000000e+00
5.609999999999999091e+03 0.000000000000000000e+00
5.619999999999999091e+03 0.000000000000000000e+00
5.629999999999999091e+03 0.000000000000000000e+00
5.639999999999999091e+03 0.000000000000000000e+00
5.649999999999999091e+03 2.468192074118750072e-15
5.659999999999999091e+03 3.363306484190625614e-15
5.669999999999999091e+03 0.000000000000000000e+00
5.679999999999999091e+03 0.000000000000000000e+00
5.689999999999999091e+03 2.420284172796875173e-15
5.699999999999999091e+03 1.071748019654374787e-14
5.709999999999999091e+03 1.550494566779812634e-14
5.719999999999999091e+03 4.158582568796250473e-15
5.729999999999999091e+03 0.000000000000000000e+00
5.739999999999999091e+03 0.000000000000000000e+00
5.749999999999999091e+03 0.000000000000000000e+00
5.759999999999999091e+03 9.448365889156249055e-16
5.769999999999999091e+03 4.988665806678750666e-16
5.779999999999999091e+03 4.504471501241250677e-16
5.789999999999999091e+03 8.649145663200000191e-16
5.799999999999999091e+03 2.313172267504000375e-15
5.809999999999999091e+03 3.835824220213125079e-14
5.819999999999999091e+03 6.503497036680002371e-16
5.829999999999999091e+03 7.098550653565000113e-16
5.839999999999999091e+03 0.000000000000000000e+00
5.849999999999999091e+03 1.188942361915000195e-15
5.859999999999999091e+03 4.570243028487501342e-15
5.869999999999999091e+03 1.677261180643125231e-14
5.879999999999999091e+03 7.241053592508750497e-14
5.889999999999999091e+03 1.693421993602500083e-13
5.899999999999999091e+03 2.433492636960000170e-13
5.909999999999999091e+03 4.937513544337499812e-14
5.919999999999999091e+03 1.524027450745624802e-14
5.929999999999999091e+03 4.290877618755000447e-14
5.939999999999999091e+03 3.365131493233125384e-13
5.949999999999999091e+03 4.538583985958750284e-13
5.959999999999999091e+03 2.073599574585000222e-12
5.969999999999999091e+03 5.795842266116875262e-12
5.979999999999999091e+03 8.067139574908750076e-12
5.989999999999999091e+03 1.761427286604999935e-11
5.999999999999999091e+03 2.724070453256250503e-11
6.009999999999999091e+03 3.095238228206250677e-11
6.019999999999999091e+03 7.191167248107500394e-12
6.029999999999999091e+03 1.233562423702875173e-11
6.039999999999999091e+03 1.025725965548375192e-11
6.049999999999999091e+03 9.258199390422498899e-12
6.059999999999999091e+03 4.011596589625625206e-12
6.069999999999999091e+03 2.262810924342499917e-12
6.079999999999999091e+03 8.408110337510625917e-13
6.089999999999999091e+03 3.680775753112499764e-13
6.099999999999999091e+03 4.538422563360000788e-13
6.109999999999999091e+03 1.919200608578750196e-13
6.119999999999999091e+03 7.217060235818126116e-14
6.129999999999999091e+03 1.737691746507500263e-13
6.139999999999999091e+03 7.281011084917500641e-13
6.149999999999999091e+03 5.006100135120000765e-13
6.159999999999999091e+03 4.154665303670000671e-12
6.169999999999999091e+03 1.425074710808437457e-11
6.179999999999999091e+03 2.546313552024375179e-11
6.189999999999999091e+03 1.761577183191000270e-11
6.199999999999999091e+03 9.041803827524999810e-12
6.209999999999999091e+03 5.620322156391250641e-12
6.219999999999999091e+03 9.322214302795626695e-12
6.229999999999999091e+03 1.264550866582500064e-11
6.239999999999999091e+03 1.303085831780687568e-11
6.249999999999999091e+03 1.414781136656562386e-11
6.259999999999999091e+03 2.378185270239187759e-11
6.269999999999999091e+03 2.329328962650375234e-11
6.279999999999999091e+03 1.057211191424500149e-11
6.289999999999999091e+03 3.920790264650000384e-12
6.299999999999999091e+03 3.738904316739375176e-12
6.309999999999999091e+03 2.170820118498937458e-12
6.319999999999999091e+03 2.741365950744750272e-12
6.329999999999999091e+03 6.305570387611249917e-13
6.339999999999999091e+03 6.774691663398750552e-13
6.349999999999999091e+03 4.268110358225000018e-13
6.359999999999999091e+03 6.048092730855000752e-13
6.369999999999999091e+03 8.050113068108125687e-13
6.379999999999999091e+03 8.442318707663749186e-13
6.389999999999999091e+03 4.862820291223125233e-12
6.399999999999999091e+03 1.664101582691624883e-11
6.409999999999999091e+03 4.214222993028125398e-11
6.419999999999999091e+03 3.171397432815062644e-11
6.429999999999999091e+03 1.596760030428500086e-11
6.439999999999999091e+03 8.709383011070000525e-12
6.449999999999999091e+03 5.338659920781250185e-12
6.459999999999999091e+03 7.263452618100000638e-12
6.469999999999999091e+03 9.626697304087501509e-12
6.479999999999999091e+03 1.451976426836250159e-11
6.489999999999999091e+03 1.397849809768124833e-11
6.499999999999999091e+03 1.661093664076437416e-11
6.509999999999999091e+03 2.919030245523000122e-11
6.519999999999999091e+03 5.768841743350000781e-11
6.529999999999999091e+03 9.028593691634999658e-11
6.539999999999999091e+03 7.809618461400001407e-11
6.549999999999999091e+03 5.097996825766251078e-11
6.559999999999999091e+03 3.692939324845312609e-11
6.569999999999999091e+03 2.405779207343750248e-11
6.579999999999999091e+03 1.640994036599312441e-11
6.589999999999999091e+03 1.602677335623000317e-11
6.599999999999999091e+03 1.335002442965624796e-11
6.609999999999999091e+03 3.892003681341999893e-12
6.619999999999999091e+03 5.926624734922499913e-12
6.629999999999999091e+03 9.444191529543750402e-12
6.639999999999999091e+03 5.177189495513875401e-12
6.649999999999999091e+03 0.000000000000000000e+00
6.659999999999999091e+03 3.089724335552750564e-12
6.669999999999999091e+03 2.043690057946250149e-12
6.679999999999999091e+03 3.240577700302687516e-13
6.689999999999999091e+03 2.818511089066750050e-12
6.699999999999999091e+03 2.820997537416625190e-12
6.709999999999999091e+03 2.521647552197812489e-12
6.719999999999999091e+03 2.427284153369250125e-12
6.729999999999999091e+03 4.358132073640625716e-12
6.739999999999999091e+03 5.633986402078123924e-12
6.749999999999999091e+03 1.796011865711875073e-12
6.759999999999999091e+03 9.846728494137501934e-13
6.769999999999999091e+03 2.187988981774749837e-12
6.779999999999999091e+03 8.452312571386250691e-13
6.789999999999999091e+03 9.949378146338753108e-13
6.799999999999999091e+03 6.580282909550000268e-13
6.809999999999999091e+03 2.804281402624624841e-13
6.819999999999999091e+03 1.106722843412812606e-13
6.829999999999999091e+03 3.645193176336250180e-14
6.839999999999999091e+03 3.103301847301250421e-14
6.849999999999999091e+03 2.304541481812500224e-13
6.859999999999999091e+03 3.365715965723125173e-14
6.869999999999999091e+03 3.712056008399375411e-14
6.879999999999999091e+03 1.319333701269937627e-12
6.889999999999999091e+03 8.361660933806250342e-14
6.899999999999999091e+03 8.959679625093750535e-13
6.909999999999999091e+03 0.000000000000000000e+00
6.919999999999999091e+03 1.420457308719750119e-12
6.929999999999999091e+03 7.058006490342501288e-12
6.939999999999999091e+03 1.170021379390500009e-11
6.949999999999999091e+03 2.571595903584750646e-11
6.959999999999999091e+03 2.367005106474749891e-11
6.969999999999999091e+03 2.548588958617625407e-11
6.979999999999999091e+03 5.418284958450000299e-11
6.989999999999999091e+03 5.827252116603749327e-11
6.999999999999999091e+03 6.454543676472500096e-11
7.009999999999999091e+03 5.758183225344375252e-11
7.019999999999999091e+03 1.184628592616875046e-10
7.029999999999999091e+03 8.694091576966250912e-11
7.039999999999999091e+03 5.295919369124999983e-11
7.049999999999999091e+03 4.378756191605249593e-11
7.059999999999999091e+03 2.083974079984999745e-11
7.069999999999999091e+03 1.325176163898125006e-11
7.079999999999999091e+03 7.220167105593750592e-12
7.089999999999999091e+03 5.860786729039375608e-12
7.099999999999999091e+03 8.627921301256251877e-13
7.109999999999999091e+03 4.531286087015625101e-12
7.119999999999999091e+03 0.000000000000000000e+00
7.129999999999999091e+03 0.000000000000000000e+00
7.139999999999999091e+03 0.000000000000000000e+00
7.149999999999999091e+03 2.428411658317312664e-12
7.159999999999999091e+03 0.000000000000000000e+00
7.169999999999999091e+03 2.611282743179687973e-12
7.179999999999999091e+03 2.700418713225187771e-12
7.189999999999999091e+03 2.381827931445813177e-12
7.199999999999999091e+03 1.241903092919999944e-11
7.209999999999999091e+03 1.129662161412750058e-11
7.219999999999999091e+03 1.948256203871249946e-12
7.229999999999999091e+03 2.251209303918750196e-11
7.239999999999999091e+03 1.726008483318875208e-11
7.249999999999999091e+03 2.477178977318500305e-11
7.259999999999999091e+03 5.444493958399999749e-13
7.269999999999999091e+03 1.505483778547875109e-12
7.279999999999999091e+03 3.262421741606999745e-12
7.289999999999999091e+03 1.382165613879750184e-13
7.299999999999999091e+03 6.644434574767500661e-14
7.309999999999999091e+03 2.758461209858812137e-12
7.319999999999999091e+03 4.012579230100875699e-12
7.329999999999999091e+03 0.000000000000000000e+00
7.339999999999999091e+03 1.147587575246874915e-13
7.349999999999999091e+03 0.000000000000000000e+00
7.359999999999999091e+03 9.528036453888751180e-12
7.369999999999999091e+03 1.707063274079625123e-12
7.379999999999999091e+03 2.492990170335000191e-12
7.389999999999999091e+03 2.301566623298249896e-12
7.399999999999999091e+03 1.627212801277875110e-11
7.409999999999999091e+03 6.247242638280000069e-12
7.419999999999999091e+03 0.000000000000000000e+00
7.429999999999999091e+03 1.796133436041000162e-11
7.439999999999999091e+03 5.944365451972500385e-11
7.449999999999999091e+03 5.477681226954999091e-11
7.459999999999999091e+03 3.805724824146000825e-11
7.469999999999999091e+03 1.035107259550000067e-11
7.479999999999999091e+03 5.755942757551874832e-12
7.489999999999999091e+03 0.000000000000000000e+00
7.499999999999999091e+03 0.000000000000000000e+00
7.509999999999999091e+03 6.311221768249999867e-12
7.519999999999999091e+03 0.000000000000000000e+00
7.529999999999999091e+03 1.301187627576375060e-12
7.539999999999999091e+03 4.553252285469999740e-12
7.549999999999999091e+03 0.000000000000000000e+00
7.559999999999999091e+03 7.189674800411250879e-13
7.569999999999999091e+03 5.680293830028125607e-12
7.579999999999999091e+03 0.000000000000000000e+00
7.589999999999999091e+03 4.228130513670000601e-13
7.599999999999999091e+03 6.545204575174999020e-12
7.609999999999999091e+03 1.862800921378250099e-12
7.619999999999999091e+03 8.554408449076875334e-12
7.629999999999999091e+03 3.311424013063249952e-13
7.639999999999999091e+03 0.000000000000000000e+00
7.649999999999999091e+03 0.000000000000000000e+00
7.659999999999999091e+03 0.000000000000000000e+00
7.669999999999999091e+03 4.082279739457500149e-14
7.679999999999998181e+03 0.000000000000000000e+00
7.689999999999998181e+03 0.000000000000000000e+00
7.699999999999998181e+03 3.416131785767751044e-12
7.709999999999998181e+03 1.728378561905625221e-12
7.719999999999998181e+03 0.000000000000000000e+00
7.729999999999998181e+03 4.362165256995000511e-13
7.739999999999998181e+03 1.245713547209249759e-13
7.749999999999998181e+03 0.000000000000000000e+00
7.759999999999998181e+03 1.116949322431250224e-13
7.769999999999998181e+03 6.546581399653749547e-13
7.779999999999998181e+03 0.000000000000000000e+00
7.789999999999998181e+03 2.050170310328874849e-11
7.799999999999998181e+03 2.083033975968750124e-11
7.809999999999998181e+03 7.696155838874999770e-12
7.819999999999998181e+03 3.134216043280000385e-11
7.829999999999998181e+03 3.085961610375000261e-11
7.839999999999998181e+03 1.418542523580000101e-11
7.849999999999998181e+03 0.000000000000000000e+00
7.859999999999998181e+03 1.588562535511875133e-12
7.869999999999998181e+03 2.776707510473750779e-12
7.879999999999998181e+03 1.298162368562499873e-11
7.889999999999998181e+03 2.377676068110000076e-11
7.899999999999998181e+03 0.000000000000000000e+00
7.909999999999998181e+03 6.638633043612500506e-13
7.919999999999998181e+03 4.152066260878375478e-13
7.929999999999998181e+03 0.000000000000000000e+00
7.939999999999998181e+03 0.000000000000000000e+00
7.949999999999998181e+03 8.898688213773750050e-14
7.959999999999998181e+03 4.580697504460000172e-12
7.969999999999998181e+03 1.912004063474312551e-11
7.979999999999998181e+03 1.989666877887500268e-11
7.989999999999998181e+03 2.582032960023562437e-11
7.999999999999998181e+03 3.109266616388625135e-11
8.009999999999998181e+03 1.703244223991176761e-11
8.019999999999998181e+03 1.310751391171039915e-11
8.029999999999998181e+03 2.093099093151479613e-12
8.039999999999998181e+03 3.852452409930624331e-12
8.049999999999998181e+03 1.393204539246448677e-11
8.059999999999998181e+03 0.000000000000000000e+00
8.069999999999998181e+03 8.682143465623117721e-12
8.079999999999998181e+03 1.519063463706297693e-11
8.089999999999998181e+03 4.556665931964882851e-12
8.099999999999998181e+03 0.000000000000000000e+00
8.109999999999998181e+03 0.000000000000000000e+00
8.119999999999998181e+03 2.049505707645473690e-11
8.129999999999998181e+03 1.482501219057685713e-11
8.139999999999998181e+03 3.347624270450027883e-11
8.149999999999998181e+03 6.942796894657089053e-12
8.159999999999998181e+03 0.000000000000000000e+00
8.169999999999998181e+03 3.461024009279380487e-13
8.179999999999998181e+03 0.000000000000000000e+00
8.189999999999998181e+03 6.033342437091359056e-12
8.199999999999998181e+03 0.000000000000000000e+00
8.209999999999998181e+03 0.000000000000000000e+00
8.219999999999998181e+03 0.000000000000000000e+00
8.229999999999998181e+03 2.442425766793738758e-12
8.239999999999998181e+03 1.997654322719800535e-11
8.249999999999998181e+03 1.766723533696814174e-11
8.259999999999998181e+03 7.089165057161006913e-12
8.269999999999998181e+03 3.941997003870472447e-11
8.279999999999998181e+03 2.368788908992595214e-11
8.289999999999998181e+03 0.000000000000000000e+00
8.299999999999998181e+03 5.423896471937690460e-13
8.309999999999998181e+03 0.000000000000000000e+00
8.319999999999998181e+03 6.386353736211212904e-12
8.329999999999998181e+03 5.499404726435474123e-11
8.339999999999998181e+03 3.639949081259649548e-11
8.349999999999998181e+03 5.549430855987812102e-11
8.359999999999998181e+03 3.253416849997540151e-12
8.369999999999998181e+03 4.926060248027257136e-11
8.379999999999998181e+03 7.364999831476996378e-12
8.389999999999998181e+03 3.962826934473443717e-12
8.399999999999998181e+03 0.000000000000000000e+00
8.409999999999998181e+03 5.527744994337221380e-12
8.419999999999998181e+03 2.785360661173555037e-12
8.429999999999998181e+03 9.213271386673465595e-12
8.439999999999998181e+03 0.000000000000000000e+00
8.449999999999998181e+03 0.000000000000000000e+00
8.459999999999998181e+03 0.000000000000000000e+00
8.469999999999998181e+03 2.445899001250709745e-11
8.479999999999998181e+03 1.580491515373846776e-10
8.489999999999998181e+03 1.499760467537612381e-10
8.499999999999998181e+03 0.000000000000000000e+00
8.509999999999998181e+03 1.152812044359021158e-11
8.519999999999998181e+03 0.000000000000000000e+00
8.529999999999998181e+03 0.000000000000000000e+00
8.539999999999998181e+03 0.000000000000000000e+00
8.549999999999998181e+03 8.936927172089726122e-12
8.559999999999998181e+03 3.693911496754135215e-12
8.569999999999998181e+03 0.000000000000000000e+00
8.579999999999998181e+03 0.000000000000000000e+00
8.589999999999998181e+03 0.000000000000000000e+00
8.599999999999998181e+03 1.372618876311569278e-11
8.609999999999998181e+03 1.486087580353331409e-11
8.619999999999998181e+03 2.893959227730967929e-11
8.629999999999998181e+03 9.624809143100784561e-13
8.639999999999998181e+03 0.000000000000000000e+00
8.649999999999998181e+03 1.290030454010446224e-12
8.659999999999998181e+03 3.027135668953316882e-13
8.669999999999998181e+03 1.900478073783255866e-11
8.679999999999998181e+03 0.000000000000000000e+00
8.689999999999998181e+03 0.000000000000000000e+00
8.699999999999998181e+03 0.000000000000000000e+00
8.709999999999998181e+03 0.000000000000000000e+00
8.719999999999998181e+03 1.403342110011404230e-11
8.729999999999998181e+03 0.000000000000000000e+00
8.739999999999998181e+03 9.420805804772600824e-12
8.749999999999998181e+03 4.781771629152969579e-11
8.759999999999998181e+03 1.025445694816798430e-10
8.769999999999998181e+03 2.004710721020246041e-11
8.779999999999998181e+03 7.675574844214189231e-12
8.789999999999998181e+03 1.817573010163601421e-13
8.799999999999998181e+03 1.309900635791682675e-12
8.809999999999998181e+03 1.846448349151820723e-12
8.819999999999998181e+03 4.893984782661941818e-13
8.829999999999998181e+03 0.000000000000000000e+00
8.839999999999998181e+03 8.187619581167745373e-13
8.849999999999998181e+03 0.000000000000000000e+00
8.859999999999998181e+03 1.614759686376399335e-13
8.869999999999998181e+03 8.465050795964158549e-13
8.879999999999998181e+03 4.786465311776641076e-13
8.889999999999998181e+03 0.000000000000000000e+00
8.899999999999998181e+03 0.000000000000000000e+00
8.909999999999998181e+03 0.000000000000000000e+00
8.919999999999998181e+03 0.000000000000000000e+00
8.929999999999998181e+03 4.411180942299070433e-14
8.939999999999998181e+03 9.610775801424713080e-16
8.949999999999998181e+03 0.000000000000000000e+00
8.959999999999998181e+03 1.555052639114985964e-12
8.969999999999998181e+03 0.000000000000000000e+00
8.979999999999998181e+03 1.417753786753206524e-14
8.989999999999998181e+03 1.034660117235498561e-12
8.999999999999998181e+03 0.000000000000000000e+00
9.009999999999998181e+03 0.000000000000000000e+00
9.019999999999998181e+03 1.642059978351036251e-13
9.029999999999998181e+03 1.107079088557970786e-14
9.039999999999998181e+03 7.487279058530207915e-14
9.049999999999998181e+03 7.237231243435948553e-14
9.059999999999998181e+03 0.000000000000000000e+00
9.069999999999998181e+03 0.000000000000000000e+00
9.079999999999998181e+03 0.000000000000000000e+00
9.089999999999998181e+03 0.000000000000000000e+00
9.099999999999998181e+03 0.000000000000000000e+00
9.109999999999998181e+03 0.000000000000000000e+00
9.119999999999998181e+03 1.211042443883342337e-12
9.129999999999998181e+03 1.711744831541525122e-12
9.139999999999998181e+03 6.740786943208113143e-12
9.149999999999998181e+03 6.891500735566571674e-11
9.159999999999998181e+03 4.280001908256406392e-09
9.169999999999998181e+03 1.769061135678296973e-10
9.179999999999998181e+03 9.335905270417545310e-11
9.189999999999998181e+03 1.917354895242157632e-10
9.199999999999998181e+03 0.000000000000000000e+00
9.209999999999998181e+03 0.000000000000000000e+00
9.219999999999998181e+03 0.000000000000000000e+00
9.229999999999998181e+03 0.000000000000000000e+00
9.239999999999998181e+03 0.000000000000000000e+00
9.249999999999998181e+03 0.000000000000000000e+00
9.259999999999998181e+03 0.000000000000000000e+00
9.269999999999998181e+03 0.000000000000000000e+00
9.279999999999998181e+03 0.000000000000000000e+00
9.289999999999998181e+03 0.000000000000000000e+00
9.299999999999998181e+03 0.000000000000000000e+00
9.309999999999998181e+03 0.000000000000000000e+00
9.319999999999998181e+03 0.000000000000000000e+00
9.329999999999998181e+03 0.000000000000000000e+00
9.339999999999998181e+03 0.000000000000000000e+00
9.349999999999998181e+03 4.852061988007861667e-08
9.359999999999998181e+03 4.860305418522535246e-08
9.369999999999998181e+03 4.857372934719082281e-08
9.379999999999998181e+03 4.833666923634082868e-08
9.389999999999998181e+03 4.818769191411680379e-08
9.399999999999998181e+03 4.802106104249738989e-08
9.409999999999998181e+03 4.840887048154349650e-08
9.419999999999998181e+03 4.866606672918342856e-08
9.429999999999998181e+03 0.000000000000000000e+00
9.439999999999998181e+03 0.000000000000000000e+00
9.449999999999998181e+03 4.890280033610379876e-08
9.459999999999998181e+03 4.908891635074594420e-08
9.469999999999998181e+03 4.984850319058015223e-08
9.479999999999998181e+03 5.025130897662134837e-08
9.489999999999998181e+03 5.020682266907117650e-08
9.499999999999998181e+03 1.010565277330862447e-07
9.509999999999998181e+03 1.017721704067914914e-07
9.519999999999998181e+03 2.051221669725977949e-07
9.529999999999998181e+03 3.610849971631071221e-07
9.539999999999998181e+03 6.750167135263470739e-07
9.549999999999998181e+03 1.776211060530487128e-06
9.559999999999998181e+03 6.515608715617322151e-06
9.569999999999998181e+03 8.562149216872596614e-05
9.579999999999998181e+03 6.349963029594405512e-05
9.589999999999998181e+03 1.333872667712786129e-05
9.599999999999998181e+03 7.294111731570404333e-06
9.609999999999998181e+03 5.534769399369826859e-06
9.619999999999998181e+03 5.031690312699945722e-06
9.629999999999998181e+03 5.067012062740531117e-06
9.639999999999998181e+03 5.350647581200051161e-06
9.649999999999998181e+03 5.797170911189926166e-06
9.659999999999998181e+03 6.333017372060263101e-06
9.669999999999998181e+03 7.145472024426894205e-06
9.679999999999998181e+03 8.391715379271737107e-06
9.689999999999998181e+03 1.037860694356084119e-05
9.699999999999998181e+03 1.377811493072845004e-05
9.709999999999998181e+03 2.001817289722294022e-05
9.719999999999998181e+03 3.173903876719187862e-05
9.729999999999998181e+03 5.111177875369212614e-05
9.739999999999998181e+03 6.429660059249328228e-05
9.749999999999998181e+03 5.358410277229564529e-05
9.759999999999998181e+03 3.729110175441161109e-05
9.769999999999998181e+03 2.742093297349629903e-05
9.779999999999998181e+03 2.273968730003552227e-05
9.789999999999998181e+03 2.140228503231179872e-05
9.799999999999998181e+03 2.289979986834745170e-05
9.809999999999998181e+03 2.801758017088859507e-05
9.819999999999998181e+03 3.866521632583502902e-05
9.829999999999998181e+03 5.909884293187878638e-05
9.839999999999998181e+03 8.457650662912759125e-05
9.849999999999998181e+03 8.209310806678584110e-05
9.859999999999998181e+03 5.626608064720077019e-05
9.869999999999998181e+03 3.744614182198450179e-05
9.879999999999998181e+03 2.751496458821806425e-05
9.889999999999998181e+03 2.267098939694679516e-05
9.899999999999998181e+03 2.063792467090640162e-05
9.909999999999998181e+03 2.025587230786561762e-05
9.919999999999998181e+03 2.091694571033458184e-05
9.929999999999998181e+03 2.147727264875997158e-05
9.939999999999998181e+03 2.081842581183494594e-05
9.949999999999998181e+03 1.849801495923984534e-05
9.959999999999998181e+03 1.517492211709848097e-05
9.969999999999998181e+03 1.199294663442061746e-05
9.979999999999998181e+03 9.709784663062174479e-06
9.989999999999998181e+03 8.012827098569999393e-06
9.999999999999998181e+03 6.984198928139737891e-06
1.000999999999999818e+04 6.515480198758773045e-06
1.001999999999999818e+04 6.413787338103709787e-06
1.002999999999999818e+04 6.822723755182701414e-06
1.003999999999999818e+04 7.789697672810217677e-06
1.004999999999999818e+04 9.651981131647576522e-06
1.005999999999999818e+04 1.315397576523286782e-05
1.006999999999999818e+04 1.936084521968268655e-05
1.007999999999999818e+04 2.761485688970428362e-05
1.008999999999999818e+04 2.952610070364095724e-05
1.009999999999999818e+04 2.105196255868449761e-05
1.010999999999999818e+04 1.304820981434236742e-05
1.011999999999999818e+04 8.429769949054105393e-06
1.012999999999999818e+04 5.970107833097756664e-06
1.013999999999999818e+04 4.624389606051622343e-06
1.014999999999999818e+04 3.863412691192316836e-06
1.015999999999999818e+04 3.496759927211849431e-06
1.016999999999999818e+04 3.334973784195248320e-06
1.017999999999999818e+04 3.391251564734422979e-06
1.018999999999999818e+04 3.656542035691739377e-06
1.019999999999999818e+04 4.189351036856502685e-06
1.020999999999999818e+04 5.249688601265721383e-06
1.021999999999999818e+04 7.059518156503899187e-06
1.022999999999999818e+04 1.045632376168946476e-05
1.023999999999999818e+04 1.762304905194544529e-05
1.024999999999999818e+04 3.472500723217204549e-05
1.025999999999999818e+04 7.414375667006807221e-05
1.026999999999999818e+04 1.042616287387208331e-04
1.027999999999999818e+04 6.928033516790330635e-05
1.028999999999999818e+04 4.110161039666188391e-05
1.029999999999999818e+04 2.842498994834231918e-05
1.030999999999999818e+04 2.289564262858911973e-05
1.031999999999999818e+04 2.098928870228952077e-05
1.032999999999999818e+04 2.158628198331751779e-05
1.033999999999999818e+04 2.417171634377316474e-05
1.034999999999999818e+04 2.829993797279054091e-05
1.035999999999999818e+04 3.143214681128501199e-05
1.036999999999999818e+04 2.850520250292725737e-05
1.037999999999999818e+04 2.049294463295595634e-05
1.038999999999999818e+04 1.326443970501888962e-05
1.039999999999999818e+04 8.667515211148607522e-06
1.040999999999999818e+04 5.915605775865617740e-06
1.041999999999999818e+04 4.340282990836743295e-06
1.042999999999999818e+04 3.379597927279796587e-06
1.043999999999999818e+04 2.784280252782622135e-06
1.044999999999999818e+04 2.393014853331696607e-06
1.045999999999999818e+04 2.171756544815675810e-06
1.046999999999999818e+04 2.011923377315569060e-06
1.047999999999999818e+04 2.012248691872548226e-06
1.048999999999999818e+04 2.013863907867861004e-06
1.049999999999999818e+04 2.171162643735668205e-06
1.050999999999999818e+04 2.399931252447841525e-06
1.051999999999999818e+04 2.723935095903550181e-06
1.052999999999999818e+04 3.253067136325008698e-06
1.053999999999999818e+04 4.115225775528986486e-06
1.054999999999999818e+04 5.467273093645348324e-06
1.055999999999999818e+04 7.691032827330312674e-06
1.056999999999999818e+04 1.148196058439128146e-05
1.057999999999999818e+04 1.850545220250776930e-05
1.058999999999999818e+04 3.210722756805205853e-05
1.059999999999999818e+04 5.681484798587256265e-05
1.060999999999999818e+04 8.729703541028526023e-05
1.061999999999999818e+04 9.519620929035768305e-05
1.062999999999999818e+04 8.022423861158598467e-05
1.063999999999999818e+04 6.363658770627557111e-05
1.064999999999999818e+04 5.221630024444080332e-05
1.065999999999999818e+04 4.417149460813701395e-05
1.066999999999999818e+04 3.811062598043158577e-05
1.067999999999999818e+04 3.217983245783721254e-05
1.068999999999999818e+04 2.629971667682863443e-05
1.069999999999999818e+04 2.078215170031323572e-05
1.070999999999999818e+04 1.618710184051327602e-05
1.071999999999999818e+04 1.262456188671988592e-05
1.072999999999999818e+04 9.911246884191047751e-06
1.073999999999999818e+04 8.023857562688105382e-06
1.074999999999999818e+04 6.702798482066696022e-06
1.075999999999999818e+04 5.762680192738766087e-06
1.076999999999999818e+04 5.103269110902460120e-06
1.077999999999999818e+04 4.680840763687138425e-06
1.078999999999999818e+04 4.464078462939586723e-06
1.079999999999999818e+04 4.360803566648674187e-06
1.080999999999999818e+04 4.414102105861131942e-06
1.081999999999999818e+04 4.602518827881779280e-06
1.082999999999999818e+04 4.864912158854072695e-06
1.083999999999999818e+04 5.349464656465347084e-06
1.084999999999999818e+04 6.109400136940732550e-06
1.085999999999999818e+04 7.145727862476097417e-06
1.086999999999999818e+04 8.669269486316596147e-06
1.087999999999999818e+04 1.087906711087949640e-05
1.088999999999999818e+04 1.416726227851781796e-05
1.089999999999999818e+04 1.913348201736388382e-05
1.090999999999999818e+04 2.669875703672631686e-05
1.091999999999999818e+04 3.757244259730158087e-05
1.092999999999999818e+04 5.269280265428430855e-05
1.093999999999999818e+04 6.949082650251958216e-05
1.094999999999999818e+04 8.252668212773492786e-05
1.095999999999999818e+04 8.810596406536011960e-05
1.096999999999999818e+04 8.676830523229735702e-05
1.097999999999999818e+04 8.335120509227777791e-05
1.098999999999999818e+04 8.120301589034116855e-05
1.099999999999999818e+04 8.136142165807618086e-05
1.100999999999999818e+04 8.528534987449274795e-05
1.101999999999999818e+04 9.352217567149798171e-05
1.102999999999999818e+04 1.062742198109285931e-04
1.103999999999999818e+04 1.227905000993780688e-04
1.104999999999999818e+04 1.398492317691034706e-04
1.105999999999999818e+04 1.487992663155937329e-04
1.106999999999999818e+04 1.424685277360542165e-04
1.107999999999999818e+04 1.224733090070481982e-04
1.108999999999999818e+04 9.856349603932678587e-05
1.109999999999999818e+04 7.751479027026677801e-05
1.110999999999999818e+04 6.172714872529435519e-05
1.111999999999999818e+04 5.051964730495997420e-05
1.112999999999999818e+04 4.273401088280196462e-05
1.113999999999999818e+04 3.735619251254389663e-05
1.114999999999999818e+04 3.375365705215932407e-05
1.115999999999999818e+04 3.154534322951565436e-05
1.116999999999999818e+04 3.044273675709211670e-05
1.117999999999999818e+04 3.016667023422273469e-05
1.118999999999999818e+04 3.072620796613581172e-05
1.119999999999999818e+04 3.224017754492279066e-05
1.120999999999999818e+04 3.461826591948320345e-05
1.121999999999999818e+04 3.811045119494562865e-05
1.122999999999999818e+04 4.300889114644089998e-05
1.123999999999999818e+04 4.952923906615763717e-05
1.124999999999999818e+04 5.814748729077021854e-05
1.125999999999999818e+04 6.912217268642475033e-05
1.126999999999999818e+04 8.263962950157505919e-05
1.127999999999999818e+04 9.796051408944183756e-05
1.128999999999999818e+04 1.140574433851106049e-04
1.129999999999999818e+04 1.279643006606742239e-04
1.130999999999999818e+04 1.372855679699002622e-04
1.131999999999999818e+04 1.406322478831742104e-04
1.132999999999999818e+04 1.388005158828323150e-04
1.133999999999999818e+04 1.329348777601388227e-04
1.134999999999999818e+04 1.264973738286492074e-04
1.135999999999999818e+04 1.204234671235699771e-04
1.136999999999999818e+04 1.156262154130134433e-04
1.137999999999999818e+04 1.127806018989666498e-04
1.138999999999999818e+04 1.117617044865356658e-04
1.139999999999999818e+04 1.127254392313577761e-04
1.140999999999999818e+04 1.160559121879023745e-04
1.141999999999999818e+04 1.217898847782971727e-04
1.142999999999999818e+04 1.300367036929826682e-04
1.143999999999999818e+04 1.418268475282380545e-04
1.144999999999999818e+04 1.573924529551416155e-04
1.145999999999999818e+04 1.782866619683634189e-04
1.146999999999999818e+04 2.055090943973596261e-04
1.147999999999999818e+04 2.413851385473559004e-04
1.148999999999999818e+04 2.888523747666179990e-04
1.149999999999999818e+04 3.520070538815436422e-04
1.150999999999999818e+04 4.385017735964420542e-04
1.151999999999999818e+04 5.553381941991571364e-04
1.152999999999999818e+04 7.183141514773788792e-04
1.153999999999999818e+04 9.484319075598438053e-04
1.154999999999999818e+04 1.278937722921336681e-03
1.155999999999999818e+04 1.764241505797238454e-03
1.156999999999999818e+04 2.490690791437384644e-03
1.157999999999999818e+04 3.611420213266827110e-03
1.158999999999999818e+04 5.366840843542511341e-03
1.159999999999999818e+04 8.208233250250059065e-03
1.160999999999999818e+04 1.291724797840430351e-02
1.161999999999999818e+04 2.095233446378321623e-02
1.162999999999999818e+04 3.504312871318542716e-02
1.163999999999999818e+04 6.015176551378182551e-02
1.164999999999999818e+04 1.044456856860183913e-01
1.165999999999999818e+04 1.787889650810820241e-01
1.166999999999999818e+04 2.863220460451125216e-01
1.167999999999999818e+04 4.056152370912563532e-01
1.168999999999999818e+04 4.959803691398833592e-01
1.169999999999999818e+04 5.415915432003163277e-01
1.170999999999999818e+04 5.566274351660883690e-01
1.171999999999999818e+04 5.587003401569077266e-01
1.172999999999999818e+04 5.582435965882668327e-01
1.173999999999999818e+04 5.586290849860121588e-01
1.174999999999999818e+04 5.599517542212095744e-01
1.175999999999999818e+04 5.605392134174638219e-01
1.176999999999999818e+04 5.605246515613582226e-01
1.177999999999999818e+04 5.609209944764071976e-01
1.178999999999999818e+04 5.610708679385061348e-01
1.179999999999999818e+04 5.613235595812390288e-01
1.180999999999999818e+04 5.613896288573033688e-01
1.181999999999999818e+04 5.609529326804729710e-01
1.182999999999999818e+04 5.611840754536416842e-01
1.183999999999999818e+04 5.611268422117845489e-01
1.184999999999999818e+04 5.612744641499601839e-01
1.185999999999999818e+04 5.611624016296382633e-01
1.186999999999999818e+04 5.610978301304935245e-01
1.187999999999999818e+04 5.601942237443099382e-01
1.188999999999999818e+04 5.600934728772394289e-01
1.189999999999999818e+04 5.600969648664598788e-01
1.190999999999999818e+04 5.605799644748824528e-01
1.191999999999999818e+04 5.613924636168446947e-01
1.192999999999999818e+04 5.620605641196727564e-01
1.193999999999999818e+04 5.630885408330740249e-01
1.194999999999999818e+04 5.639367430637172163e-01
1.195999999999999818e+04 5.646953557922813616e-01
1.196999999999999818e+04 5.658865334213163401e-01
1.197999999999999818e+04 5.664856116772205574e-01
1.198999999999999818e+04 5.671609715238958849e-01
1.199999999999999818e+04 5.676522102324100816e-01
1.200999999999999818e+04 5.674602518804126028e-01
1.201999999999999818e+04 5.671594440359353229e-01
1.202999999999999818e+04 5.673933167261142607e-01
1.203999999999999818e+04 5.676769972315455215e-01
1.204999999999999818e+04 5.686709637515662275e-01
1.205999999999999818e+04 5.690771836439612041e-01
1.206999999999999818e+04 5.693061514740923590e-01
1.207999999999999818e+04 5.706059349271330738e-01
1.208999999999999818e+04 5.713287275499907558e-01
1.209999999999999818e+04 5.719318298873760087e-01
1.210999999999999818e+04 5.728238579921564044e-01
1.211999999999999818e+04 5.736386747106789752e-01
1.212999999999999818e+04 5.748507802973550351e-01
1.213999999999999818e+04 5.753897583815390515e-01
1.214999999999999818e+04 5.761441662004419539e-01
1.215999999999999818e+04 5.766527445774746186e-01
1.216999999999999818e+04 5.768323270082862386e-01
1.217999999999999818e+04 5.774284075003559558e-01
1.218999999999999818e+04 5.771981299795005960e-01
1.219999999999999818e+04 5.773444485228445000e-01
1.220999999999999818e+04 5.772482099731015559e-01
1.221999999999999818e+04 5.771498193336521698e-01
1.222999999999999818e+04 5.771624694898510599e-01
1.223999999999999818e+04 5.780176068578841697e-01
1.224999999999999818e+04 5.788548495490331014e-01
1.225999999999999818e+04 5.790757890152544718e-01
1.226999999999999818e+04 5.794802164614782924e-01
1.227999999999999818e+04 5.800414133933693428e-01
1.228999999999999818e+04 5.803443746669842973e-01
1.229999999999999818e+04 5.809497523797457763e-01
1.230999999999999818e+04 5.816239026083251940e-01
1.231999999999999818e+04 5.816831787796762354e-01
1.232999999999999818e+04 5.818979169469511437e-01
1.233999999999999818e+04 5.819360754579365747e-01
1.234999999999999818e+04 5.821864612861797905e-01
1.235999999999999818e+04 5.815344484966306071e-01
1.236999999999999818e+04 5.810912931011549265e-01
1.237999999999999818e+04 5.806145411882772667e-01
1.238999999999999818e+04 5.799827156273078543e-01
1.239999999999999818e+04 5.796203990380226490e-01
1.240999999999999818e+04 5.796777197632343448e-01
1.241999999999999818e+04 5.793585517568093923e-01
1.242999999999999818e+04 5.789452259575524895e-01
1.243999999999999818e+04 5.785764069328126480e-01
1.244999999999999818e+04 5.784787173657854886e-01
1.245999999999999818e+04 5.788706513620472949e-01
1.246999999999999818e+04 5.789408986445321315e-01
1.247999999999999818e+04 5.788399315794738875e-01
1.248999999999999818e+04 5.795544270431212119e-01
1.249999999999999818e+04 5.797385123872251800e-01
1.250999999999999818e+04 5.798304883419085343e-01
1.251999999999999818e+04 5.800573234034729353e-01
1.252999999999999818e+04 5.807816246028674190e-01
1.253999999999999818e+04 5.809151418902418484e-01
1.254999999999999818e+04 5.806173502648191986e-01
1.255999999999999818e+04 5.811318293260775425e-01
1.256999999999999818e+04 5.813341079009226586e-01
1.257999999999999818e+04 5.812094029083895164e-01
1.258999999999999818e+04 5.813457578661435088e-01
1.259999999999999818e+04 5.806427855531806070e-01
1.260999999999999818e+04 5.809871806987070286e-01
1.261999999999999818e+04 5.814003109107355183e-01
1.262999999999999818e+04 5.815952998534552609e-01
1.263999999999999818e+04 5.824858240209976890e-01
1.264999999999999818e+04 5.824006539754060796e-01
1.265999999999999818e+04 5.830660691778778437e-01
1.266999999999999818e+04 5.837400542295483330e-01
1.267999999999999818e+04 5.841817514820915047e-01
1.268999999999999818e+04 5.849725729436255905e-01
1.269999999999999818e+04 5.857140578462971536e-01
1.270999999999999818e+04 5.862469344336652677e-01
1.271999999999999818e+04 5.863433054559394897e-01
1.272999999999999818e+04 5.862975633672311560e-01
1.273999999999999818e+04 5.859452246138560083e-01
1.274999999999999818e+04 5.858729406687445129e-01
1.275999999999999818e+04 5.852758001782889519e-01
1.276999999999999818e+04 5.844402605920419047e-01
1.277999999999999818e+04 5.840064018022825820e-01
1.278999999999999818e+04 5.840712247500229326e-01
1.279999999999999818e+04 5.835672891382116534e-01
1.280999999999999818e+04 5.840282871084081506e-01
1.281999999999999818e+04 5.837466017560458686e-01
1.282999999999999818e+04 5.839474544116816102e-01
1.283999999999999818e+04 5.842814977706112245e-01
1.284999999999999818e+04 5.845404701755239074e-01
1.285999999999999818e+04 5.846395918702574912e-01
1.286999999999999818e+04 5.850429530630938402e-01
1.287999999999999818e+04 5.856169180057232415e-01
1.288999999999999818e+04 5.856165410183936659e-01
1.289999999999999818e+04 5.853121897555163544e-01
1.290999999999999818e+04 5.848149975056967653e-01
1.291999999999999818e+04 5.853261411752213039e-01
1.292999999999999818e+04 5.854387241942953235e-01
1.293999999999999818e+04 5.855612192387452675e-01
1.294999999999999818e+04 5.845402967079159628e-01
1.295999999999999818e+04 5.842772708705069595e-01
1.296999999999999818e+04 5.834928270664055949e-01
1.297999999999999818e+04 5.834596921409600512e-01
1.298999999999999818e+04 5.824378351161766387e-01
1.299999999999999818e+04 5.826592828693519799e-01
1.300999999999999818e+04 5.816486515723373607e-01
1.301999999999999818e+04 5.817151718916586667e-01
1.302999999999999818e+04 5.820901204763108128e-01
1.303999999999999818e+04 5.823751976010111964e-01
1.304999999999999818e+04 5.821066051915980699e-01
1.305999999999999818e+04 5.828699358565559985e-01
1.306999999999999818e+04 5.831718878189101618e-01
1.307999999999999818e+04 5.829693177056203268e-01
1.308999999999999818e+04 5.828540005780195044e-01
1.309999999999999818e+04 5.829087814498936648e-01
1.310999999999999818e+04 5.835461662904855018e-01
1.311999999999999818e+04 5.834990454269795013e-01
1.312999999999999818e+04 5.829449158959061350e-01
1.313999999999999818e+04 5.826093528254983056e-01
1.314999999999999818e+04 5.824454062421210443e-01
1.315999999999999818e+04 5.819546606274909051e-01
1.316999999999999818e+04 5.820093342979749673e-01
1.317999999999999818e+04 5.814278427332506549e-01
1.318999999999999818e+04 5.811932642518545800e-01
1.319999999999999818e+04 5.804754337178446022e-01
1.320999999999999818e+04 5.802086952290858024e-01
1.321999999999999818e+04 5.800489515008561137e-01
1.322999999999999818e+04 5.800297749777200140e-01
1.323999999999999818e+04 5.796173524520908948e-01
1.324999999999999818e+04 5.803263660183365369e-01
1.325999999999999818e+04 5.800363416000935413e-01
1.326999999999999818e+04 5.800714695061579551e-01
1.327999999999999818e+04 5.810190472609084722e-01
1.328999999999999818e+04 5.807420721592781998e-01
1.329999999999999818e+04 5.810288452905038037e-01
1.330999999999999818e+04 5.811597025158680152e-01
1.331999999999999818e+04 5.815165841435262495e-01
1.332999999999999818e+04 5.811573630641063692e-01
1.333999999999999818e+04 5.811628962220500849e-01
1.334999999999999818e+04 5.809877536662230169e-01
1.335999999999999818e+04 5.809223020396842019e-01
1.336999999999999818e+04 5.800087641004583183e-01
1.337999999999999818e+04 5.799565738082963495e-01
1.338999999999999818e+04 5.796978837871554768e-01
1.339999999999999818e+04 5.792278749835363394e-01
1.340999999999999818e+04 5.785964277754317431e-01
1.341999999999999818e+04 5.788613029173658164e-01
1.342999999999999818e+04 5.786839706594980592e-01
1.343999999999999818e+04 5.784744286477851993e-01
1.344999999999999818e+04 5.786701341087266970e-01
1.345999999999999818e+04 5.779683994839621697e-01
1.346999999999999818e+04 5.785957344931086377e-01
1.347999999999999818e+04 5.778043232245992922e-01
1.348999999999999818e+04 5.782119811937880272e-01
1.349999999999999818e+04 5.780541941678360995e-01
1.350999999999999818e+04 5.781531143224668545e-01
1.351999999999999818e+04 5.776910206775154322e-01
1.352999999999999818e+04 5.774096583047368947e-01
1.353999999999999818e+04 5.773527261532809263e-01
1.354999999999999818e+04 5.764000927916652639e-01
1.355999999999999818e+04 5.752976497835284864e-01
1.356999999999999818e+04 5.748506350345257143e-01
1.357999999999999818e+04 5.740028276029401910e-01
1.358999999999999818e+04 5.731439304605521201e-01
1.359999999999999818e+04 5.728978622366805995e-01
1.360999999999999818e+04 5.709711346951111821e-01
1.361999999999999818e+04 5.710303845042103976e-01
1.362999999999999818e+04 5.693843553478850072e-01
1.363999999999999818e+04 5.688108725277442046e-01
1.364999999999999818e+04 5.673284658882026266e-01
1.365999999999999818e+04 5.665611666069795271e-01
1.366999999999999818e+04 5.648842109148367596e-01
1.367999999999999818e+04 5.630343599684405342e-01
1.368999999999999818e+04 5.608334881708654240e-01
1.369999999999999818e+04 5.570429404721692901e-01
1.370999999999999818e+04 5.525050885326769912e-01
1.371999999999999818e+04 5.470569097900752631e-01
1.372999999999999818e+04 5.414652762105676143e-01
1.373999999999999818e+04 5.340984318756826221e-01
1.374999999999999818e+04 5.271148408795250928e-01
1.375999999999999818e+04 5.208136207135243279e-01
1.376999999999999818e+04 5.148471160384295864e-01
1.377999999999999818e+04 5.095891383763967442e-01
1.378999999999999818e+04 5.050942386062707845e-01
1.379999999999999818e+04 5.018524791618957925e-01
1.380999999999999818e+04 4.994244424882082201e-01
1.381999999999999818e+04 4.980799397018030872e-01
1.382999999999999818e+04 4.977139952272868206e-01
1.383999999999999818e+04 4.984522229356041501e-01
1.384999999999999818e+04 4.998617456090377886e-01
1.385999999999999818e+04 5.016885258048652263e-01
1.386999999999999818e+04 5.039313173465462814e-01
1.387999999999999818e+04 5.067781408462245230e-01
1.388999999999999818e+04 5.099222461611448987e-01
1.389999999999999818e+04 5.122632749880212666e-01
1.390999999999999818e+04 5.158395069626992013e-01
1.391999999999999818e+04 5.190633136186876273e-01
1.392999999999999818e+04 5.217563226812880206e-01
1.393999999999999818e+04 5.248678224227762978e-01
1.394999999999999818e+04 5.276104845846347757e-01
1.395999999999999818e+04 5.301329002296853998e-01
1.396999999999999818e+04 5.325911892583130580e-01
1.397999999999999818e+04 5.348700298633874972e-01
1.398999999999999818e+04 5.368797307881826297e-01
1.399999999999999818e+04 5.390079531137635938e-01
1.400999999999999818e+04 5.405022570448222430e-01
1.401999999999999818e+04 5.418068027686753219e-01
1.402999999999999818e+04 5.433583540992678040e-01
1.403999999999999818e+04 5.451059415236449990e-01
1.404999999999999818e+04 5.457499393249700681e-01
1.405999999999999818e+04 5.464537377439451227e-01
1.406999999999999818e+04 5.476485770586190238e-01
1.407999999999999818e+04 5.487911666868841021e-01
1.408999999999999818e+04 5.494590578155590377e-01
1.409999999999999818e+04 5.501885133316484211e-01
1.410999999999999818e+04 5.509592751081479056e-01
1.411999999999999818e+04 5.517279167115087812e-01
1.412999999999999818e+04 5.526407921753090369e-01
1.413999999999999818e+04 5.532107909623403819e-01
1.414999999999999818e+04 5.542051052618819362e-01
1.415999999999999818e+04 5.548468587958067522e-01
1.416999999999999818e+04 5.557651364513146452e-01
1.417999999999999818e+04 5.569129439530556835e-01
1.418999999999999818e+04 5.575831607903883880e-01
1.419999999999999818e+04 5.577401134609643041e-01
1.420999999999999818e+04 5.579507584242370255e-01
1.421999999999999818e+04 5.582576408377785127e-01
1.422999999999999818e+04 5.580216006531546480e-01
1.423999999999999818e+04 5.582604288605419462e-01
1.424999999999999818e+04 5.581695087376601361e-01
1.425999999999999818e+04 5.591516591782429435e-01
1.426999999999999818e+04 5.590571115500766464e-01
1.427999999999999818e+04 5.586017768552333784e-01
1.428999999999999818e+04 5.587519699074471324e-01
1.429999999999999818e+04 5.581987040929675681e-01
1.430999999999999818e+04 5.587110089318235717e-01
1.431999999999999818e+04 5.586537194152604302e-01
1.432999999999999818e+04 5.588339523868606218e-01
1.433999999999999818e+04 5.594994032992658406e-01
1.434999999999999818e+04 5.592392779882049414e-01
1.435999999999999818e+04 5.599052783418646539e-01
1.436999999999999818e+04 5.605356427711527534e-01
1.437999999999999818e+04 5.605987132377086013e-01
1.438999999999999818e+04 5.612426186968807462e-01
1.439999999999999818e+04 5.618445046772847506e-01
1.440999999999999818e+04 5.617657637228390399e-01
1.441999999999999818e+04 5.625976256911290330e-01
1.442999999999999818e+04 5.629804676767674598e-01
1.443999999999999818e+04 5.632873120610065731e-01
1.444999999999999818e+04 5.630905684683291668e-01
1.445999999999999818e+04 5.633425639938145491e-01
1.446999999999999818e+04 5.637739676406068323e-01
1.447999999999999818e+04 5.638988337462755851e-01
1.448999999999999818e+04 5.637541422689391624e-01
1.449999999999999818e+04 5.633894311608388383e-01
1.450999999999999818e+04 5.634838589189143931e-01
1.451999999999999818e+04 5.630510581813495952e-01
1.452999999999999818e+04 5.632088836037638657e-01
1.453999999999999818e+04 5.631053191517796375e-01
1.454999999999999818e+04 5.624377732903043103e-01
1.455999999999999818e+04 5.623455250436563135e-01
1.456999999999999818e+04 5.617738628402877410e-01
1.457999999999999818e+04 5.619567863506051975e-01
1.458999999999999818e+04 5.619877832344563062e-01
1.459999999999999818e+04 5.619274051901397282e-01
1.460999999999999818e+04 5.615558049606652613e-01
1.461999999999999818e+04 5.616241714822853837e-01
1.462999999999999818e+04 5.618641819205352217e-01
1.463999999999999818e+04 5.620427168313647526e-01
1.464999999999999818e+04 5.614971826105540353e-01
1.465999999999999818e+04 5.616205312742447164e-01
1.466999999999999818e+04 5.616715999213309773e-01
1.467999999999999818e+04 5.616709702302620233e-01
1.468999999999999818e+04 5.614605407418890026e-01
1.469999999999999818e+04 5.612613218582822583e-01
1.470999999999999818e+04 5.606827877334132904e-01
1.471999999999999818e+04 5.608769593598471603e-01
1.472999999999999818e+04 5.605067701474760744e-01
1.473999999999999818e+04 5.598343803511535155e-01
1.474999999999999818e+04 5.597147697815295642e-01
1.475999999999999818e+04 5.597473566166072390e-01
1.476999999999999818e+04 5.593661276520340842e-01
1.477999999999999818e+04 5.588847868431577881e-01
1.478999999999999818e+04 5.580434974263271952e-01
1.479999999999999818e+04 5.581358696495493099e-01
1.480999999999999818e+04 5.581689985897240192e-01
1.481999999999999818e+04 5.582159041284562306e-01
1.482999999999999818e+04 5.586330754864872183e-01
1.483999999999999818e+04 5.596201582652884365e-01
1.484999999999999818e+04 5.591132249245466257e-01
1.485999999999999818e+04 5.593332803623364269e-01
1.486999999999999818e+04 5.596159761296031210e-01
1.487999999999999818e+04 5.598277366061849003e-01
1.488999999999999818e+04 5.601380241182859487e-01
1.489999999999999818e+04 5.604301614052843439e-01
1.490999999999999818e+04 5.611979597389300523e-01
1.491999999999999818e+04 5.605184958530803341e-01
1.492999999999999818e+04 5.607916785977652419e-01
1.493999999999999818e+04 5.609038782009481139e-01
1.494999999999999818e+04 5.612260876497635609e-01
1.495999999999999818e+04 5.608882478950800721e-01
1.496999999999999818e+04 5.606285323967467038e-01
1.497999999999999818e+04 5.599250382341280918e-01
1.498999999999999818e+04 5.600829717781673489e-01
1.499999999999999818e+04 5.594679455233785292e-01
1.500999999999999818e+04 5.597729834644938895e-01
1.501999999999999818e+04 5.597047355854506412e-01
1.502999999999999818e+04 5.596058899186062696e-01
1.503999999999999818e+04 5.593538293328536026e-01
1.504999999999999818e+04 5.591789953587946727e-01
1.505999999999999818e+04 5.597556602674367277e-01
1.506999999999999818e+04 5.596017081921182967e-01
1.507999999999999818e+04 5.600291521805862427e-01
1.508999999999999818e+04 5.599089837314730200e-01
1.509999999999999818e+04 5.603510878601343226e-01
1.510999999999999818e+04 5.604967289090090343e-01
1.511999999999999818e+04 5.607785108285814335e-01
1.512999999999999818e+04 5.614507006215611051e-01
1.513999999999999818e+04 5.615386811340415951e-01
1.514999999999999818e+04 5.612079042945348206e-01
1.515999999999999818e+04 5.615441950708626173e-01
1.516999999999999818e+04 5.616739780836128570e-01
1.517999999999999818e+04 5.614944249576429014e-01
1.518999999999999818e+04 5.614124420971928764e-01
1.519999999999999818e+04 5.604521104728231728e-01
1.520999999999999818e+04 5.596825545316875816e-01
1.521999999999999818e+04 5.602747597593414897e-01
1.522999999999999818e+04 5.592601655539963801e-01
1.523999999999999818e+04 5.588391243108513651e-01
1.524999999999999818e+04 5.585185410533706207e-01
1.525999999999999818e+04 5.579836344516124758e-01
1.526999999999999818e+04 5.579952242361881920e-01
1.527999999999999818e+04 5.576846898232519223e-01
1.528999999999999818e+04 5.574949120051536644e-01
1.529999999999999818e+04 5.572764436354655793e-01
1.530999999999999818e+04 5.574568360378526766e-01
1.531999999999999818e+04 5.573153115494644538e-01
1.532999999999999818e+04 5.580455302395598283e-01
1.533999999999999818e+04 5.575548364962169545e-01
1.534999999999999818e+04 5.577705931308325482e-01
1.535999999999999636e+04 5.584917523041472709e-01
1.536999999999999636e+04 5.574400654980203873e-01
1.537999999999999636e+04 5.568406615632572887e-01
1.538999999999999636e+04 5.566643025068418460e-01
1.539999999999999636e+04 5.560070238604899462e-01
1.540999999999999636e+04 5.562438732152615861e-01
1.541999999999999636e+04 5.552975213608138949e-01
1.542999999999999636e+04 5.550742195780765664e-01
1.543999999999999636e+04 5.544086423687045739e-01
1.544999999999999636e+04 5.538614425584026391e-01
1.545999999999999636e+04 5.537951076538493167e-01
1.546999999999999636e+04 5.538877341578160030e-01
1.547999999999999636e+04 5.539902606165664212e-01
1.548999999999999636e+04 5.535867864936782068e-01
1.549999999999999636e+04 5.536802461019549870e-01
1.550999999999999636e+04 5.542804828757280644e-01
1.551999999999999636e+04 5.539791830968930908e-01
1.552999999999999636e+04 5.550965281846124144e-01
1.553999999999999636e+04 5.552861919546190350e-01
1.554999999999999636e+04 5.545253068910142025e-01
1.555999999999999636e+04 5.541457721827731664e-01
1.556999999999999636e+04 5.543142633852281564e-01
1.557999999999999636e+04 5.541749753556091118e-01
1.558999999999999636e+04 5.538532983858457381e-01
1.559999999999999636e+04 5.541284581778506135e-01
1.560999999999999636e+04 5.535507569602702294e-01
1.561999999999999636e+04 5.540815803278317242e-01
1.562999999999999636e+04 5.546160911684150374e-01
1.563999999999999636e+04 5.546246172485690407e-01
1.564999999999999636e+04 5.532825353546252378e-01
1.565999999999999636e+04 5.482952642856110392e-01
1.566999999999999636e+04 5.365181922736408371e-01
1.567999999999999636e+04 5.148956610347011909e-01
1.568999999999999636e+04 4.804075031701069975e-01
1.569999999999999636e+04 4.320114175648071542e-01
1.570999999999999636e+04 3.722617727534465737e-01
1.571999999999999636e+04 3.067705307468647780e-01
1.572999999999999636e+04 2.431085177970133959e-01
1.573999999999999636e+04 1.871604144648982282e-01
1.574999999999999636e+04 1.413533623547046092e-01
1.575999999999999636e+04 1.053957942534489295e-01
1.576999999999999636e+04 7.837273268957423156e-02
1.577999999999999636e+04 5.842884176559166171e-02
1.578999999999999636e+04 4.373473476789981745e-02
1.579999999999999636e+04 3.295036822444029345e-02
1.580999999999999636e+04 2.502895499444594135e-02
1.581999999999999636e+04 1.916731241402712393e-02
1.582999999999999636e+04 1.481745918692235590e-02
1.583999999999999636e+04 1.155728926264272018e-02
1.584999999999999636e+04 9.102551674026220646e-03
1.585999999999999636e+04 7.218510095037999202e-03
1.586999999999999636e+04 5.773129023313452839e-03
1.587999999999999636e+04 4.653016566681641986e-03
1.588999999999999636e+04 3.778380938844372924e-03
1.589999999999999636e+04 3.089505358065256033e-03
1.590999999999999636e+04 2.546456436768668001e-03
1.591999999999999636e+04 2.110494020301226063e-03
1.592999999999999636e+04 1.762110944972397316e-03
1.593999999999999636e+04 1.479162218927601103e-03
1.594999999999999636e+04 1.249079725734635743e-03
1.595999999999999636e+04 1.060841882942450791e-03
1.596999999999999636e+04 9.059942366302818021e-04
1.597999999999999636e+04 7.777291692350708427e-04
1.598999999999999636e+04 6.715649991126655758e-04
1.599999999999999636e+04 5.828994600369641474e-04
1.600999999999999636e+04 5.082956096109503405e-04
1.601999999999999636e+04 4.448883665761879701e-04
1.602999999999999636e+04 3.916283190847724238e-04
1.603999999999999636e+04 3.462144332331192086e-04
1.604999999999999636e+04 3.074177612259604005e-04
1.605999999999999636e+04 2.744006094391889493e-04
1.606999999999999636e+04 2.454563681292318126e-04
1.607999999999999636e+04 2.208655875498227261e-04
1.608999999999999636e+04 1.993246885712078554e-04
1.609999999999999636e+04 1.806230776472478252e-04
1.610999999999999636e+04 1.643174026327290837e-04
1.611999999999999636e+04 1.500975096840518773e-04
1.612999999999999636e+04 1.376427707328444026e-04
1.613999999999999636e+04 1.266961387877967471e-04
1.614999999999999636e+04 1.171409264496304787e-04
1.615999999999999636e+04 1.085717742698214764e-04
1.616999999999999636e+04 1.009689579578284049e-04
1.617999999999999636e+04 9.424351972589276017e-05
1.618999999999999636e+04 8.829974068187960198e-05
1.619999999999999636e+04 8.306790838923828340e-05
1.620999999999999636e+04 7.843643926872726055e-05
1.621999999999999636e+04 7.417706714644181328e-05
1.622999999999999636e+04 7.042694644773355968e-05
1.623999999999999636e+04 6.717918241545013777e-05
1.624999999999999636e+04 6.425058996077888179e-05
1.625999999999999636e+04 6.161276677595085816e-05
1.626999999999999636e+04 5.932398084802479758e-05
1.627999999999999636e+04 5.727724055259167450e-05
1.628999999999999636e+04 5.559462505138803169e-05
1.629999999999999636e+04 5.399123475967177702e-05
1.630999999999999636e+04 5.274215120473462327e-05
1.631999999999999636e+04 5.158444995755609083e-05
1.632999999999999636e+04 5.062933755134601155e-05
1.633999999999999636e+04 4.986259365424694756e-05
1.634999999999999636e+04 4.930513791139581420e-05
1.635999999999999636e+04 4.890925068212213697e-05
1.636999999999999636e+04 4.865930115928970877e-05
1.637999999999999636e+04 4.860716374298296925e-05
1.638999999999999636e+04 4.868059436194880610e-05
1.639999999999999636e+04 4.903167401586564102e-05
1.640999999999999636e+04 4.943425616895704024e-05
1.641999999999999636e+04 4.997820140533240223e-05
1.642999999999999636e+04 5.081222455119641774e-05
1.643999999999999636e+04 5.178392185241171636e-05
1.644999999999999636e+04 5.300600544934643238e-05
1.645999999999999636e+04 5.431816001417652789e-05
1.646999999999999636e+04 5.584871143404046789e-05
1.647999999999999636e+04 5.781086349922179616e-05
1.648999999999999636e+04 5.984408875667888468e-05
1.649999999999999636e+04 6.230521711224167166e-05
1.650999999999999636e+04 6.493412215790293242e-05
1.651999999999999636e+04 6.791999868395213005e-05
1.652999999999999636e+04 7.121733396810458778e-05
1.653999999999999636e+04 7.500751684833293969e-05
1.654999999999999636e+04 7.905849026425768586e-05
1.655999999999999636e+04 8.350512222760265351e-05
1.656999999999999636e+04 8.841296502575081765e-05
1.657999999999999636e+04 9.376738044439643014e-05
1.658999999999999636e+04 9.945094436029282368e-05
1.659999999999999636e+04 1.055484104874147567e-04
1.660999999999999636e+04 1.119101675017743366e-04
1.661999999999999636e+04 1.184299696884259784e-04
1.662999999999999636e+04 1.251084919989602312e-04
1.663999999999999636e+04 1.317139701331534346e-04
1.664999999999999636e+04 1.381016915761871166e-04
1.665999999999999636e+04 1.440195198059903293e-04
1.666999999999999636e+04 1.493061117812932975e-04
1.667999999999999636e+04 1.537988236333653338e-04
1.668999999999999636e+04 1.573682146934891305e-04
1.669999999999999636e+04 1.597511289333359002e-04
1.670999999999999636e+04 1.608837067474480382e-04
1.671999999999999636e+04 1.610216218438639878e-04
1.672999999999999636e+04 1.600129018644983500e-04
1.673999999999999636e+04 1.581133120227969319e-04
1.674999999999999636e+04 1.555368808347954118e-04
1.675999999999999636e+04 1.524669658840747618e-04
1.676999999999999636e+04 1.487835473630900898e-04
1.677999999999999636e+04 1.449723104894091606e-04
1.678999999999999636e+04 1.412361244426391777e-04
1.679999999999999636e+04 1.373949945707559045e-04
1.680999999999999636e+04 1.337517202948806396e-04
1.681999999999999636e+04 1.304208305303587213e-04
1.682999999999999636e+04 1.274548214758944049e-04
1.683999999999999636e+04 1.247751627039773905e-04
1.684999999999999636e+04 1.224774779470775177e-04
1.685999999999999636e+04 1.203740438568140373e-04
1.686999999999999636e+04 1.186793898247381294e-04
1.687999999999999636e+04 1.174708466146536385e-04
1.688999999999999636e+04 1.166273761047747045e-04
1.689999999999999636e+04 1.161106746842693340e-04
1.690999999999999636e+04 1.159450833711705650e-04
1.691999999999999636e+04 1.163228601808526011e-04
1.692999999999999636e+04 1.171467728364804868e-04
1.693999999999999636e+04 1.180503030930754143e-04
1.694999999999999636e+04 1.194713989208158228e-04
1.695999999999999636e+04 1.212027799413871188e-04
1.696999999999999636e+04 1.231934558634102911e-04
1.697999999999999636e+04 1.256240506537591704e-04
1.698999999999999636e+04 1.286144793506964099e-04
1.699999999999999636e+04 1.315347537852867301e-04
1.700999999999999636e+04 1.348516134344849714e-04
1.701999999999999636e+04 1.382746483448724702e-04
1.702999999999999636e+04 1.418126011057613614e-04
1.703999999999999636e+04 1.456840037115889345e-04
1.704999999999999636e+04 1.494939636413948158e-04
1.705999999999999636e+04 1.531274627498586136e-04
1.706999999999999636e+04 1.565025935704976987e-04
1.707999999999999636e+04 1.596099332272216109e-04
1.708999999999999636e+04 1.623689345264525078e-04
1.709999999999999636e+04 1.646342295276818099e-04
1.710999999999999636e+04 1.660702956170952973e-04
1.711999999999999636e+04 1.670079519082320299e-04
1.712999999999999636e+04 1.669524546515541944e-04
1.713999999999999636e+04 1.663271763863823560e-04
1.714999999999999636e+04 1.654446839868385188e-04
1.715999999999999636e+04 1.632651215987055001e-04
1.716999999999999636e+04 1.607879899760208280e-04
1.717999999999999636e+04 1.579869271575790794e-04
1.718999999999999636e+04 1.547050703263637547e-04
1.719999999999999636e+04 1.510191009128429270e-04
1.720999999999999636e+04 1.474860292972747879e-04
1.721999999999999636e+04 1.436564227924648648e-04
1.722999999999999636e+04 1.400078375046231506e-04
1.723999999999999636e+04 1.365085939806316630e-04
1.724999999999999636e+04 1.332146582122016370e-04
1.725999999999999636e+04 1.300446574247388109e-04
1.726999999999999636e+04 1.270633991017224408e-04
1.727999999999999636e+04 1.244531060343853288e-04
1.728999999999999636e+04 1.220942413495334578e-04
1.729999999999999636e+04 1.201500800980625480e-04
1.730999999999999636e+04 1.184651306814857996e-04
1.731999999999999636e+04 1.171645835688083534e-04
1.732999999999999636e+04 1.161786880161431063e-04
1.733999999999999636e+04 1.154535409263628322e-04
1.734999999999999636e+04 1.150579120028043511e-04
1.735999999999999636e+04 1.149906342087470104e-04
1.736999999999999636e+04 1.152856749070900992e-04
1.737999999999999636e+04 1.159345066825577861e-04
1.738999999999999636e+04 1.168568013768174111e-04
1.739999999999999636e+04 1.180668184429555970e-04
1.740999999999999636e+04 1.194445752067785740e-04
1.741999999999999636e+04 1.213782042687506390e-04
1.742999999999999636e+04 1.233952367595482665e-04
1.743999999999999636e+04 1.260010137266150750e-04
1.744999999999999636e+04 1.286369485315543059e-04
1.745999999999999636e+04 1.312895750948054729e-04
1.746999999999999636e+04 1.344084770970977274e-04
1.747999999999999636e+04 1.379455504025451772e-04
1.748999999999999636e+04 1.411023065658543996e-04
1.749999999999999636e+04 1.445083575241855561e-04
1.750999999999999636e+04 1.475942319730670540e-04
1.751999999999999636e+04 1.510786878931559497e-04
1.752999999999999636e+04 1.539272552469569987e-04
1.753999999999999636e+04 1.566613720103050714e-04
1.754999999999999636e+04 1.590677173246413231e-04
1.755999999999999636e+04 1.610740453847642347e-04
1.756999999999999636e+04 1.624211979171778406e-04
1.757999999999999636e+04 1.631451754225303810e-04
1.758999999999999636e+04 1.633177089731513811e-04
1.759999999999999636e+04 1.628731592889414500e-04
1.760999999999999636e+04 1.621254461393108214e-04
1.761999999999999636e+04 1.602295049048813730e-04
1.762999999999999636e+04 1.584842299255300542e-04
1.763999999999999636e+04 1.558715147818203871e-04
1.764999999999999636e+04 1.533987580372592760e-04
1.765999999999999636e+04 1.501610764383050952e-04
1.766999999999999636e+04 1.471593025915480689e-04
1.767999999999999636e+04 1.440948765643191426e-04
1.768999999999999636e+04 1.410354397413919483e-04
1.769999999999999636e+04 1.376445219114861955e-04
1.770999999999999636e+04 1.345899404637892918e-04
1.771999999999999636e+04 1.317792737806305718e-04
1.772999999999999636e+04 1.293691272674042170e-04
1.773999999999999636e+04 1.271041615332518435e-04
1.774999999999999636e+04 1.248086250499940103e-04
1.775999999999999636e+04 1.230371949829488080e-04
1.776999999999999636e+04 1.213596470965928637e-04
1.777999999999999636e+04 1.200982703924147990e-04
1.778999999999999636e+04 1.190075159999534257e-04
1.779999999999999636e+04 1.183134001715834688e-04
1.780999999999999636e+04 1.179153128525723922e-04
1.781999999999999636e+04 1.177297146315521331e-04
1.782999999999999636e+04 1.177735772032125253e-04
1.783999999999999636e+04 1.182237924804109341e-04
1.784999999999999636e+04 1.188534820128036895e-04
1.785999999999999636e+04 1.198871967081051803e-04
1.786999999999999636e+04 1.212232895779289928e-04
1.787999999999999636e+04 1.227706857296080708e-04
1.788999999999999636e+04 1.244807196250351808e-04
1.789999999999999636e+04 1.264960319255328044e-04
1.790999999999999636e+04 1.286361492018215584e-04
1.791999999999999636e+04 1.309539277723313503e-04
1.792999999999999636e+04 1.336720009690246823e-04
1.793999999999999636e+04 1.362361636297507010e-04
1.794999999999999636e+04 1.392091774823130275e-04
1.795999999999999636e+04 1.417494393559745765e-04
1.796999999999999636e+04 1.445152749622077956e-04
1.797999999999999636e+04 1.468214054552703196e-04
1.798999999999999636e+04 1.494060211633953218e-04
1.799999999999999636e+04 1.513289539902656889e-04
1.800999999999999636e+04 1.530728598903031415e-04
1.801999999999999636e+04 1.546003651102031832e-04
1.802999999999999636e+04 1.558074073905155762e-04
1.803999999999999636e+04 1.559515406337917069e-04
1.804999999999999636e+04 1.558658664595302494e-04
1.805999999999999636e+04 1.550928186000881176e-04
1.806999999999999636e+04 1.541470944245302741e-04
1.807999999999999636e+04 1.528463718846161123e-04
1.808999999999999636e+04 1.507229108843245627e-04
1.809999999999999636e+04 1.484484458182280635e-04
1.810999999999999636e+04 1.458483795812406968e-04
1.811999999999999636e+04 1.430283891243211577e-04
1.812999999999999636e+04 1.400996003532365807e-04
1.813999999999999636e+04 1.370380246497394689e-04
1.814999999999999636e+04 1.340382679419319133e-04
1.815999999999999636e+04 1.309973466546892403e-04
1.816999999999999636e+04 1.280674623081969250e-04
1.817999999999999636e+04 1.253836243758428733e-04
1.818999999999999636e+04 1.228032795474595857e-04
1.819999999999999636e+04 1.204218015325028907e-04
1.820999999999999636e+04 1.180995520785571410e-04
1.821999999999999636e+04 1.161065105630566384e-04
1.822999999999999636e+04 1.144960874137139722e-04
1.823999999999999636e+04 1.129949857708628425e-04
1.824999999999999636e+04 1.116655229054330469e-04
1.825999999999999636e+04 1.108906497146718782e-04
1.826999999999999636e+04 1.102220993629503520e-04
1.827999999999999636e+04 1.099272387066824110e-04
1.828999999999999636e+04 1.096174587350712417e-04
1.829999999999999636e+04 1.096272858638347051e-04
1.830999999999999636e+04 1.102288983886431841e-04
1.831999999999999636e+04 1.109487648868084139e-04
1.832999999999999636e+04 1.120935152815166595e-04
1.833999999999999636e+04 1.133465120565427383e-04
1.834999999999999636e+04 1.149862170889298131e-04
1.835999999999999636e+04 1.167570335089732319e-04
1.836999999999999636e+04 1.188523576923935062e-04
1.837999999999999636e+04 1.213714458088880835e-04
1.838999999999999636e+04 1.239226171760328518e-04
1.839999999999999636e+04 1.269047543146470435e-04
1.840999999999999636e+04 1.302678010980472918e-04
1.841999999999999636e+04 1.335804322807776392e-04
1.842999999999999636e+04 1.371754601965950650e-04
1.843999999999999636e+04 1.409081018283399496e-04
1.844999999999999636e+04 1.446917710358380555e-04
1.845999999999999636e+04 1.483149876982707766e-04
1.846999999999999636e+04 1.522234432040542632e-04
1.847999999999999636e+04 1.560362648826076775e-04
1.848999999999999636e+04 1.593018839450629099e-04
1.849999999999999636e+04 1.626918395485488092e-04
1.850999999999999636e+04 1.655796953609419038e-04
1.851999999999999636e+04 1.677550339124778426e-04
1.852999999999999636e+04 1.692186533774642254e-04
1.853999999999999636e+04 1.701888036627248197e-04
1.854999999999999636e+04 1.705985069879553293e-04
1.855999999999999636e+04 1.701914244710331218e-04
1.856999999999999636e+04 1.690322925215855714e-04
1.857999999999999636e+04 1.675680194628606230e-04
1.858999999999999636e+04 1.652285854950635759e-04
1.859999999999999636e+04 1.624304887925448525e-04
1.860999999999999636e+04 1.594607829646983331e-04
1.861999999999999636e+04 1.560348931078344499e-04
1.862999999999999636e+04 1.525668420625456438e-04
1.863999999999999636e+04 1.486551725665659416e-04
1.864999999999999636e+04 1.449040214384339346e-04
1.865999999999999636e+04 1.412645244579590709e-04
1.866999999999999636e+04 1.374826665069701893e-04
1.867999999999999636e+04 1.336568740284078721e-04
1.868999999999999636e+04 1.304169732553001700e-04
1.869999999999999636e+04 1.273807500711860330e-04
1.870999999999999636e+04 1.243172160520045568e-04
1.871999999999999636e+04 1.217145982514959436e-04
1.872999999999999636e+04 1.192079633567446359e-04
1.873999999999999636e+04 1.171503341937656936e-04
1.874999999999999636e+04 1.156728463859683643e-04
1.875999999999999636e+04 1.141763124830931655e-04
1.876999999999999636e+04 1.127892107647705252e-04
1.877999999999999636e+04 1.119174424375936344e-04
1.878999999999999636e+04 1.113533108916914082e-04
1.879999999999999636e+04 1.109531837443373246e-04
1.880999999999999636e+04 1.106944153541759742e-04
1.881999999999999636e+04 1.108433569071049944e-04
1.882999999999999636e+04 1.113571132607667571e-04
1.883999999999999636e+04 1.121982417617176320e-04
1.884999999999999636e+04 1.131529811627213585e-04
1.885999999999999636e+04 1.145491503309636915e-04
1.886999999999999636e+04 1.161016127821889288e-04
1.887999999999999636e+04 1.179704736138431008e-04
1.888999999999999636e+04 1.198806234510797948e-04
1.889999999999999636e+04 1.221451169556971245e-04
1.890999999999999636e+04 1.248964800127470170e-04
1.891999999999999636e+04 1.278368709716642710e-04
1.892999999999999636e+04 1.309737299504797753e-04
1.893999999999999636e+04 1.343054896692963580e-04
1.894999999999999636e+04 1.378327915434799896e-04
1.895999999999999636e+04 1.413400472183458227e-04
1.896999999999999636e+04 1.447773573217900085e-04
1.897999999999999636e+04 1.480975133936969414e-04
1.898999999999999636e+04 1.515974933074605059e-04
1.899999999999999636e+04 1.552679393601636858e-04
1.900999999999999636e+04 1.582446472633424633e-04
1.901999999999999636e+04 1.610435390356273143e-04
1.902999999999999636e+04 1.634566935425283134e-04
1.903999999999999636e+04 1.653032372425141262e-04
1.904999999999999636e+04 1.667986837029615532e-04
1.905999999999999636e+04 1.676265590214447870e-04
1.906999999999999636e+04 1.677633229392864230e-04
1.907999999999999636e+04 1.674260647264179706e-04
1.908999999999999636e+04 1.662847159500254975e-04
1.909999999999999636e+04 1.645214306941812123e-04
1.910999999999999636e+04 1.623460419106317919e-04
1.911999999999999636e+04 1.593299586584262073e-04
1.912999999999999636e+04 1.565243868245651444e-04
1.913999999999999636e+04 1.531920873444040006e-04
1.914999999999999636e+04 1.495469275300739267e-04
1.915999999999999636e+04 1.460087529704870294e-04
1.916999999999999636e+04 1.422304370804140696e-04
1.917999999999999636e+04 1.385597604913244951e-04
1.918999999999999636e+04 1.347607966624626873e-04
1.919999999999999636e+04 1.313204131009553899e-04
1.920999999999999636e+04 1.280704202090982425e-04
1.921999999999999636e+04 1.248103291308872234e-04
1.922999999999999636e+04 1.218223661262730033e-04
1.923999999999999636e+04 1.188535973807188076e-04
1.924999999999999636e+04 1.165630190255092109e-04
1.925999999999999636e+04 1.145115520601249653e-04
1.926999999999999636e+04 1.124878852434589089e-04
1.927999999999999636e+04 1.104039124664226985e-04
1.928999999999999636e+04 1.091410005672605846e-04
1.929999999999999636e+04 1.080280842793488431e-04
1.930999999999999636e+04 1.072602452637326628e-04
1.931999999999999636e+04 1.065614466021254646e-04
1.932999999999999636e+04 1.059699575971992776e-04
1.933999999999999636e+04 1.061031734328529962e-04
1.934999999999999636e+04 1.059664384997672940e-04
1.935999999999999636e+04 1.063516980405507755e-04
1.936999999999999636e+04 1.068123127973699758e-04
1.937999999999999636e+04 1.077950874025924679e-04
1.938999999999999636e+04 1.089535621361461967e-04
1.939999999999999636e+04 1.102895171360278889e-04
1.940999999999999636e+04 1.120405253294016069e-04
1.941999999999999636e+04 1.140252826621779997e-04
1.942999999999999636e+04 1.161283455735351300e-04
1.943999999999999636e+04 1.186740767682318767e-04
1.944999999999999636e+04 1.213884061868110035e-04
1.945999999999999636e+04 1.245149145363717836e-04
1.946999999999999636e+04 1.278880366427133245e-04
1.947999999999999636e+04 1.314640129889198359e-04
1.948999999999999636e+04 1.351576221486637574e-04
1.949999999999999636e+04 1.392117673710453480e-04
1.950999999999999636e+04 1.430533796896392136e-04
1.951999999999999636e+04 1.475073075162930652e-04
1.952999999999999636e+04 1.516175315210835709e-04
1.953999999999999636e+04 1.557249988631473478e-04
1.954999999999999636e+04 1.600743622069397470e-04
1.955999999999999636e+04 1.636946009408359742e-04
1.956999999999999636e+04 1.673982801776888283e-04
1.957999999999999636e+04 1.707960544192711684e-04
1.958999999999999636e+04 1.736364199835282497e-04
1.959999999999999636e+04 1.755137448170915999e-04
1.960999999999999636e+04 1.769072718175884219e-04
1.961999999999999636e+04 1.780696317592254648e-04
1.962999999999999636e+04 1.782791018102966216e-04
1.963999999999999636e+04 1.774520272500117711e-04
1.964999999999999636e+04 1.760632713407489264e-04
1.965999999999999636e+04 1.742740922887733087e-04
1.966999999999999636e+04 1.717200266358893110e-04
1.967999999999999636e+04 1.688258162110293982e-04
1.968999999999999636e+04 1.650321996417214096e-04
1.969999999999999636e+04 1.613709849927843934e-04
1.970999999999999636e+04 1.575269239350793327e-04
1.971999999999999636e+04 1.533415033732600746e-04
1.972999999999999636e+04 1.491283063766076769e-04
1.973999999999999636e+04 1.452874360288609055e-04
1.974999999999999636e+04 1.409335013525094622e-04
1.975999999999999636e+04 1.374284856243064329e-04
1.976999999999999636e+04 1.337560069354883823e-04
1.977999999999999636e+04 1.299415723849401262e-04
1.978999999999999636e+04 1.267010721926221386e-04
1.979999999999999636e+04 1.236294320503097727e-04
1.980999999999999636e+04 1.209026247368454423e-04
1.981999999999999636e+04 1.185739685234427386e-04
1.982999999999999636e+04 1.161650530260203252e-04
1.983999999999999636e+04 1.141764550642211543e-04
1.984999999999999636e+04 1.123596031440941031e-04
1.985999999999999636e+04 1.109506155867191724e-04
1.986999999999999636e+04 1.095901934284568312e-04
1.987999999999999636e+04 1.084947342600116332e-04
1.988999999999999636e+04 1.076689293679775815e-04
1.989999999999999636e+04 1.072084966998001126e-04
1.990999999999999636e+04 1.070500324462780455e-04
1.991999999999999636e+04 1.068614207126572090e-04
1.992999999999999636e+04 1.072605130675522426e-04
1.993999999999999636e+04 1.076461660492965516e-04
1.994999999999999636e+04 1.082029988702439422e-04
1.995999999999999636e+04 1.090915497377147579e-04
1.996999999999999636e+04 1.102408607228826310e-04
1.997999999999999636e+04 1.116142216000460581e-04
1.998999999999999636e+04 1.130799436905706397e-04
1.999999999999999636e+04 1.150740732269138071e-04
2.000999999999999636e+04 1.170569798869590075e-04
2.001999999999999636e+04 1.192756263324617377e-04
2.002999999999999636e+04 1.214567675447576615e-04
2.003999999999999636e+04 1.242765753292653086e-04
2.004999999999999636e+04 1.268126271016432015e-04
2.005999999999999636e+04 1.297881753078519056e-04
2.006999999999999636e+04 1.327570202088742635e-04
2.007999999999999636e+04 1.359698537505191727e-04
2.008999999999999636e+04 1.391428669710700796e-04
2.009999999999999636e+04 1.422890383285507613e-04
2.010999999999999636e+04 1.452679390506889101e-04
2.011999999999999636e+04 1.480785718587375563e-04
2.012999999999999636e+04 1.509899416070416874e-04
2.013999999999999636e+04 1.536898786582698256e-04
2.014999999999999636e+04 1.561241173801428215e-04
2.015999999999999636e+04 1.580138374357824825e-04
2.016999999999999636e+04 1.596017118213708817e-04
2.017999999999999636e+04 1.605772632154906811e-04
2.018999999999999636e+04 1.611128955250670639e-04
2.019999999999999636e+04 1.610509985185342525e-04
2.020999999999999636e+04 1.606973022845709738e-04
2.021999999999999636e+04 1.598648937702016064e-04
2.022999999999999636e+04 1.584403638167888775e-04
2.023999999999999636e+04 1.566005099043242879e-04
2.024999999999999636e+04 1.545888142919168995e-04
2.025999999999999636e+04 1.518269268325969775e-04
2.026999999999999636e+04 1.488566211303780061e-04
2.027999999999999636e+04 1.461711691013710423e-04
2.028999999999999636e+04 1.430521812610895918e-04
2.029999999999999636e+04 1.398762376037692475e-04
2.030999999999999636e+04 1.365124533686144434e-04
2.031999999999999636e+04 1.332507600937437643e-04
2.032999999999999636e+04 1.302097856835037707e-04
2.033999999999999636e+04 1.272027587719384075e-04
2.034999999999999636e+04 1.242336716429287612e-04
2.035999999999999636e+04 1.215846154453392161e-04
2.036999999999999636e+04 1.187186787289322128e-04
2.037999999999999636e+04 1.163523337033144659e-04
2.038999999999999636e+04 1.142593710470986095e-04
2.039999999999999636e+04 1.121116826097639043e-04
2.040999999999999636e+04 1.102175686144543550e-04
2.041999999999999636e+04 1.086537202597546889e-04
2.042999999999999636e+04 1.074795585938396461e-04
2.043999999999999636e+04 1.060458388915290696e-04
2.044999999999999636e+04 1.052335459819326387e-04
2.045999999999999636e+04 1.041673289688281378e-04
2.046999999999999636e+04 1.035104998960753841e-04
2.047999999999999636e+04 1.033378976551005098e-04
2.048999999999999636e+04 1.031461798796832292e-04
2.049999999999999636e+04 1.030692571558846927e-04
2.050999999999999636e+04 1.035262372588983032e-04
2.051999999999999636e+04 1.040492211251613870e-04
2.052999999999999636e+04 1.047053361986509580e-04
2.053999999999999636e+04 1.056656617471149218e-04
2.054999999999999636e+04 1.067773638317663886e-04
2.055999999999999636e+04 1.079909829716193176e-04
2.056999999999999636e+04 1.095924909666006034e-04
2.057999999999999636e+04 1.111592670062490037e-04
2.058999999999999636e+04 1.128886736637688733e-04
2.059999999999999636e+04 1.152147645715500044e-04
2.060999999999999636e+04 1.177950947536274631e-04
2.061999999999999636e+04 1.198969377608519952e-04
2.062999999999999636e+04 1.227710512059845827e-04
2.063999999999999636e+04 1.257681230602382481e-04
2.064999999999999636e+04 1.286501137612523543e-04
2.065999999999999636e+04 1.317014610056991555e-04
2.066999999999999636e+04 1.351739468882923450e-04
2.067999999999999636e+04 1.382705273392443094e-04
2.068999999999999636e+04 1.414623581673116139e-04
2.069999999999999636e+04 1.445876389182172456e-04
2.070999999999999636e+04 1.469988914067351738e-04
2.071999999999999636e+04 1.499347412975412326e-04
2.072999999999999636e+04 1.521332933775921192e-04
2.073999999999999636e+04 1.540104130696304187e-04
2.074999999999999636e+04 1.561981970729423540e-04
2.075999999999999636e+04 1.570304152272570977e-04
2.076999999999999636e+04 1.574456239683707679e-04
2.077999999999999636e+04 1.578139215735686798e-04
2.078999999999999636e+04 1.562914640295563686e-04
2.079999999999999636e+04 1.553523297003097910e-04
2.080999999999999636e+04 1.536490726969795182e-04
2.081999999999999636e+04 1.512664350376701384e-04
2.082999999999999636e+04 1.485238268244402004e-04
2.083999999999999636e+04 1.449855616610224687e-04
2.084999999999999636e+04 1.417818941240073943e-04
2.085999999999999636e+04 1.375593748209828066e-04
2.086999999999999636e+04 1.334084948332919980e-04
2.087999999999999636e+04 1.295252896253116528e-04
2.088999999999999636e+04 1.251087144235779364e-04
2.089999999999999636e+04 1.208923031964973622e-04
2.090999999999999636e+04 1.164877197713058417e-04
2.091999999999999636e+04 1.126133363826576234e-04
2.092999999999999636e+04 1.085611157937132744e-04
2.093999999999999636e+04 1.050951547128959598e-04
2.094999999999999636e+04 1.012730565065754918e-04
2.095999999999999636e+04 9.779622721820358606e-05
2.096999999999999636e+04 9.448728127874871107e-05
2.097999999999999636e+04 9.155060885573190700e-05
2.098999999999999636e+04 8.990940533273450842e-05
2.099999999999999636e+04 0.000000000000000000e+00
