3.639999999999999545e+03 0.000000000000000000e+00
3.649999999999999545e+03 6.106469136573750112e-18
3.659999999999999545e+03 0.000000000000000000e+00
3.669999999999999545e+03 0.000000000000000000e+00
3.679999999999999545e+03 0.000000000000000000e+00
3.689999999999999545e+03 0.000000000000000000e+00
3.699999999999999545e+03 0.000000000000000000e+00
3.709999999999999545e+03 0.000000000000000000e+00
3.719999999999999545e+03 0.000000000000000000e+00
3.729999999999999545e+03 0.000000000000000000e+00
3.739999999999999545e+03 0.000000000000000000e+00
3.749999999999999545e+03 0.000000000000000000e+00
3.759999999999999545e+03 0.000000000000000000e+00
3.769999999999999545e+03 0.000000000000000000e+00
3.779999999999999545e+03 0.000000000000000000e+00
3.789999999999999545e+03 0.000000000000000000e+00
3.799999999999999545e+03 0.000000000000000000e+00
3.809999999999999545e+03 0.000000000000000000e+00
3.819999999999999545e+03 0.000000000000000000e+00
3.829999999999999545e+03 0.000000000000000000e+00
3.839999999999999091e+03 0.000000000000000000e+00
3.849999999999999091e+03 0.000000000000000000e+00
3.859999999999999091e+03 1.789946462390625194e-11
3.869999999999999091e+03 2.667920079767687952e-12
3.879999999999999091e+03 0.000000000000000000e+00
3.889999999999999091e+03 0.000000000000000000e+00
3.899999999999999091e+03 1.280630377755750172e-12
3.909999999999999091e+03 0.000000000000000000e+00
3.919999999999999091e+03 0.000000000000000000e+00
3.929999999999999091e+03 0.000000000000000000e+00
3.939999999999999091e+03 0.000000000000000000e+00
3.949999999999999091e+03 0.000000000000000000e+00
3.959999999999999091e+03 1.090868606972900096e-12
3.969999999999999091e+03 3.974875246583499618e-13
3.979999999999999091e+03 1.411331783413825191e-13
3.989999999999999091e+03 0.000000000000000000e+00
3.999999999999999091e+03 0.000000000000000000e+00
4.009999999999999091e+03 7.406264070543624548e-14
4.019999999999999091e+03 2.064261710453250182e-13
4.029999999999999091e+03 9.266393109668626234e-14
4.039999999999999091e+03 3.124170772065000162e-13
4.049999999999999091e+03 3.089754569731200036e-14
4.059999999999999091e+03 5.512577233708124934e-15
4.069999999999999091e+03 2.239562566920787838e-13
4.079999999999999091e+03 2.069712426174094133e-13
4.089999999999999091e+03 8.223065796897437996e-14
4.099999999999999091e+03 0.000000000000000000e+00
4.109999999999999091e+03 0.000000000000000000e+00
4.119999999999999091e+03 0.000000000000000000e+00
4.129999999999999091e+03 0.000000000000000000e+00
4.139999999999999091e+03 0.000000000000000000e+00
4.149999999999999091e+03 0.000000000000000000e+00
4.159999999999999091e+03 0.000000000000000000e+00
4.169999999999999091e+03 0.000000000000000000e+00
4.179999999999999091e+03 0.000000000000000000e+00
4.189999999999999091e+03 0.000000000000000000e+00
4.199999999999999091e+03 0.000000000000000000e+00
4.209999999999999091e+03 0.000000000000000000e+00
4.219999999999999091e+03 0.000000000000000000e+00
4.229999999999999091e+03 0.000000000000000000e+00
4.239999999999999091e+03 0.000000000000000000e+00
4.249999999999999091e+03 0.000000000000000000e+00
4.259999999999999091e+03 0.000000000000000000e+00
4.269999999999999091e+03 0.000000000000000000e+00
4.279999999999999091e+03 0.000000000000000000e+00
4.289999999999999091e+03 0.000000000000000000e+00
4.299999999999999091e+03 0.000000000000000000e+00
4.309999999999999091e+03 1.031209716128418812e-13
4.319999999999999091e+03 1.470536804095012510e-14
4.329999999999999091e+03 1.451802434503924977e-14
4.339999999999999091e+03 8.983772724702125119e-14
4.349999999999999091e+03 2.143443518695193745e-13
4.359999999999999091e+03 2.126697153396375296e-14
4.369999999999999091e+03 4.218958182007406220e-13
4.379999999999999091e+03 1.307793268857941206e-13
4.389999999999999091e+03 1.370841173559690252e-12
4.399999999999999091e+03 1.745912249796198899e-13
4.409999999999999091e+03 8.150099491293812468e-12
4.419999999999999091e+03 0.000000000000000000e+00
4.429999999999999091e+03 0.000000000000000000e+00
4.439999999999999091e+03 0.000000000000000000e+00
4.449999999999999091e+03 0.000000000000000000e+00
4.459999999999999091e+03 0.000000000000000000e+00
4.469999999999999091e+03 0.000000000000000000e+00
4.479999999999999091e+03 2.496010929477913845e-11
4.489999999999999091e+03 0.000000000000000000e+00
4.499999999999999091e+03 0.000000000000000000e+00
4.509999999999999091e+03 5.603647059079007995e-11
4.519999999999999091e+03 7.868444919224278379e-12
4.529999999999999091e+03 0.000000000000000000e+00
4.539999999999999091e+03 0.000000000000000000e+00
4.549999999999999091e+03 0.000000000000000000e+00
4.559999999999999091e+03 0.000000000000000000e+00
4.569999999999999091e+03 0.000000000000000000e+00
4.579999999999999091e+03 2.212909030652731487e-11
4.589999999999999091e+03 0.000000000000000000e+00
4.599999999999999091e+03 0.000000000000000000e+00
4.609999999999999091e+03 5.323645383801412741e-09
4.619999999999999091e+03 1.380986008249114464e-09
4.629999999999999091e+03 7.233633685457024471e-09
4.639999999999999091e+03 0.000000000000000000e+00
4.649999999999999091e+03 0.000000000000000000e+00
4.659999999999999091e+03 0.000000000000000000e+00
4.669999999999999091e+03 0.000000000000000000e+00
4.679999999999999091e+03 0.000000000000000000e+00
4.689999999999999091e+03 1.099556590729253992e-09
4.699999999999999091e+03 4.482974862218029823e-09
4.709999999999999091e+03 6.401875672433290664e-08
4.719999999999999091e+03 2.647815885854963370e-09
4.729999999999999091e+03 0.000000000000000000e+00
4.739999999999999091e+03 4.877403096170547881e-08
4.749999999999999091e+03 1.654124069559801409e-08
4.759999999999999091e+03 9.441577185732212744e-08
4.769999999999999091e+03 2.483922249377441245e-07
4.779999999999999091e+03 2.792773579485893303e-07
4.789999999999999091e+03 6.163050363722412332e-06
4.799999999999999091e+03 2.520640448065519515e-06
4.809999999999999091e+03 1.942792663817424930e-06
4.819999999999999091e+03 3.979482829885342601e-06
4.829999999999999091e+03 9.198731486617094194e-07
4.839999999999999091e+03 1.851205721353998475e-07
4.849999999999999091e+03 2.226984032603369589e-07
4.859999999999999091e+03 4.658898976604145376e-07
4.869999999999999091e+03 4.615028294101531409e-07
4.879999999999999091e+03 5.504216641434307119e-07
4.889999999999999091e+03 3.114307515566790407e-08
4.899999999999999091e+03 9.200534705058794801e-09
4.909999999999999091e+03 1.607234370192561224e-08
4.919999999999999091e+03 4.158035394404140968e-08
4.929999999999999091e+03 1.411963090364358089e-07
4.939999999999999091e+03 1.870807510457154562e-07
4.949999999999999091e+03 9.498921059005743800e-07
4.959999999999999091e+03 9.803688909267095053e-07
4.969999999999999091e+03 7.302502327501632010e-07
4.979999999999999091e+03 2.857624927616083770e-07
4.989999999999999091e+03 2.393517256797063992e-07
4.999999999999999091e+03 1.611928522803815891e-07
5.009999999999999091e+03 7.211507386677598261e-08
5.019999999999999091e+03 1.092424074075966222e-07
5.029999999999999091e+03 9.549012605832700363e-08
5.039999999999999091e+03 1.233944870195212964e-07
5.049999999999999091e+03 1.443855962166902816e-08
5.059999999999999091e+03 3.352326834949481399e-09
5.069999999999999091e+03 2.408641555826703399e-09
5.079999999999999091e+03 4.765752321381363089e-09
5.089999999999999091e+03 2.896036544812682546e-09
5.099999999999999091e+03 4.971284383537346994e-10
5.109999999999999091e+03 2.135593000370151112e-10
5.119999999999999091e+03 9.155967341054940774e-10
5.129999999999999091e+03 4.769420167060840950e-10
5.139999999999999091e+03 1.104921646953860301e-09
5.149999999999999091e+03 1.412050778216679476e-08
5.159999999999999091e+03 1.177351981574116520e-08
5.169999999999999091e+03 1.844863951372852259e-08
5.179999999999999091e+03 5.907126659325885914e-09
5.189999999999999091e+03 1.268602814180894501e-09
5.199999999999999091e+03 1.220701438730169541e-09
5.209999999999999091e+03 1.180062153228163971e-09
5.219999999999999091e+03 6.269378498155946050e-10
5.229999999999999091e+03 6.857965117027185280e-10
5.239999999999999091e+03 2.534641077334855189e-09
5.249999999999999091e+03 1.997404626412113416e-08
5.259999999999999091e+03 8.414503043591040170e-09
5.269999999999999091e+03 2.108232213047753408e-08
5.279999999999999091e+03 2.890291996393641185e-09
5.289999999999999091e+03 2.873639434409811679e-09
5.299999999999999091e+03 1.168912451756087529e-08
5.309999999999999091e+03 6.132546823689265633e-10
5.319999999999999091e+03 5.688410181431535085e-10
5.329999999999999091e+03 4.863475676530764837e-09
5.339999999999999091e+03 2.458864032183690941e-09
5.349999999999999091e+03 7.171346954849281319e-10
5.359999999999999091e+03 2.116468134888655593e-09
5.369999999999999091e+03 2.449633370074018879e-09
5.379999999999999091e+03 4.188777900794112865e-10
5.389999999999999091e+03 2.007814611994658344e-09
5.399999999999999091e+03 1.372637729315020004e-10
5.409999999999999091e+03 1.135236842270527610e-11
5.419999999999999091e+03 7.903328004876281477e-12
5.429999999999999091e+03 4.610542703941300549e-12
5.439999999999999091e+03 1.058875263504034614e-11
5.449999999999999091e+03 1.256067230090181281e-11
5.459999999999999091e+03 4.731871203442250118e-13
5.469999999999999091e+03 1.250097915517499996e-13
5.479999999999999091e+03 1.275189478062500147e-13
5.489999999999999091e+03 1.253567094882375137e-13
5.499999999999999091e+03 5.636026153834999269e-15
5.509999999999999091e+03 4.957686079762937258e-15
5.519999999999999091e+03 7.895367698531251557e-14
5.529999999999999091e+03 5.325675871258750781e-15
5.539999999999999091e+03 2.785619713957500340e-15
5.549999999999999091e+03 3.199474920613124984e-15
5.559999999999999091e+03 0.000000000000000000e+00
5.569999999999999091e+03 0.000000000000000000e+00
5.579999999999999091e+03 0.000000000000000000e+00
5.589999999999999091e+03 0.000000000000000000e+00
5.599999999999999091e+03 0.000000000000000000e+00
5.609999999999999091e+03 0.000000000000000000e+00
5.619999999999999091e+03 0.000000000000000000e+00
5.629999999999999091e+03 0.000000000000000000e+00
5.639999999999999091e+03 0.000000000000000000e+00
5.649999999999999091e+03 2.124449456272500224e-15
5.659999999999999091e+03 4.151053778943750337e-15
5.669999999999999091e+03 0.000000000000000000e+00
5.679999999999999091e+03 0.000000000000000000e+00
5.689999999999999091e+03 2.655828307453125013e-15
5.699999999999999091e+03 1.193156575077249827e-14
5.709999999999999091e+03 1.277337537413437597e-14
5.719999999999999091e+03 3.094724436654374947e-15
5.729999999999999091e+03 0.000000000000000000e+00
5.739999999999999091e+03 0.000000000000000000e+00
5.749999999999999091e+03 0.000000000000000000e+00
5.759999999999999091e+03 4.235838779375000533e-16
5.769999999999999091e+03 2.293734020681250285e-16
5.779999999999999091e+03 2.801971829262375331e-16
5.789999999999999091e+03 6.935335335180000560e-16
5.799999999999999091e+03 1.411067236202750166e-15
5.809999999999999091e+03 2.788898164705624910e-14
5.819999999999999091e+03 1.781988778643500636e-15
5.829999999999999091e+03 3.639725796210000165e-16
5.839999999999999091e+03 0.000000000000000000e+00
5.849999999999999091e+03 6.742993483957500302e-16
5.859999999999999091e+03 3.372730362365000867e-15
5.869999999999999091e+03 7.966905884581875351e-14
5.879999999999999091e+03 1.433325725714750206e-13
5.889999999999999091e+03 2.395092142550624939e-13
5.899999999999999091e+03 3.369145626000000308e-13
5.909999999999999091e+03 1.424356369537500001e-13
5.919999999999999091e+03 9.743174882831250368e-14
5.929999999999999091e+03 2.873090420130000469e-13
5.939999999999999091e+03 9.979355897713125159e-13
5.949999999999999091e+03 2.137030054617500562e-12
5.959999999999999091e+03 7.899495195095000792e-12
5.969999999999999091e+03 1.653043546634374897e-11
5.979999999999999091e+03 1.196225842577500105e-11
5.989999999999999091e+03 1.029880396989499949e-11
5.999999999999999091e+03 1.209841693429687546e-11
6.009999999999999091e+03 2.449483870015000314e-11
6.019999999999999091e+03 1.201939625818749965e-11
6.029999999999999091e+03 1.097087074817124959e-11
6.039999999999999091e+03 7.902526455451250517e-12
6.049999999999999091e+03 4.274706474604999904e-12
6.059999999999999091e+03 1.474875795626187465e-12
6.069999999999999091e+03 9.396555884624999029e-13
6.079999999999999091e+03 3.899445654746249994e-13
6.089999999999999091e+03 1.160213636998500136e-13
6.099999999999999091e+03 2.122868583360000377e-13
6.109999999999999091e+03 6.885856424308751567e-14
6.119999999999999091e+03 3.716456054049375387e-13
6.129999999999999091e+03 1.078396916519125157e-12
6.139999999999999091e+03 2.038470676436249977e-12
6.149999999999999091e+03 5.859895265700000094e-12
6.159999999999999091e+03 1.397200464965375231e-11
6.169999999999999091e+03 1.549991354588250006e-11
6.179999999999999091e+03 9.588540299926876938e-12
6.189999999999999091e+03 8.755545640590001127e-12
6.199999999999999091e+03 3.609401818155000250e-12
6.209999999999999091e+03 3.805756586025625058e-12
6.219999999999999091e+03 1.310437042402250241e-11
6.229999999999999091e+03 3.207448350828750202e-11
6.239999999999999091e+03 3.198455449137812647e-11
6.249999999999999091e+03 1.774221544795000017e-11
6.259999999999999091e+03 7.437004518181875856e-12
6.269999999999999091e+03 8.057709500347501603e-12
6.279999999999999091e+03 5.175007969215001538e-12
6.289999999999999091e+03 1.714170299169999912e-12
6.299999999999999091e+03 1.199180984024625203e-12
6.309999999999999091e+03 2.150010274820625199e-12
6.319999999999999091e+03 2.635362504991124634e-12
6.329999999999999091e+03 2.650911369439374910e-12
6.339999999999999091e+03 1.956670472478750114e-12
6.349999999999999091e+03 1.227219366738750058e-12
6.359999999999999091e+03 1.084864577359500082e-12
6.369999999999999091e+03 2.267106008470625259e-12
6.379999999999999091e+03 3.499040598690000310e-12
6.389999999999999091e+03 9.378316478588751313e-12
6.399999999999999091e+03 2.893948866197812410e-11
6.409999999999999091e+03 4.595952210031874973e-11
6.419999999999999091e+03 1.341490917241999920e-11
6.429999999999999091e+03 1.026970911782375074e-11
6.439999999999999091e+03 8.254860415777500889e-12
6.449999999999999091e+03 7.460457565531249910e-12
6.459999999999999091e+03 1.075335955750000045e-11
6.469999999999999091e+03 1.859474117865000055e-11
6.479999999999999091e+03 3.598135272137437641e-11
6.489999999999999091e+03 4.023970440335124995e-11
6.499999999999999091e+03 4.332878644526250032e-11
6.509999999999999091e+03 5.418088617532500361e-11
6.519999999999999091e+03 5.265454000100000716e-11
6.529999999999999091e+03 4.608861538076250095e-11
6.539999999999999091e+03 5.884586614620001199e-11
6.549999999999999091e+03 5.050997956917500763e-11
6.559999999999999091e+03 4.391260437243749969e-11
6.569999999999999091e+03 2.745989136089062926e-11
6.579999999999999091e+03 1.864842827236375252e-11
6.589999999999999091e+03 1.259505254826000376e-11
6.599999999999999091e+03 1.446921866307750015e-11
6.609999999999999091e+03 9.425498025929999653e-12
6.619999999999999091e+03 4.227219038369250991e-12
6.629999999999999091e+03 5.192118152550000763e-12
6.639999999999999091e+03 2.167287313313937858e-12
6.649999999999999091e+03 0.000000000000000000e+00
6.659999999999999091e+03 2.011639489651750225e-12
6.669999999999999091e+03 2.846744899445562450e-12
6.679999999999999091e+03 2.432935993223750603e-12
6.689999999999999091e+03 7.082573759655625092e-12
6.699999999999999091e+03 7.412897533523125076e-12
6.709999999999999091e+03 6.782531926865625173e-12
6.719999999999999091e+03 7.014692948917500032e-12
6.729999999999999091e+03 9.616250273787501152e-12
6.739999999999999091e+03 8.327125211833749177e-12
6.749999999999999091e+03 2.575071798136250283e-12
6.759999999999999091e+03 8.994114551187501713e-13
6.769999999999999091e+03 1.597076775481250139e-12
6.779999999999999091e+03 1.035319054485624900e-12
6.789999999999999091e+03 1.298916837579375083e-12
6.799999999999999091e+03 8.756769728700000588e-13
6.809999999999999091e+03 2.412843811070000031e-13
6.819999999999999091e+03 3.803871639203125414e-14
6.829999999999999091e+03 1.072572466704375029e-14
6.839999999999999091e+03 1.116315679059875285e-13
6.849999999999999091e+03 3.442313628796875307e-13
6.859999999999999091e+03 9.286369224750625693e-15
6.869999999999999091e+03 1.917708723497437611e-13
6.879999999999999091e+03 1.164309267236062676e-12
6.889999999999999091e+03 2.482488514773749874e-13
6.899999999999999091e+03 1.493793456750000000e-12
6.909999999999999091e+03 0.000000000000000000e+00
6.919999999999999091e+03 3.075742976486250174e-12
6.929999999999999091e+03 6.058771971175000496e-12
6.939999999999999091e+03 1.857292963966125360e-11
6.949999999999999091e+03 4.667684499108750545e-11
6.959999999999999091e+03 4.056126302402125278e-11
6.969999999999999091e+03 7.206993505635000963e-11
6.979999999999999091e+03 1.219409506822500003e-10
6.989999999999999091e+03 9.197092613073749674e-11
6.999999999999999091e+03 7.554234495049375233e-11
7.009999999999999091e+03 5.980914012819375588e-11
7.019999999999999091e+03 6.098696788975000294e-11
7.029999999999999091e+03 2.071901273362375062e-11
7.039999999999999091e+03 1.557084604195312539e-11
7.049999999999999091e+03 1.865027839163999964e-11
7.059999999999999091e+03 6.487936004759999559e-12
7.069999999999999091e+03 7.625040976196875162e-12
7.079999999999999091e+03 2.029249948862500272e-12
7.089999999999999091e+03 1.221456896096062691e-12
7.099999999999999091e+03 3.127049219710500723e-12
7.109999999999999091e+03 4.847196165142188139e-12
7.119999999999999091e+03 0.000000000000000000e+00
7.129999999999999091e+03 7.679651966962500888e-13
7.139999999999999091e+03 0.000000000000000000e+00
7.149999999999999091e+03 3.244682806491000433e-12
7.159999999999999091e+03 0.000000000000000000e+00
7.169999999999999091e+03 3.284903490214063057e-12
7.179999999999999091e+03 6.637342903380000667e-12
7.189999999999999091e+03 4.950157395404376061e-12
7.199999999999999091e+03 1.735580020188000153e-11
7.209999999999999091e+03 1.829576907766125205e-11
7.219999999999999091e+03 2.038499440844999981e-12
7.229999999999999091e+03 9.861090612187499697e-12
7.239999999999999091e+03 7.475407348237500699e-12
7.249999999999999091e+03 1.221145256240000192e-11
7.259999999999999091e+03 3.414516707682499906e-13
7.269999999999999091e+03 5.998657688703750029e-13
7.279999999999999091e+03 1.154524825272000018e-12
7.289999999999999091e+03 4.705224234558751165e-13
7.299999999999999091e+03 4.702888190306250952e-13
7.309999999999999091e+03 6.875107952501250186e-12
7.319999999999999091e+03 1.130755222328375118e-11
7.329999999999999091e+03 0.000000000000000000e+00
7.339999999999999091e+03 8.596464233358749069e-13
7.349999999999999091e+03 0.000000000000000000e+00
7.359999999999999091e+03 1.276636528104000130e-11
7.369999999999999091e+03 2.554893741939000102e-12
7.379999999999999091e+03 5.078598790230000050e-12
7.389999999999999091e+03 5.993662013692500083e-12
7.399999999999999091e+03 2.280673193799875195e-11
7.409999999999999091e+03 1.839211564805999863e-11
7.419999999999999091e+03 0.000000000000000000e+00
7.429999999999999091e+03 1.537407011295750136e-11
7.439999999999999091e+03 4.462037020490000201e-11
7.449999999999999091e+03 4.044532081566374414e-11
7.459999999999999091e+03 1.556417951928000139e-11
7.469999999999999091e+03 2.163143622412499963e-12
7.479999999999999091e+03 7.404753647681250391e-12
7.489999999999999091e+03 0.000000000000000000e+00
7.499999999999999091e+03 1.972411188329750055e-13
7.509999999999999091e+03 6.982741268650000727e-12
7.519999999999999091e+03 0.000000000000000000e+00
7.529999999999999091e+03 5.670082772151875984e-13
7.539999999999999091e+03 8.073728381775000635e-12
7.549999999999999091e+03 0.000000000000000000e+00
7.559999999999999091e+03 3.007548676518750543e-12
7.569999999999999091e+03 6.941469697671251644e-12
7.579999999999999091e+03 0.000000000000000000e+00
7.589999999999999091e+03 3.220143023440000553e-13
7.599999999999999091e+03 2.075929167705750055e-12
7.609999999999999091e+03 4.706142771960000344e-13
7.619999999999999091e+03 3.649985966721937492e-12
7.629999999999999091e+03 9.025740842299999392e-13
7.639999999999999091e+03 0.000000000000000000e+00
7.649999999999999091e+03 0.000000000000000000e+00
7.659999999999999091e+03 0.000000000000000000e+00
7.669999999999999091e+03 1.464158336185124970e-13
7.679999999999998181e+03 0.000000000000000000e+00
7.689999999999998181e+03 0.000000000000000000e+00
7.699999999999998181e+03 3.273348178952250527e-12
7.709999999999998181e+03 4.211875939118750352e-13
7.719999999999998181e+03 0.000000000000000000e+00
7.729999999999998181e+03 3.250651994395312684e-13
7.739999999999998181e+03 1.460962048048999851e-12
7.749999999999998181e+03 0.000000000000000000e+00
7.759999999999998181e+03 4.339062735218750331e-13
7.769999999999998181e+03 2.434284366575250385e-13
7.779999999999998181e+03 0.000000000000000000e+00
7.789999999999998181e+03 1.827150185451937691e-11
7.799999999999998181e+03 1.236054460147500115e-11
7.809999999999998181e+03 2.267910329046250298e-11
7.819999999999998181e+03 6.343316066080000113e-11
7.829999999999998181e+03 2.168073890018749832e-11
7.839999999999998181e+03 4.727647657005000233e-12
7.849999999999998181e+03 0.000000000000000000e+00
7.859999999999998181e+03 4.979506098008749906e-13
7.869999999999998181e+03 3.099069928031875437e-12
7.879999999999998181e+03 8.887041463125000083e-12
7.889999999999998181e+03 6.716808194249999883e-12
7.899999999999998181e+03 0.000000000000000000e+00
7.909999999999998181e+03 4.154154043798063451e-12
7.919999999999998181e+03 7.191840893523126017e-12
7.929999999999998181e+03 0.000000000000000000e+00
7.939999999999998181e+03 0.000000000000000000e+00
7.949999999999998181e+03 2.160350670940875054e-12
7.959999999999998181e+03 5.486823563165000581e-12
7.969999999999998181e+03 7.209048759123749194e-12
7.979999999999998181e+03 1.483524608678000550e-11
7.989999999999998181e+03 2.364983218338562227e-11
7.999999999999998181e+03 2.486825497858625005e-11
8.009999999999998181e+03 8.931184742845814072e-12
8.019999999999998181e+03 5.035237345383202023e-12
8.029999999999998181e+03 1.786519272219656262e-12
8.039999999999998181e+03 3.464474902842876463e-12
8.049999999999998181e+03 1.009689336946796322e-11
8.059999999999998181e+03 0.000000000000000000e+00
8.069999999999998181e+03 3.751756726211949135e-12
8.079999999999998181e+03 6.569616897900809333e-12
8.089999999999998181e+03 4.833015081504795587e-12
8.099999999999998181e+03 0.000000000000000000e+00
8.109999999999998181e+03 0.000000000000000000e+00
8.119999999999998181e+03 7.356264839717616661e-11
8.129999999999998181e+03 6.667846341999017109e-11
8.139999999999998181e+03 8.105595643896719368e-11
8.149999999999998181e+03 3.867477145043299879e-12
8.159999999999998181e+03 0.000000000000000000e+00
8.169999999999998181e+03 1.488807684611837572e-12
8.179999999999998181e+03 0.000000000000000000e+00
8.189999999999998181e+03 9.843034079824283176e-13
8.199999999999998181e+03 0.000000000000000000e+00
8.209999999999998181e+03 0.000000000000000000e+00
8.219999999999998181e+03 0.000000000000000000e+00
8.229999999999998181e+03 4.622173856202951971e-12
8.239999999999998181e+03 1.512238741504540425e-11
8.249999999999998181e+03 1.392282235175796033e-11
8.259999999999998181e+03 3.139821954579353619e-12
8.269999999999998181e+03 6.568681722962569922e-11
8.279999999999998181e+03 1.000363270464012429e-10
8.289999999999998181e+03 0.000000000000000000e+00
8.299999999999998181e+03 1.392368391485906229e-12
8.309999999999998181e+03 0.000000000000000000e+00
8.319999999999998181e+03 2.118490566494522906e-11
8.329999999999998181e+03 1.498148484554921463e-11
8.339999999999998181e+03 3.395987536037274050e-11
8.349999999999998181e+03 8.957793580830109984e-11
8.359999999999998181e+03 9.158741827697959884e-12
8.369999999999998181e+03 6.632725880997312233e-11
8.379999999999998181e+03 2.444546916219954761e-12
8.389999999999998181e+03 7.730679734506439606e-13
8.399999999999998181e+03 0.000000000000000000e+00
8.409999999999998181e+03 2.446969422741815602e-12
8.419999999999998181e+03 7.305249511091048802e-12
8.429999999999998181e+03 4.885583775857487035e-12
8.439999999999998181e+03 0.000000000000000000e+00
8.449999999999998181e+03 0.000000000000000000e+00
8.459999999999998181e+03 0.000000000000000000e+00
8.469999999999998181e+03 9.789750118422804176e-11
8.479999999999998181e+03 1.168715329145973037e-10
8.489999999999998181e+03 4.634007645780638350e-11
8.499999999999998181e+03 0.000000000000000000e+00
8.509999999999998181e+03 4.080785291993024205e-11
8.519999999999998181e+03 0.000000000000000000e+00
8.529999999999998181e+03 7.203211733206395189e-12
8.539999999999998181e+03 4.820695977598696488e-12
8.549999999999998181e+03 2.046676613129510763e-11
8.559999999999998181e+03 9.499169539197602757e-12
8.569999999999998181e+03 0.000000000000000000e+00
8.579999999999998181e+03 0.000000000000000000e+00
8.589999999999998181e+03 0.000000000000000000e+00
8.599999999999998181e+03 3.616157295449085347e-11
8.609999999999998181e+03 2.007478582830718193e-11
8.619999999999998181e+03 4.542419851549111559e-11
8.629999999999998181e+03 7.436393600248665760e-13
8.639999999999998181e+03 0.000000000000000000e+00
8.649999999999998181e+03 1.053005183920666041e-11
8.659999999999998181e+03 1.316376423153541554e-11
8.669999999999998181e+03 9.980843490514065311e-12
8.679999999999998181e+03 0.000000000000000000e+00
8.689999999999998181e+03 0.000000000000000000e+00
8.699999999999998181e+03 0.000000000000000000e+00
8.709999999999998181e+03 0.000000000000000000e+00
8.719999999999998181e+03 2.765551332310689565e-11
8.729999999999998181e+03 0.000000000000000000e+00
8.739999999999998181e+03 1.994832432705646555e-11
8.749999999999998181e+03 1.945739214480204407e-11
8.759999999999998181e+03 9.292661097474008611e-11
8.769999999999998181e+03 2.854939836989876118e-11
8.779999999999998181e+03 5.532492011960871643e-12
8.789999999999998181e+03 6.157844128071492160e-13
8.799999999999998181e+03 1.699954871835386335e-12
8.809999999999998181e+03 3.346268055528029579e-12
8.819999999999998181e+03 2.397528397196263709e-13
8.829999999999998181e+03 2.293149297647923922e-13
8.839999999999998181e+03 7.830522937408332514e-13
8.849999999999998181e+03 0.000000000000000000e+00
8.859999999999998181e+03 2.516988264259000449e-13
8.869999999999998181e+03 2.274645046433668724e-12
8.879999999999998181e+03 2.998111009431022011e-12
8.889999999999998181e+03 0.000000000000000000e+00
8.899999999999998181e+03 0.000000000000000000e+00
8.909999999999998181e+03 0.000000000000000000e+00
8.919999999999998181e+03 0.000000000000000000e+00
8.929999999999998181e+03 4.946486581089962872e-13
8.939999999999998181e+03 4.732819094771464764e-13
8.949999999999998181e+03 0.000000000000000000e+00
8.959999999999998181e+03 2.706521375503242113e-13
8.969999999999998181e+03 0.000000000000000000e+00
8.979999999999998181e+03 2.736583448121230097e-12
8.989999999999998181e+03 1.140952064375110486e-12
8.999999999999998181e+03 8.721755359545789506e-14
9.009999999999998181e+03 9.939392674553318682e-14
9.019999999999998181e+03 1.571976606107919454e-13
9.029999999999998181e+03 5.295599194166735034e-14
9.039999999999998181e+03 1.501692476940203069e-13
9.049999999999998181e+03 1.082586073456366816e-13
9.059999999999998181e+03 0.000000000000000000e+00
9.069999999999998181e+03 0.000000000000000000e+00
9.079999999999998181e+03 0.000000000000000000e+00
9.089999999999998181e+03 0.000000000000000000e+00
9.099999999999998181e+03 0.000000000000000000e+00
9.109999999999998181e+03 0.000000000000000000e+00
9.119999999999998181e+03 4.886613980523874758e-12
9.129999999999998181e+03 9.559289868750206269e-12
9.139999999999998181e+03 3.882494987322899662e-11
9.149999999999998181e+03 3.539788372353670274e-10
9.159999999999998181e+03 2.226215074383002210e-08
9.169999999999998181e+03 9.340212968091504225e-10
9.179999999999998181e+03 5.115253532195326902e-10
9.189999999999998181e+03 1.063526226452629848e-09
9.199999999999998181e+03 0.000000000000000000e+00
9.209999999999998181e+03 0.000000000000000000e+00
9.219999999999998181e+03 0.000000000000000000e+00
9.229999999999998181e+03 0.000000000000000000e+00
9.239999999999998181e+03 0.000000000000000000e+00
9.249999999999998181e+03 0.000000000000000000e+00
9.259999999999998181e+03 0.000000000000000000e+00
9.269999999999998181e+03 0.000000000000000000e+00
9.279999999999998181e+03 0.000000000000000000e+00
9.289999999999998181e+03 0.000000000000000000e+00
9.299999999999998181e+03 0.000000000000000000e+00
9.309999999999998181e+03 0.000000000000000000e+00
9.319999999999998181e+03 0.000000000000000000e+00
9.329999999999998181e+03 0.000000000000000000e+00
9.339999999999998181e+03 0.000000000000000000e+00
9.349999999999998181e+03 4.835341655598859163e-08
9.359999999999998181e+03 4.854602682736728911e-08
9.369999999999998181e+03 4.859195591664638791e-08
9.379999999999998181e+03 4.841115370174385576e-08
9.389999999999998181e+03 4.837884870912675589e-08
9.399999999999998181e+03 4.833034046145914825e-08
9.409999999999998181e+03 4.881597005947218388e-08
9.419999999999998181e+03 4.916187482879799546e-08
9.429999999999998181e+03 0.000000000000000000e+00
9.439999999999998181e+03 0.000000000000000000e+00
9.449999999999998181e+03 4.954773122070987786e-08
9.459999999999998181e+03 4.975792648984801830e-08
9.469999999999998181e+03 5.044136619729498946e-08
9.479999999999998181e+03 5.076812606410823341e-08
9.489999999999998181e+03 5.064637550260958404e-08
9.499999999999998181e+03 1.018193602515372224e-07
9.509999999999998181e+03 1.023741367591661080e-07
9.519999999999998181e+03 2.060172287788216133e-07
9.529999999999998181e+03 3.618943120150544139e-07
9.539999999999998181e+03 6.761466915411309592e-07
9.549999999999998181e+03 1.780166067030607283e-06
9.559999999999998181e+03 6.528614298302023613e-06
9.569999999999998181e+03 8.570597796999508656e-05
9.579999999999998181e+03 6.354976328612527462e-05
9.589999999999998181e+03 1.334618624555541156e-05
9.599999999999998181e+03 7.297680652757625377e-06
9.609999999999998181e+03 5.538657365922222622e-06
9.619999999999998181e+03 5.033954229181254340e-06
9.629999999999998181e+03 5.065168664586699121e-06
9.639999999999998181e+03 5.349341215579704984e-06
9.649999999999998181e+03 5.796908815441891830e-06
9.659999999999998181e+03 6.332597443658490490e-06
9.669999999999998181e+03 7.142016142709987125e-06
9.679999999999998181e+03 8.379292504239520896e-06
9.689999999999998181e+03 1.036928393097592756e-05
9.699999999999998181e+03 1.377281903598173596e-05
9.709999999999998181e+03 2.001496742553542446e-05
9.719999999999998181e+03 3.175296340217131572e-05
9.729999999999998181e+03 5.112358167785570817e-05
9.739999999999998181e+03 6.429908716478533370e-05
9.749999999999998181e+03 5.360510048302282121e-05
9.759999999999998181e+03 3.730576191170022427e-05
9.769999999999998181e+03 2.744210519300907755e-05
9.779999999999998181e+03 2.274903513709003715e-05
9.789999999999998181e+03 2.141371764512390568e-05
9.799999999999998181e+03 2.290899454636595876e-05
9.809999999999998181e+03 2.802481403696661987e-05
9.819999999999998181e+03 3.866245429950893118e-05
9.829999999999998181e+03 5.906668641362412814e-05
9.839999999999998181e+03 8.449662039374174910e-05
9.849999999999998181e+03 8.195727444374855796e-05
9.859999999999998181e+03 5.620232711320313730e-05
9.869999999999998181e+03 3.744401167271118084e-05
9.879999999999998181e+03 2.750998004429598557e-05
9.889999999999998181e+03 2.267261130049116254e-05
9.899999999999998181e+03 2.065541310926014633e-05
9.909999999999998181e+03 2.028955397681064400e-05
9.919999999999998181e+03 2.095865948528997417e-05
9.929999999999998181e+03 2.151916114382221903e-05
9.939999999999998181e+03 2.087519821158559201e-05
9.949999999999998181e+03 1.856016545434960440e-05
9.959999999999998181e+03 1.523490466551732358e-05
9.969999999999998181e+03 1.204510289167255230e-05
9.979999999999998181e+03 9.750372701822035982e-06
9.989999999999998181e+03 8.052219719375625041e-06
9.999999999999998181e+03 7.018469443401900217e-06
1.000999999999999818e+04 6.541759301887379086e-06
1.001999999999999818e+04 6.440514316651661672e-06
1.002999999999999818e+04 6.848808192239008598e-06
1.003999999999999818e+04 7.820364345414496693e-06
1.004999999999999818e+04 9.691278847235001558e-06
1.005999999999999818e+04 1.320305855119117698e-05
1.006999999999999818e+04 1.941377300682766476e-05
1.007999999999999818e+04 2.769075538154006471e-05
1.008999999999999818e+04 2.960039171876935430e-05
1.009999999999999818e+04 2.109440633315915834e-05
1.010999999999999818e+04 1.306759064548382680e-05
1.011999999999999818e+04 8.438756112350124066e-06
1.012999999999999818e+04 5.976801809766958047e-06
1.013999999999999818e+04 4.629524863706872266e-06
1.014999999999999818e+04 3.866164760805447441e-06
1.015999999999999818e+04 3.499575465551817574e-06
1.016999999999999818e+04 3.336201760429877223e-06
1.017999999999999818e+04 3.392065639366682756e-06
1.018999999999999818e+04 3.657473037594063645e-06
1.019999999999999818e+04 4.189707311596241566e-06
1.020999999999999818e+04 5.252819007737708039e-06
1.021999999999999818e+04 7.059393250866804803e-06
1.022999999999999818e+04 1.045533742001715780e-05
1.023999999999999818e+04 1.762135028596873161e-05
1.024999999999999818e+04 3.471654823069968588e-05
1.025999999999999818e+04 7.412541392504687961e-05
1.026999999999999818e+04 1.042244979776350090e-04
1.027999999999999818e+04 6.927583833011207934e-05
1.028999999999999818e+04 4.110343282371128865e-05
1.029999999999999818e+04 2.843687557997611403e-05
1.030999999999999818e+04 2.290982391395480629e-05
1.031999999999999818e+04 2.100869842206825276e-05
1.032999999999999818e+04 2.160262153811588390e-05
1.033999999999999818e+04 2.418318735284466278e-05
1.034999999999999818e+04 2.832708777869165210e-05
1.035999999999999818e+04 3.148604666262475607e-05
1.036999999999999818e+04 2.854855306892411224e-05
1.037999999999999818e+04 2.052046295682119438e-05
1.038999999999999818e+04 1.328767012543798274e-05
1.039999999999999818e+04 8.684918615302244155e-06
1.040999999999999818e+04 5.926928419241896328e-06
1.041999999999999818e+04 4.348068314484850945e-06
1.042999999999999818e+04 3.386064654172358892e-06
1.043999999999999818e+04 2.790656397157484954e-06
1.044999999999999818e+04 2.396764807895933850e-06
1.045999999999999818e+04 2.173646534916921913e-06
1.046999999999999818e+04 2.014519733643044385e-06
1.047999999999999818e+04 2.015743980020253730e-06
1.048999999999999818e+04 2.016866566749533279e-06
1.049999999999999818e+04 2.173823361018128393e-06
1.050999999999999818e+04 2.402063283578254307e-06
1.051999999999999818e+04 2.725742817767550554e-06
1.052999999999999818e+04 3.254385812394467811e-06
1.053999999999999818e+04 4.118529428632758239e-06
1.054999999999999818e+04 5.471579271198515862e-06
1.055999999999999818e+04 7.699267301576420312e-06
1.056999999999999818e+04 1.149941300136203163e-05
1.057999999999999818e+04 1.852282651950598369e-05
1.058999999999999818e+04 3.215687145503099618e-05
1.059999999999999818e+04 5.689852188978743153e-05
1.060999999999999818e+04 8.741751147216994912e-05
1.061999999999999818e+04 9.537549446515245822e-05
1.062999999999999818e+04 8.038451961261719697e-05
1.063999999999999818e+04 6.373961527253213565e-05
1.064999999999999818e+04 5.230737394080084245e-05
1.065999999999999818e+04 4.427401761837873736e-05
1.066999999999999818e+04 3.820326598217342688e-05
1.067999999999999818e+04 3.226897342463732016e-05
1.068999999999999818e+04 2.636564030776975329e-05
1.069999999999999818e+04 2.082553650273954741e-05
1.070999999999999818e+04 1.622880033404629384e-05
1.071999999999999818e+04 1.266182136570724958e-05
1.072999999999999818e+04 9.937322682079949358e-06
1.073999999999999818e+04 8.047872961148547683e-06
1.074999999999999818e+04 6.719216753782180794e-06
1.075999999999999818e+04 5.777289484547415490e-06
1.076999999999999818e+04 5.117008001299484592e-06
1.077999999999999818e+04 4.693099007454829913e-06
1.078999999999999818e+04 4.474876103712550748e-06
1.079999999999999818e+04 4.368775200073909799e-06
1.080999999999999818e+04 4.423051464549591571e-06
1.081999999999999818e+04 4.610866884953103409e-06
1.082999999999999818e+04 4.874992011195692400e-06
1.083999999999999818e+04 5.360688373834486108e-06
1.084999999999999818e+04 6.119472927541564246e-06
1.085999999999999818e+04 7.151868640151390027e-06
1.086999999999999818e+04 8.673778300924031126e-06
1.087999999999999818e+04 1.088837420631444366e-05
1.088999999999999818e+04 1.417634475600951329e-05
1.089999999999999818e+04 1.913524664840889330e-05
1.090999999999999818e+04 2.670269431627092971e-05
1.091999999999999818e+04 3.756564338219718586e-05
1.092999999999999818e+04 5.267530097876486000e-05
1.093999999999999818e+04 6.944200618771110016e-05
1.094999999999999818e+04 8.247605358470079171e-05
1.095999999999999818e+04 8.807188319569812590e-05
1.096999999999999818e+04 8.671835778363619243e-05
1.097999999999999818e+04 8.327430342000158314e-05
1.098999999999999818e+04 8.116430666822366312e-05
1.099999999999999818e+04 8.130039870698937791e-05
1.100999999999999818e+04 8.525984406963885457e-05
1.101999999999999818e+04 9.347938777501339758e-05
1.102999999999999818e+04 1.062462941289968056e-04
1.103999999999999818e+04 1.227838816060089055e-04
1.104999999999999818e+04 1.398660496479016402e-04
1.105999999999999818e+04 1.488726120698854506e-04
1.106999999999999818e+04 1.425144187781302810e-04
1.107999999999999818e+04 1.225690375113581943e-04
1.108999999999999818e+04 9.862732745909312863e-05
1.109999999999999818e+04 7.760221570475168821e-05
1.110999999999999818e+04 6.181849256828154233e-05
1.111999999999999818e+04 5.060448022543637391e-05
1.112999999999999818e+04 4.281818040952568627e-05
1.113999999999999818e+04 3.744178222499644222e-05
1.114999999999999818e+04 3.385390117373979381e-05
1.115999999999999818e+04 3.164329711754941727e-05
1.116999999999999818e+04 3.052143582792432233e-05
1.117999999999999818e+04 3.025302653397705872e-05
1.118999999999999818e+04 3.082389215735299167e-05
1.119999999999999818e+04 3.234162603407307254e-05
1.120999999999999818e+04 3.472823871465147703e-05
1.121999999999999818e+04 3.821972323912701543e-05
1.122999999999999818e+04 4.313368653105367436e-05
1.123999999999999818e+04 4.970221431676705756e-05
1.124999999999999818e+04 5.827820045710769339e-05
1.125999999999999818e+04 6.928845094690686869e-05
1.126999999999999818e+04 8.282231581723763756e-05
1.127999999999999818e+04 9.816464868940652944e-05
1.128999999999999818e+04 1.143201566377459899e-04
1.129999999999999818e+04 1.281587539665768230e-04
1.130999999999999818e+04 1.376034462631815227e-04
1.131999999999999818e+04 1.408221888648315172e-04
1.132999999999999818e+04 1.389746489372752417e-04
1.133999999999999818e+04 1.331629171712895557e-04
1.134999999999999818e+04 1.266965270198122933e-04
1.135999999999999818e+04 1.205473510132521386e-04
1.136999999999999818e+04 1.157154688320621882e-04
1.137999999999999818e+04 1.129232904163059696e-04
1.138999999999999818e+04 1.118414542853005686e-04
1.139999999999999818e+04 1.128465192096992791e-04
1.140999999999999818e+04 1.161821920996820612e-04
1.141999999999999818e+04 1.219352804499056393e-04
1.142999999999999818e+04 1.302547829621235787e-04
1.143999999999999818e+04 1.420211960524832631e-04
1.144999999999999818e+04 1.576761311044562973e-04
1.145999999999999818e+04 1.785095125488318627e-04
1.146999999999999818e+04 2.058129810851645931e-04
1.147999999999999818e+04 2.417060348399156810e-04
1.148999999999999818e+04 2.892744126588506757e-04
1.149999999999999818e+04 3.525126572421698971e-04
1.150999999999999818e+04 4.391600224138831037e-04
1.151999999999999818e+04 5.562239571852018718e-04
1.152999999999999818e+04 7.191264636100426618e-04
1.153999999999999818e+04 9.498434833151599404e-04
1.154999999999999818e+04 1.280540526425766844e-03
1.155999999999999818e+04 1.766100593448527998e-03
1.156999999999999818e+04 2.494457846598488199e-03
1.157999999999999818e+04 3.616531760520483047e-03
1.158999999999999818e+04 5.373380289007198031e-03
1.159999999999999818e+04 8.212150928543328690e-03
1.160999999999999818e+04 1.292586129853186792e-02
1.161999999999999818e+04 2.096144346497314306e-02
1.162999999999999818e+04 3.505936188362308858e-02
1.163999999999999818e+04 6.014807502442849618e-02
1.164999999999999818e+04 1.044971996513383017e-01
1.165999999999999818e+04 1.788482305678673057e-01
1.166999999999999818e+04 2.863343418316879330e-01
1.167999999999999818e+04 4.056570458995417683e-01
1.168999999999999818e+04 4.960879349935583549e-01
1.169999999999999818e+04 5.414858247548330894e-01
1.170999999999999818e+04 5.562823495853063127e-01
1.171999999999999818e+04 5.589874728685393368e-01
1.172999999999999818e+04 5.586346173905144541e-01
1.173999999999999818e+04 5.584128281093505564e-01
1.174999999999999818e+04 5.600125915164244628e-01
1.175999999999999818e+04 5.609671760956984610e-01
1.176999999999999818e+04 5.609787573894561286e-01
1.177999999999999818e+04 5.611434209215080404e-01
1.178999999999999818e+04 5.616077116181638074e-01
1.179999999999999818e+04 5.621677399529345642e-01
1.180999999999999818e+04 5.621760101453696645e-01
1.181999999999999818e+04 5.617718090693635258e-01
1.182999999999999818e+04 5.621906915720219500e-01
1.183999999999999818e+04 5.624001836867148496e-01
1.184999999999999818e+04 5.627256588398817927e-01
1.185999999999999818e+04 5.628963703914211525e-01
1.186999999999999818e+04 5.629361082992871967e-01
1.187999999999999818e+04 5.623384620465541328e-01
1.188999999999999818e+04 5.621510494585593154e-01
1.189999999999999818e+04 5.623439139817066890e-01
1.190999999999999818e+04 5.630268926470862745e-01
1.191999999999999818e+04 5.639916952173191778e-01
1.192999999999999818e+04 5.647945397901549258e-01
1.193999999999999818e+04 5.657835763219620784e-01
1.194999999999999818e+04 5.666493802352449149e-01
1.195999999999999818e+04 5.676846118015180798e-01
1.196999999999999818e+04 5.687957222829992388e-01
1.197999999999999818e+04 5.695035473874506815e-01
1.198999999999999818e+04 5.701336535449508247e-01
1.199999999999999818e+04 5.706962095968246551e-01
1.200999999999999818e+04 5.706447673478010074e-01
1.201999999999999818e+04 5.704392314118971186e-01
1.202999999999999818e+04 5.705666857323030694e-01
1.203999999999999818e+04 5.705664962243404137e-01
1.204999999999999818e+04 5.715377176095661760e-01
1.205999999999999818e+04 5.719049239794647965e-01
1.206999999999999818e+04 5.722852184685839338e-01
1.207999999999999818e+04 5.736039786066364776e-01
1.208999999999999818e+04 5.739706853267184661e-01
1.209999999999999818e+04 5.748989398156377773e-01
1.210999999999999818e+04 5.759234915637998498e-01
1.211999999999999818e+04 5.766017327898046441e-01
1.212999999999999818e+04 5.775530467803214885e-01
1.213999999999999818e+04 5.778278172140199898e-01
1.214999999999999818e+04 5.782955673563343613e-01
1.215999999999999818e+04 5.788932875695225189e-01
1.216999999999999818e+04 5.790590689251690071e-01
1.217999999999999818e+04 5.793400766837943916e-01
1.218999999999999818e+04 5.791518909846821161e-01
1.219999999999999818e+04 5.790300314735385978e-01
1.220999999999999818e+04 5.786740054607996120e-01
1.221999999999999818e+04 5.786663659536618320e-01
1.222999999999999818e+04 5.786473738558943758e-01
1.223999999999999818e+04 5.792724375507521950e-01
1.224999999999999818e+04 5.797780068027085232e-01
1.225999999999999818e+04 5.800214499270811563e-01
1.226999999999999818e+04 5.803987375415627925e-01
1.227999999999999818e+04 5.807741824980979795e-01
1.228999999999999818e+04 5.812091917153524578e-01
1.229999999999999818e+04 5.818228422501673380e-01
1.230999999999999818e+04 5.822770979354238152e-01
1.231999999999999818e+04 5.822052543451446960e-01
1.232999999999999818e+04 5.823960012739547443e-01
1.233999999999999818e+04 5.824117964109311041e-01
1.234999999999999818e+04 5.825488081240380867e-01
1.235999999999999818e+04 5.817266475120401736e-01
1.236999999999999818e+04 5.812102937457269691e-01
1.237999999999999818e+04 5.809242234915588110e-01
1.238999999999999818e+04 5.804924638487052313e-01
1.239999999999999818e+04 5.800218324516376311e-01
1.240999999999999818e+04 5.797786451528582630e-01
1.241999999999999818e+04 5.794758886781115059e-01
1.242999999999999818e+04 5.791585205376676981e-01
1.243999999999999818e+04 5.789032841445453936e-01
1.244999999999999818e+04 5.788927104767151999e-01
1.245999999999999818e+04 5.791327222056787960e-01
1.246999999999999818e+04 5.793770557748038064e-01
1.247999999999999818e+04 5.795629470678674844e-01
1.248999999999999818e+04 5.802054733657316943e-01
1.249999999999999818e+04 5.804039551657894647e-01
1.250999999999999818e+04 5.805996398694034388e-01
1.251999999999999818e+04 5.808061104932324969e-01
1.252999999999999818e+04 5.814959552140418486e-01
1.253999999999999818e+04 5.817698136227905659e-01
1.254999999999999818e+04 5.816175402541362560e-01
1.255999999999999818e+04 5.822083930202394120e-01
1.256999999999999818e+04 5.822951998019185726e-01
1.257999999999999818e+04 5.819661825542630229e-01
1.258999999999999818e+04 5.821107803837529682e-01
1.259999999999999818e+04 5.817100173511577932e-01
1.260999999999999818e+04 5.819079873182905205e-01
1.261999999999999818e+04 5.821963343324703111e-01
1.262999999999999818e+04 5.825473171133044303e-01
1.263999999999999818e+04 5.833270947930992989e-01
1.264999999999999818e+04 5.832396676335599439e-01
1.265999999999999818e+04 5.839653304267239387e-01
1.266999999999999818e+04 5.845698774796945774e-01
1.267999999999999818e+04 5.850271872355358171e-01
1.268999999999999818e+04 5.858180048374787008e-01
1.269999999999999818e+04 5.862892125235084073e-01
1.270999999999999818e+04 5.865569460449869821e-01
1.271999999999999818e+04 5.867547590037283101e-01
1.272999999999999818e+04 5.866012448972368620e-01
1.273999999999999818e+04 5.863486951816145876e-01
1.274999999999999818e+04 5.863044099155619859e-01
1.275999999999999818e+04 5.856177175307377691e-01
1.276999999999999818e+04 5.848927126135338161e-01
1.277999999999999818e+04 5.841686678528750232e-01
1.278999999999999818e+04 5.838852774923966038e-01
1.279999999999999818e+04 5.833917546036172519e-01
1.280999999999999818e+04 5.841332604910144388e-01
1.281999999999999818e+04 5.836156077527525632e-01
1.282999999999999818e+04 5.837469437397716510e-01
1.283999999999999818e+04 5.840085684464161320e-01
1.284999999999999818e+04 5.842565975036815296e-01
1.285999999999999818e+04 5.842631504745798843e-01
1.286999999999999818e+04 5.847753015775937202e-01
1.287999999999999818e+04 5.850733256515718850e-01
1.288999999999999818e+04 5.851361784828781332e-01
1.289999999999999818e+04 5.848700774862571894e-01
1.290999999999999818e+04 5.846189842589802899e-01
1.291999999999999818e+04 5.852031466312193064e-01
1.292999999999999818e+04 5.852431825346789962e-01
1.293999999999999818e+04 5.851763671387657517e-01
1.294999999999999818e+04 5.844578793903478786e-01
1.295999999999999818e+04 5.840319580911380593e-01
1.296999999999999818e+04 5.830856881435186878e-01
1.297999999999999818e+04 5.829040067293518312e-01
1.298999999999999818e+04 5.821733573907965642e-01
1.299999999999999818e+04 5.823353411746106101e-01
1.300999999999999818e+04 5.815591426131340169e-01
1.301999999999999818e+04 5.814481294711892900e-01
1.302999999999999818e+04 5.817735498091622937e-01
1.303999999999999818e+04 5.821869907329279004e-01
1.304999999999999818e+04 5.819477081502765214e-01
1.305999999999999818e+04 5.827675470522321044e-01
1.306999999999999818e+04 5.831574144204533239e-01
1.307999999999999818e+04 5.831610867872838444e-01
1.308999999999999818e+04 5.828877751632373094e-01
1.309999999999999818e+04 5.831001239072745035e-01
1.310999999999999818e+04 5.835753570862777240e-01
1.311999999999999818e+04 5.836638106169420581e-01
1.312999999999999818e+04 5.831715878423505695e-01
1.313999999999999818e+04 5.827271974742432858e-01
1.314999999999999818e+04 5.825148666224192473e-01
1.315999999999999818e+04 5.825029984954964712e-01
1.316999999999999818e+04 5.824180124885252052e-01
1.317999999999999818e+04 5.816168485996834336e-01
1.318999999999999818e+04 5.814542388675120188e-01
1.319999999999999818e+04 5.808020116965123547e-01
1.320999999999999818e+04 5.806994825228783963e-01
1.321999999999999818e+04 5.803216296582770495e-01
1.322999999999999818e+04 5.803679508341169635e-01
1.323999999999999818e+04 5.801150230482073900e-01
1.324999999999999818e+04 5.809735747849216203e-01
1.325999999999999818e+04 5.802453576932763424e-01
1.326999999999999818e+04 5.803596521881819736e-01
1.327999999999999818e+04 5.814544277711189979e-01
1.328999999999999818e+04 5.811781908121580464e-01
1.329999999999999818e+04 5.813659987587275202e-01
1.330999999999999818e+04 5.813369451897832940e-01
1.331999999999999818e+04 5.819682981111493625e-01
1.332999999999999818e+04 5.815236373105262535e-01
1.333999999999999818e+04 5.812635152725835752e-01
1.334999999999999818e+04 5.811358177260632640e-01
1.335999999999999818e+04 5.811900052857019716e-01
1.336999999999999818e+04 5.800889932969017782e-01
1.337999999999999818e+04 5.799632907449010499e-01
1.338999999999999818e+04 5.798162467244919460e-01
1.339999999999999818e+04 5.796524176944776174e-01
1.340999999999999818e+04 5.786823494330551876e-01
1.341999999999999818e+04 5.786169898498311204e-01
1.342999999999999818e+04 5.783919184060946073e-01
1.343999999999999818e+04 5.785634204522487334e-01
1.344999999999999818e+04 5.785834587718499122e-01
1.345999999999999818e+04 5.777852546547577184e-01
1.346999999999999818e+04 5.782303871172800314e-01
1.347999999999999818e+04 5.775753793451180451e-01
1.348999999999999818e+04 5.778354317245727456e-01
1.349999999999999818e+04 5.777884131262793765e-01
1.350999999999999818e+04 5.779616589404789062e-01
1.351999999999999818e+04 5.776107263850747131e-01
1.352999999999999818e+04 5.777367523281964345e-01
1.353999999999999818e+04 5.768857843080399395e-01
1.354999999999999818e+04 5.760545800761787127e-01
1.355999999999999818e+04 5.750909452147264789e-01
1.356999999999999818e+04 5.746561296673553532e-01
1.357999999999999818e+04 5.737922945818686449e-01
1.358999999999999818e+04 5.730388577800630268e-01
1.359999999999999818e+04 5.726438539738754052e-01
1.360999999999999818e+04 5.711216084639648694e-01
1.361999999999999818e+04 5.706558488504954729e-01
1.362999999999999818e+04 5.689279778102634966e-01
1.363999999999999818e+04 5.685223878948684195e-01
1.364999999999999818e+04 5.671242177790291050e-01
1.365999999999999818e+04 5.664536900169448996e-01
1.366999999999999818e+04 5.645876905301736581e-01
1.367999999999999818e+04 5.627018502874430173e-01
1.368999999999999818e+04 5.611079844716669873e-01
1.369999999999999818e+04 5.567863986196704973e-01
1.370999999999999818e+04 5.523797024784889986e-01
1.371999999999999818e+04 5.466279313931776684e-01
1.372999999999999818e+04 5.411558107693383857e-01
1.373999999999999818e+04 5.337835588110966256e-01
1.374999999999999818e+04 5.270215969346451201e-01
1.375999999999999818e+04 5.206680696620729076e-01
1.376999999999999818e+04 5.144008073684392945e-01
1.377999999999999818e+04 5.089266427800912540e-01
1.378999999999999818e+04 5.047989870140793256e-01
1.379999999999999818e+04 5.015505505704552780e-01
1.380999999999999818e+04 4.988148756372864923e-01
1.381999999999999818e+04 4.973094677653722706e-01
1.382999999999999818e+04 4.972345694803493865e-01
1.383999999999999818e+04 4.981188103970401460e-01
1.384999999999999818e+04 4.996336192392661912e-01
1.385999999999999818e+04 5.012915728844540286e-01
1.386999999999999818e+04 5.037214608089127799e-01
1.387999999999999818e+04 5.064538479874329813e-01
1.388999999999999818e+04 5.092705853961387863e-01
1.389999999999999818e+04 5.117451503948104996e-01
1.390999999999999818e+04 5.153001155179525172e-01
1.391999999999999818e+04 5.185443555616309208e-01
1.392999999999999818e+04 5.213957194754250679e-01
1.393999999999999818e+04 5.243900568827365438e-01
1.394999999999999818e+04 5.270394863460723389e-01
1.395999999999999818e+04 5.296202782958877586e-01
1.396999999999999818e+04 5.318283733906258304e-01
1.397999999999999818e+04 5.344706771915843646e-01
1.398999999999999818e+04 5.365727686418791942e-01
1.399999999999999818e+04 5.387584258101634216e-01
1.400999999999999818e+04 5.403851133992316758e-01
1.401999999999999818e+04 5.415420727524912214e-01
1.402999999999999818e+04 5.432077107728638943e-01
1.403999999999999818e+04 5.448067486582058860e-01
1.404999999999999818e+04 5.455631181679391206e-01
1.405999999999999818e+04 5.463636592244316414e-01
1.406999999999999818e+04 5.478422574347651119e-01
1.407999999999999818e+04 5.489102889734545077e-01
1.408999999999999818e+04 5.494891315034229340e-01
1.409999999999999818e+04 5.503742182234107050e-01
1.410999999999999818e+04 5.513582030645195475e-01
1.411999999999999818e+04 5.521667751532234325e-01
1.412999999999999818e+04 5.533256123440238872e-01
1.413999999999999818e+04 5.538072598163349403e-01
1.414999999999999818e+04 5.547777105967085509e-01
1.415999999999999818e+04 5.554054945002688815e-01
1.416999999999999818e+04 5.566948029847229584e-01
1.417999999999999818e+04 5.577807033337768283e-01
1.418999999999999818e+04 5.585601076026690537e-01
1.419999999999999818e+04 5.588039296000997247e-01
1.420999999999999818e+04 5.590425785173510631e-01
1.421999999999999818e+04 5.594565793934827003e-01
1.422999999999999818e+04 5.593787357956746531e-01
1.423999999999999818e+04 5.595687116881761236e-01
1.424999999999999818e+04 5.596197924256719469e-01
1.425999999999999818e+04 5.605015978506407981e-01
1.426999999999999818e+04 5.606382473821721613e-01
1.427999999999999818e+04 5.604132341347025648e-01
1.428999999999999818e+04 5.602546484386525805e-01
1.429999999999999818e+04 5.597721264792776541e-01
1.430999999999999818e+04 5.602193390347930402e-01
1.431999999999999818e+04 5.601986017721207745e-01
1.432999999999999818e+04 5.603426344604586218e-01
1.433999999999999818e+04 5.609229139536612285e-01
1.434999999999999818e+04 5.605306448349592907e-01
1.435999999999999818e+04 5.611492976187828496e-01
1.436999999999999818e+04 5.618674449827461004e-01
1.437999999999999818e+04 5.618835782588753602e-01
1.438999999999999818e+04 5.624346304222546111e-01
1.439999999999999818e+04 5.628660686904278787e-01
1.440999999999999818e+04 5.629127390508793516e-01
1.441999999999999818e+04 5.636234743172775508e-01
1.442999999999999818e+04 5.638144294544833457e-01
1.443999999999999818e+04 5.640555976122183512e-01
1.444999999999999818e+04 5.638021491812230668e-01
1.445999999999999818e+04 5.639506676689340914e-01
1.446999999999999818e+04 5.645115942078392512e-01
1.447999999999999818e+04 5.646807422240667229e-01
1.448999999999999818e+04 5.641882491914016473e-01
1.449999999999999818e+04 5.637970752606608071e-01
1.450999999999999818e+04 5.638379234649267824e-01
1.451999999999999818e+04 5.633715258353508837e-01
1.452999999999999818e+04 5.632083837615138311e-01
1.453999999999999818e+04 5.631465215772352151e-01
1.454999999999999818e+04 5.626534617498678559e-01
1.455999999999999818e+04 5.623303697316557326e-01
1.456999999999999818e+04 5.617382393851954037e-01
1.457999999999999818e+04 5.620529039719069919e-01
1.458999999999999818e+04 5.621662289947076951e-01
1.459999999999999818e+04 5.622462423160432543e-01
1.460999999999999818e+04 5.619640134908630014e-01
1.461999999999999818e+04 5.617582081856249410e-01
1.462999999999999818e+04 5.620371403986894610e-01
1.463999999999999818e+04 5.621851400023366585e-01
1.464999999999999818e+04 5.617265428320492582e-01
1.465999999999999818e+04 5.621098697164186309e-01
1.466999999999999818e+04 5.619537569909243135e-01
1.467999999999999818e+04 5.618942049188795362e-01
1.468999999999999818e+04 5.617443941768069937e-01
1.469999999999999818e+04 5.618397275155255777e-01
1.470999999999999818e+04 5.614656486726548046e-01
1.471999999999999818e+04 5.614062955593528415e-01
1.472999999999999818e+04 5.611297939386737932e-01
1.473999999999999818e+04 5.606071603424845895e-01
1.474999999999999818e+04 5.606208596806735445e-01
1.475999999999999818e+04 5.606368956043007445e-01
1.476999999999999818e+04 5.604285214452671138e-01
1.477999999999999818e+04 5.602392866284718886e-01
1.478999999999999818e+04 5.594292234448379197e-01
1.479999999999999818e+04 5.595322495800867380e-01
1.480999999999999818e+04 5.596530410856596083e-01
1.481999999999999818e+04 5.596320356202160173e-01
1.482999999999999818e+04 5.600686192377184458e-01
1.483999999999999818e+04 5.610135686564701185e-01
1.484999999999999818e+04 5.607250256598035332e-01
1.485999999999999818e+04 5.611793451792883580e-01
1.486999999999999818e+04 5.611846532060920101e-01
1.487999999999999818e+04 5.611227240860237053e-01
1.488999999999999818e+04 5.617014200024170734e-01
1.489999999999999818e+04 5.621132843629159659e-01
1.490999999999999818e+04 5.627844550939283819e-01
1.491999999999999818e+04 5.621718312531445161e-01
1.492999999999999818e+04 5.625418829241430885e-01
1.493999999999999818e+04 5.624484025679675758e-01
1.494999999999999818e+04 5.626238091889438353e-01
1.495999999999999818e+04 5.626745536136223969e-01
1.496999999999999818e+04 5.622775261773714783e-01
1.497999999999999818e+04 5.616400573002007235e-01
1.498999999999999818e+04 5.619491536955208977e-01
1.499999999999999818e+04 5.608425781365621310e-01
1.500999999999999818e+04 5.609929015706295319e-01
1.501999999999999818e+04 5.609550252969364159e-01
1.502999999999999818e+04 5.606320209428551360e-01
1.503999999999999818e+04 5.602872771716821410e-01
1.504999999999999818e+04 5.603575108347313982e-01
1.505999999999999818e+04 5.606257076387914928e-01
1.506999999999999818e+04 5.602808868056751157e-01
1.507999999999999818e+04 5.606870855563134137e-01
1.508999999999999818e+04 5.607143458090941834e-01
1.509999999999999818e+04 5.610954514849705310e-01
1.510999999999999818e+04 5.610316304529615605e-01
1.511999999999999818e+04 5.614334608613618105e-01
1.512999999999999818e+04 5.615067933248342191e-01
1.513999999999999818e+04 5.619576980993937765e-01
1.514999999999999818e+04 5.618039388951681090e-01
1.515999999999999818e+04 5.617856420002782514e-01
1.516999999999999818e+04 5.615429993893021887e-01
1.517999999999999818e+04 5.615194274325758794e-01
1.518999999999999818e+04 5.614424628903779135e-01
1.519999999999999818e+04 5.604496760312699388e-01
1.520999999999999818e+04 5.593143132841494891e-01
1.521999999999999818e+04 5.601318316406178610e-01
1.522999999999999818e+04 5.589503252448519977e-01
1.523999999999999818e+04 5.587230861218275280e-01
1.524999999999999818e+04 5.584996351949710336e-01
1.525999999999999818e+04 5.577805822754253740e-01
1.526999999999999818e+04 5.576772019541768044e-01
1.527999999999999818e+04 5.572651428483819114e-01
1.528999999999999818e+04 5.572444515985459645e-01
1.529999999999999818e+04 5.570451641763625172e-01
1.530999999999999818e+04 5.567929986710756785e-01
1.531999999999999818e+04 5.569308243864113939e-01
1.532999999999999818e+04 5.578878686291297573e-01
1.533999999999999818e+04 5.571671499757222534e-01
1.534999999999999818e+04 5.574606503430852289e-01
1.535999999999999636e+04 5.577948057245817326e-01
1.536999999999999636e+04 5.572460952791977729e-01
1.537999999999999636e+04 5.568705391975942165e-01
1.538999999999999636e+04 5.569254810917935172e-01
1.539999999999999636e+04 5.561506450058070206e-01
1.540999999999999636e+04 5.564544537206835839e-01
1.541999999999999636e+04 5.553551832158456492e-01
1.542999999999999636e+04 5.549717907421446439e-01
1.543999999999999636e+04 5.545156475916919181e-01
1.544999999999999636e+04 5.541360895688123289e-01
1.545999999999999636e+04 5.539562266305056992e-01
1.546999999999999636e+04 5.540486636064722026e-01
1.547999999999999636e+04 5.537025755402935623e-01
1.548999999999999636e+04 5.540570054092923691e-01
1.549999999999999636e+04 5.539642692188756490e-01
1.550999999999999636e+04 5.544440558820400433e-01
1.551999999999999636e+04 5.542629797317873974e-01
1.552999999999999636e+04 5.553912213204005299e-01
1.553999999999999636e+04 5.555076995845104060e-01
1.554999999999999636e+04 5.547885502305026639e-01
1.555999999999999636e+04 5.544756400381931627e-01
1.556999999999999636e+04 5.544428910512331221e-01
1.557999999999999636e+04 5.545597133831048353e-01
1.558999999999999636e+04 5.544652101737018723e-01
1.559999999999999636e+04 5.541738777851814568e-01
1.560999999999999636e+04 5.539593860171220241e-01
1.561999999999999636e+04 5.542674836855062681e-01
1.562999999999999636e+04 5.550750237013658550e-01
1.563999999999999636e+04 5.551992003026620104e-01
1.564999999999999636e+04 5.535380641292489967e-01
1.565999999999999636e+04 5.485828066173383810e-01
1.566999999999999636e+04 5.365818150788281837e-01
1.567999999999999636e+04 5.150922192287437085e-01
1.568999999999999636e+04 4.808346430461791221e-01
1.569999999999999636e+04 4.323283874441342656e-01
1.570999999999999636e+04 3.725160964242337780e-01
1.571999999999999636e+04 3.068626404829954413e-01
1.572999999999999636e+04 2.432271077282800453e-01
1.573999999999999636e+04 1.872034054190884755e-01
1.574999999999999636e+04 1.413494917980767929e-01
1.575999999999999636e+04 1.053853584826153628e-01
1.576999999999999636e+04 7.841302740534360216e-02
1.577999999999999636e+04 5.844983654402263751e-02
1.578999999999999636e+04 4.373757903000519143e-02
1.579999999999999636e+04 3.294713941818469549e-02
1.580999999999999636e+04 2.504054794257436212e-02
1.581999999999999636e+04 1.916524397856969597e-02
1.582999999999999636e+04 1.480483003456608930e-02
1.583999999999999636e+04 1.155683981990230508e-02
1.584999999999999636e+04 9.096371105536314727e-03
1.585999999999999636e+04 7.217524831449381034e-03
1.586999999999999636e+04 5.771442803761246687e-03
1.587999999999999636e+04 4.649195805131726110e-03
1.588999999999999636e+04 3.777845050188820275e-03
1.589999999999999636e+04 3.086973735738300813e-03
1.590999999999999636e+04 2.543548773425073194e-03
1.591999999999999636e+04 2.109694077664284791e-03
1.592999999999999636e+04 1.760594138218728438e-03
1.593999999999999636e+04 1.477924919931464590e-03
1.594999999999999636e+04 1.247720689821881813e-03
1.595999999999999636e+04 1.059518471850500691e-03
1.596999999999999636e+04 9.053736687445969235e-04
1.597999999999999636e+04 7.772051375921615107e-04
1.598999999999999636e+04 6.708309465564996034e-04
1.599999999999999636e+04 5.823321547482301474e-04
1.600999999999999636e+04 5.078212903711674204e-04
1.601999999999999636e+04 4.444583522139274089e-04
1.602999999999999636e+04 3.910596026085064137e-04
1.603999999999999636e+04 3.458696828109388715e-04
1.604999999999999636e+04 3.072797305913110648e-04
1.605999999999999636e+04 2.740371385160697408e-04
1.606999999999999636e+04 2.452727716633733832e-04
1.607999999999999636e+04 2.205823064771951405e-04
1.608999999999999636e+04 1.991315056534304648e-04
1.609999999999999636e+04 1.804618509767945433e-04
1.610999999999999636e+04 1.642137467312905930e-04
1.611999999999999636e+04 1.499785554545975390e-04
1.612999999999999636e+04 1.375277389214868233e-04
1.613999999999999636e+04 1.265896852083458503e-04
1.614999999999999636e+04 1.169609475636117273e-04
1.615999999999999636e+04 1.085256118823359320e-04
1.616999999999999636e+04 1.009725175763475795e-04
1.617999999999999636e+04 9.423674630720372300e-05
1.618999999999999636e+04 8.822579169544843270e-05
1.619999999999999636e+04 8.298203524295060635e-05
1.620999999999999636e+04 7.839100373535970705e-05
1.621999999999999636e+04 7.407821689294691238e-05
1.622999999999999636e+04 7.033503340774233516e-05
1.623999999999999636e+04 6.711843582546952135e-05
1.624999999999999636e+04 6.419305798166054287e-05
1.625999999999999636e+04 6.157941954409735380e-05
1.626999999999999636e+04 5.928028791933759734e-05
1.627999999999999636e+04 5.725593635715280451e-05
1.628999999999999636e+04 5.556802459094522715e-05
1.629999999999999636e+04 5.397858643588751202e-05
1.630999999999999636e+04 5.274123796493061989e-05
1.631999999999999636e+04 5.158844856364032795e-05
1.632999999999999636e+04 5.060437877901790855e-05
1.633999999999999636e+04 4.984950623502374577e-05
1.634999999999999636e+04 4.928700308938449933e-05
1.635999999999999636e+04 4.889198020623368202e-05
1.636999999999999636e+04 4.865565532346315222e-05
1.637999999999999636e+04 4.857968136556032430e-05
1.638999999999999636e+04 4.868420489097153604e-05
1.639999999999999636e+04 4.901233700045259294e-05
1.640999999999999636e+04 4.945010400344049235e-05
1.641999999999999636e+04 5.000132889541610118e-05
1.642999999999999636e+04 5.081063392713873819e-05
1.643999999999999636e+04 5.176791469850717121e-05
1.644999999999999636e+04 5.301729414271903599e-05
1.645999999999999636e+04 5.434021195468152630e-05
1.646999999999999636e+04 5.589435200986790002e-05
1.647999999999999636e+04 5.782397604519212323e-05
1.648999999999999636e+04 5.986888043586454430e-05
1.649999999999999636e+04 6.230315029747119477e-05
1.650999999999999636e+04 6.497678509725333127e-05
1.651999999999999636e+04 6.793758003528894789e-05
1.652999999999999636e+04 7.120499675995073255e-05
1.653999999999999636e+04 7.505441171970688786e-05
1.654999999999999636e+04 7.908383075949310050e-05
1.655999999999999636e+04 8.356990128508174926e-05
1.656999999999999636e+04 8.843210314271291339e-05
1.657999999999999636e+04 9.381841325776515495e-05
1.658999999999999636e+04 9.951383268733745169e-05
1.659999999999999636e+04 1.055703185927692525e-04
1.660999999999999636e+04 1.119916572649855258e-04
1.661999999999999636e+04 1.185579389987597798e-04
1.662999999999999636e+04 1.251617594897858575e-04
1.663999999999999636e+04 1.318502214847374308e-04
1.664999999999999636e+04 1.382109509868392370e-04
1.665999999999999636e+04 1.442319719259667191e-04
1.666999999999999636e+04 1.495810601002555047e-04
1.667999999999999636e+04 1.540527123457122107e-04
1.668999999999999636e+04 1.575692905021064557e-04
1.669999999999999636e+04 1.599348684309184082e-04
1.670999999999999636e+04 1.611213869307447327e-04
1.671999999999999636e+04 1.612612696162784675e-04
1.672999999999999636e+04 1.603532145010558752e-04
1.673999999999999636e+04 1.583354787165808968e-04
1.674999999999999636e+04 1.556586733201279307e-04
1.675999999999999636e+04 1.526042220460066675e-04
1.676999999999999636e+04 1.490107848191742600e-04
1.677999999999999636e+04 1.452155516430972751e-04
1.678999999999999636e+04 1.414477599500644145e-04
1.679999999999999636e+04 1.376437118507180843e-04
1.680999999999999636e+04 1.340180083625496291e-04
1.681999999999999636e+04 1.306669689028279360e-04
1.682999999999999636e+04 1.276694303819525566e-04
1.683999999999999636e+04 1.250180603651431020e-04
1.684999999999999636e+04 1.227000190300393183e-04
1.685999999999999636e+04 1.206189559271279984e-04
1.686999999999999636e+04 1.189301138006880313e-04
1.687999999999999636e+04 1.177148359382592518e-04
1.688999999999999636e+04 1.169309165905978891e-04
1.689999999999999636e+04 1.164085828798558462e-04
1.690999999999999636e+04 1.162337860052020021e-04
1.691999999999999636e+04 1.165761902549028727e-04
1.692999999999999636e+04 1.174163117794507695e-04
1.693999999999999636e+04 1.182833955990411070e-04
1.694999999999999636e+04 1.197191409469837089e-04
1.695999999999999636e+04 1.214593839846985878e-04
1.696999999999999636e+04 1.234169992349158922e-04
1.697999999999999636e+04 1.258978319686814517e-04
1.698999999999999636e+04 1.288863790142535340e-04
1.699999999999999636e+04 1.318120184570356818e-04
1.700999999999999636e+04 1.350900515332689538e-04
1.701999999999999636e+04 1.385848857470064208e-04
1.702999999999999636e+04 1.421561734611595518e-04
1.703999999999999636e+04 1.459685280458444725e-04
1.704999999999999636e+04 1.497528910055234978e-04
1.705999999999999636e+04 1.533939574370129318e-04
1.706999999999999636e+04 1.567916038119501298e-04
1.707999999999999636e+04 1.599707872555353129e-04
1.708999999999999636e+04 1.627670507350546076e-04
1.709999999999999636e+04 1.648706982981896021e-04
1.710999999999999636e+04 1.662626720418782032e-04
1.711999999999999636e+04 1.673191431183079509e-04
1.712999999999999636e+04 1.672386908241892491e-04
1.713999999999999636e+04 1.665774278726132093e-04
1.714999999999999636e+04 1.656247444323508719e-04
1.715999999999999636e+04 1.634588777902771573e-04
1.716999999999999636e+04 1.610800346576470553e-04
1.717999999999999636e+04 1.581604805683200457e-04
1.718999999999999636e+04 1.548541595220251788e-04
1.719999999999999636e+04 1.512244828908104689e-04
1.720999999999999636e+04 1.476815056298925674e-04
1.721999999999999636e+04 1.438811632424985391e-04
1.722999999999999636e+04 1.401954790761481321e-04
1.723999999999999636e+04 1.365874992250244366e-04
1.724999999999999636e+04 1.332601804342044239e-04
1.725999999999999636e+04 1.302011603230651899e-04
1.726999999999999636e+04 1.272714140147541831e-04
1.727999999999999636e+04 1.245960556393770687e-04
1.728999999999999636e+04 1.221541301372731870e-04
1.729999999999999636e+04 1.202198031837003030e-04
1.730999999999999636e+04 1.186052144524154546e-04
1.731999999999999636e+04 1.172903686061473516e-04
1.732999999999999636e+04 1.162173853129820302e-04
1.733999999999999636e+04 1.155026393982004217e-04
1.734999999999999636e+04 1.150151150391020465e-04
1.735999999999999636e+04 1.149666140092145628e-04
1.736999999999999636e+04 1.152197820474453800e-04
1.737999999999999636e+04 1.158837031162302791e-04
1.738999999999999636e+04 1.168547973759510232e-04
1.739999999999999636e+04 1.180412860290401647e-04
1.740999999999999636e+04 1.194739219586369027e-04
1.741999999999999636e+04 1.214622672356984378e-04
1.742999999999999636e+04 1.234047705183634954e-04
1.743999999999999636e+04 1.259384156957889342e-04
1.744999999999999636e+04 1.285752313477592224e-04
1.745999999999999636e+04 1.312304220667102244e-04
1.746999999999999636e+04 1.343601186566736601e-04
1.747999999999999636e+04 1.378481741709901428e-04
1.748999999999999636e+04 1.410948349382635484e-04
1.749999999999999636e+04 1.443663078262289910e-04
1.750999999999999636e+04 1.475258522109501320e-04
1.751999999999999636e+04 1.509502969201927071e-04
1.752999999999999636e+04 1.538982329220760995e-04
1.753999999999999636e+04 1.567013635319509100e-04
1.754999999999999636e+04 1.590634496114752257e-04
1.755999999999999636e+04 1.610035771511936209e-04
1.756999999999999636e+04 1.625211215787388279e-04
1.757999999999999636e+04 1.631308060216517307e-04
1.758999999999999636e+04 1.633429487815052611e-04
1.759999999999999636e+04 1.628058016093864241e-04
1.760999999999999636e+04 1.620749418191915446e-04
1.761999999999999636e+04 1.604276357972950348e-04
1.762999999999999636e+04 1.585448421672253799e-04
1.763999999999999636e+04 1.559603448421552829e-04
1.764999999999999636e+04 1.533888342600014563e-04
1.765999999999999636e+04 1.502822721079625817e-04
1.766999999999999636e+04 1.473987211031867390e-04
1.767999999999999636e+04 1.441151072393069511e-04
1.768999999999999636e+04 1.409649215166656425e-04
1.769999999999999636e+04 1.376821819496213588e-04
1.770999999999999636e+04 1.347717900230155949e-04
1.771999999999999636e+04 1.319031162783077839e-04
1.772999999999999636e+04 1.294781926606939672e-04
1.773999999999999636e+04 1.272969904131035490e-04
1.774999999999999636e+04 1.251816628954998106e-04
1.775999999999999636e+04 1.231904781677268406e-04
1.776999999999999636e+04 1.215634192054147945e-04
1.777999999999999636e+04 1.201271657908436428e-04
1.778999999999999636e+04 1.192061532052531410e-04
1.779999999999999636e+04 1.185822379986118638e-04
1.780999999999999636e+04 1.181162237668060340e-04
1.781999999999999636e+04 1.180178157002422201e-04
1.782999999999999636e+04 1.179900529758065895e-04
1.783999999999999636e+04 1.182587284275799785e-04
1.784999999999999636e+04 1.191306818703077684e-04
1.785999999999999636e+04 1.200929431321269358e-04
1.786999999999999636e+04 1.214809680581786718e-04
1.787999999999999636e+04 1.230819137877833520e-04
1.788999999999999636e+04 1.247821046544036994e-04
1.789999999999999636e+04 1.266990062892229141e-04
1.790999999999999636e+04 1.290580457921920699e-04
1.791999999999999636e+04 1.311868945059390334e-04
1.792999999999999636e+04 1.338289601250919054e-04
1.793999999999999636e+04 1.365431628644172483e-04
1.794999999999999636e+04 1.393540842559346481e-04
1.795999999999999636e+04 1.419291790817399184e-04
1.796999999999999636e+04 1.448151087574346869e-04
1.797999999999999636e+04 1.471372551561058362e-04
1.798999999999999636e+04 1.496296419920810242e-04
1.799999999999999636e+04 1.516431284738996483e-04
1.800999999999999636e+04 1.534265704626026027e-04
1.801999999999999636e+04 1.547795903862854764e-04
1.802999999999999636e+04 1.560360722443452394e-04
1.803999999999999636e+04 1.562763604341433125e-04
1.804999999999999636e+04 1.560516760187033783e-04
1.805999999999999636e+04 1.554383430214625373e-04
1.806999999999999636e+04 1.544120142958659079e-04
1.807999999999999636e+04 1.530472640098717852e-04
1.808999999999999636e+04 1.509720712165850962e-04
1.809999999999999636e+04 1.486724196238756613e-04
1.810999999999999636e+04 1.460013313975003300e-04
1.811999999999999636e+04 1.432771661731792789e-04
1.812999999999999636e+04 1.402887844926009489e-04
1.813999999999999636e+04 1.372218315054960012e-04
1.814999999999999636e+04 1.342057356311958307e-04
1.815999999999999636e+04 1.310676877607341439e-04
1.816999999999999636e+04 1.281577984211268472e-04
1.817999999999999636e+04 1.255329028894216516e-04
1.818999999999999636e+04 1.227943275748927927e-04
1.819999999999999636e+04 1.203285153405191636e-04
1.820999999999999636e+04 1.181235040906020585e-04
1.821999999999999636e+04 1.161249633114835481e-04
1.822999999999999636e+04 1.146336202955921651e-04
1.823999999999999636e+04 1.130970373958734173e-04
1.824999999999999636e+04 1.118075957920948134e-04
1.825999999999999636e+04 1.109003130278931015e-04
1.826999999999999636e+04 1.102064089746442250e-04
1.827999999999999636e+04 1.097901728287810488e-04
1.828999999999999636e+04 1.096234506148653176e-04
1.829999999999999636e+04 1.097686739575415998e-04
1.830999999999999636e+04 1.102523887147128032e-04
1.831999999999999636e+04 1.109451789516412954e-04
1.832999999999999636e+04 1.120793851353881897e-04
1.833999999999999636e+04 1.133106618465916084e-04
1.834999999999999636e+04 1.149404312093678214e-04
1.835999999999999636e+04 1.168071909075607372e-04
1.836999999999999636e+04 1.188386469711760578e-04
1.837999999999999636e+04 1.212597018861976127e-04
1.838999999999999636e+04 1.238554197798842735e-04
1.839999999999999636e+04 1.268597388331730268e-04
1.840999999999999636e+04 1.302145135445937013e-04
1.841999999999999636e+04 1.335558603623573850e-04
1.842999999999999636e+04 1.370815632992491756e-04
1.843999999999999636e+04 1.408824325984173176e-04
1.844999999999999636e+04 1.446493882908173360e-04
1.845999999999999636e+04 1.484296516487118773e-04
1.846999999999999636e+04 1.523166217128570012e-04
1.847999999999999636e+04 1.561413061027035090e-04
1.848999999999999636e+04 1.594904003643729268e-04
1.849999999999999636e+04 1.627585015562650421e-04
1.850999999999999636e+04 1.655369181795349621e-04
1.851999999999999636e+04 1.677106250743003765e-04
1.852999999999999636e+04 1.690993265858848564e-04
1.853999999999999636e+04 1.700699585024209213e-04
1.854999999999999636e+04 1.705916213970918975e-04
1.855999999999999636e+04 1.702878032826242601e-04
1.856999999999999636e+04 1.691822041968550974e-04
1.857999999999999636e+04 1.675469898191371608e-04
1.858999999999999636e+04 1.652467321051147005e-04
1.859999999999999636e+04 1.624750598892598437e-04
1.860999999999999636e+04 1.593567095261003998e-04
1.861999999999999636e+04 1.560344446889170005e-04
1.862999999999999636e+04 1.526688219706891139e-04
1.863999999999999636e+04 1.488278083268597418e-04
1.864999999999999636e+04 1.449772998019876157e-04
1.865999999999999636e+04 1.412960023846624379e-04
1.866999999999999636e+04 1.375780781080059468e-04
1.867999999999999636e+04 1.339719876620684854e-04
1.868999999999999636e+04 1.306411600364987269e-04
1.869999999999999636e+04 1.276432590987331209e-04
1.870999999999999636e+04 1.246169763384178558e-04
1.871999999999999636e+04 1.218939204863511428e-04
1.872999999999999636e+04 1.192952474713751814e-04
1.873999999999999636e+04 1.173514296606944693e-04
1.874999999999999636e+04 1.157783180878142011e-04
1.875999999999999636e+04 1.142565032481086162e-04
1.876999999999999636e+04 1.129127410431947088e-04
1.877999999999999636e+04 1.120426489499140246e-04
1.878999999999999636e+04 1.114743364974717023e-04
1.879999999999999636e+04 1.111027952151343636e-04
1.880999999999999636e+04 1.108940494428441458e-04
1.881999999999999636e+04 1.109300068664605625e-04
1.882999999999999636e+04 1.114376845340280371e-04
1.883999999999999636e+04 1.122641379674958615e-04
1.884999999999999636e+04 1.133285228692695792e-04
1.885999999999999636e+04 1.146178970401807740e-04
1.886999999999999636e+04 1.162117439779068983e-04
1.887999999999999636e+04 1.181174348278714575e-04
1.888999999999999636e+04 1.201288561559174956e-04
1.889999999999999636e+04 1.224543828632773267e-04
1.890999999999999636e+04 1.251127464476817458e-04
1.891999999999999636e+04 1.280531320393080239e-04
1.892999999999999636e+04 1.311289000222194809e-04
1.893999999999999636e+04 1.345652541893183670e-04
1.894999999999999636e+04 1.377942335497756043e-04
1.895999999999999636e+04 1.414878901677437794e-04
1.896999999999999636e+04 1.449469955817792532e-04
1.897999999999999636e+04 1.484455639306004107e-04
1.898999999999999636e+04 1.517307291542889351e-04
1.899999999999999636e+04 1.554113307713677814e-04
1.900999999999999636e+04 1.583424262155626089e-04
1.901999999999999636e+04 1.610786842212813769e-04
1.902999999999999636e+04 1.637729245842922557e-04
1.903999999999999636e+04 1.652760698439562559e-04
1.904999999999999636e+04 1.668325174865285950e-04
1.905999999999999636e+04 1.677979286941616317e-04
1.906999999999999636e+04 1.679719172554737733e-04
1.907999999999999636e+04 1.671998773772961509e-04
1.908999999999999636e+04 1.662172709468430032e-04
1.909999999999999636e+04 1.647508135086191313e-04
1.910999999999999636e+04 1.624240354864233858e-04
1.911999999999999636e+04 1.595694134788623987e-04
1.912999999999999636e+04 1.565463134797529540e-04
1.913999999999999636e+04 1.533553100644327724e-04
1.914999999999999636e+04 1.497190896015406587e-04
1.915999999999999636e+04 1.458531528505944465e-04
1.916999999999999636e+04 1.422106555182315560e-04
1.917999999999999636e+04 1.387361869777857743e-04
1.918999999999999636e+04 1.347230555563295063e-04
1.919999999999999636e+04 1.311042317320026702e-04
1.920999999999999636e+04 1.280985864732496493e-04
1.921999999999999636e+04 1.247339361382239324e-04
1.922999999999999636e+04 1.216337477798923208e-04
1.923999999999999636e+04 1.187642738721785739e-04
1.924999999999999636e+04 1.164265146905705856e-04
1.925999999999999636e+04 1.141855874679130798e-04
1.926999999999999636e+04 1.123208092895934920e-04
1.927999999999999636e+04 1.103859023297526048e-04
1.928999999999999636e+04 1.091409237738218840e-04
1.929999999999999636e+04 1.079382845239312258e-04
1.930999999999999636e+04 1.070191929712891214e-04
1.931999999999999636e+04 1.063514635048430125e-04
1.932999999999999636e+04 1.057787885168714966e-04
1.933999999999999636e+04 1.057540455208820577e-04
1.934999999999999636e+04 1.058981084728703563e-04
1.935999999999999636e+04 1.061808304575325243e-04
1.936999999999999636e+04 1.065920799604851312e-04
1.937999999999999636e+04 1.076536531375480273e-04
1.938999999999999636e+04 1.089682330294994690e-04
1.939999999999999636e+04 1.103465299945466258e-04
1.940999999999999636e+04 1.119843408562266028e-04
1.941999999999999636e+04 1.140132048614335972e-04
1.942999999999999636e+04 1.162880817119492274e-04
1.943999999999999636e+04 1.186287742060424455e-04
1.944999999999999636e+04 1.214318577079987241e-04
1.945999999999999636e+04 1.243880856503596505e-04
1.946999999999999636e+04 1.277349404415370981e-04
1.947999999999999636e+04 1.314514039838401809e-04
1.948999999999999636e+04 1.352095020820342727e-04
1.949999999999999636e+04 1.390096039196026640e-04
1.950999999999999636e+04 1.430732341469734205e-04
1.951999999999999636e+04 1.473130360134661254e-04
1.952999999999999636e+04 1.515486437929097904e-04
1.953999999999999636e+04 1.556737979145649312e-04
1.954999999999999636e+04 1.598294391966886244e-04
1.955999999999999636e+04 1.638039461391562423e-04
1.956999999999999636e+04 1.677183100391397023e-04
1.957999999999999636e+04 1.710839997162104105e-04
1.958999999999999636e+04 1.736737788509988339e-04
1.959999999999999636e+04 1.757794587632297012e-04
1.960999999999999636e+04 1.774242531999814087e-04
1.961999999999999636e+04 1.778803497407221664e-04
1.962999999999999636e+04 1.782875174955072574e-04
1.963999999999999636e+04 1.777407977159464834e-04
1.964999999999999636e+04 1.767406861957768411e-04
1.965999999999999636e+04 1.744740107805764745e-04
1.966999999999999636e+04 1.719027527490255827e-04
1.967999999999999636e+04 1.688700047819419333e-04
1.968999999999999636e+04 1.652242542425752644e-04
1.969999999999999636e+04 1.616258840168067904e-04
1.970999999999999636e+04 1.577282627922098595e-04
1.971999999999999636e+04 1.535680869877902391e-04
1.972999999999999636e+04 1.496654492679517503e-04
1.973999999999999636e+04 1.455364396567530990e-04
1.974999999999999636e+04 1.413853814734394550e-04
1.975999999999999636e+04 1.376349225651801516e-04
1.976999999999999636e+04 1.339699407787750638e-04
1.977999999999999636e+04 1.303241078141650336e-04
1.978999999999999636e+04 1.270532581250822266e-04
1.979999999999999636e+04 1.237801348885001200e-04
1.980999999999999636e+04 1.210342572885926056e-04
1.981999999999999636e+04 1.188319835338295488e-04
1.982999999999999636e+04 1.165292626488856678e-04
1.983999999999999636e+04 1.144278803323672865e-04
1.984999999999999636e+04 1.125767355099422182e-04
1.985999999999999636e+04 1.112063364672351555e-04
1.986999999999999636e+04 1.099864661239498498e-04
1.987999999999999636e+04 1.087481384288399881e-04
1.988999999999999636e+04 1.079673399892628493e-04
1.989999999999999636e+04 1.076724192082848609e-04
1.990999999999999636e+04 1.074106519560385023e-04
1.991999999999999636e+04 1.072276076077717088e-04
1.992999999999999636e+04 1.076134972366788481e-04
1.993999999999999636e+04 1.080538240143467910e-04
1.994999999999999636e+04 1.085391803610342797e-04
1.995999999999999636e+04 1.093303234460462307e-04
1.996999999999999636e+04 1.105858565072328131e-04
1.997999999999999636e+04 1.120239647814559868e-04
1.998999999999999636e+04 1.135627772855849442e-04
1.999999999999999636e+04 1.153335498602096258e-04
2.000999999999999636e+04 1.172731689618536366e-04
2.001999999999999636e+04 1.194857618345779516e-04
2.002999999999999636e+04 1.217527346376251019e-04
2.003999999999999636e+04 1.246050868108736925e-04
2.004999999999999636e+04 1.272994533961443748e-04
2.005999999999999636e+04 1.302607370082280636e-04
2.006999999999999636e+04 1.335165749961907437e-04
2.007999999999999636e+04 1.365769216921512458e-04
2.008999999999999636e+04 1.394391634351931314e-04
2.009999999999999636e+04 1.427064468837060506e-04
2.010999999999999636e+04 1.457167059302798609e-04
2.011999999999999636e+04 1.485156245176351127e-04
2.012999999999999636e+04 1.514857418757494217e-04
2.013999999999999636e+04 1.542669189580795437e-04
2.014999999999999636e+04 1.565538469182914687e-04
2.015999999999999636e+04 1.585458281481913066e-04
2.016999999999999636e+04 1.600941820053381848e-04
2.017999999999999636e+04 1.609567982737533285e-04
2.018999999999999636e+04 1.615149000901288127e-04
2.019999999999999636e+04 1.614162911648175176e-04
2.020999999999999636e+04 1.609873417168805360e-04
2.021999999999999636e+04 1.603669727288967281e-04
2.022999999999999636e+04 1.588002613759138435e-04
2.023999999999999636e+04 1.568652591626859506e-04
2.024999999999999636e+04 1.546581651282769466e-04
2.025999999999999636e+04 1.520007637205086362e-04
2.026999999999999636e+04 1.492704687874049847e-04
2.027999999999999636e+04 1.463708948835010378e-04
2.028999999999999636e+04 1.432993580938631266e-04
2.029999999999999636e+04 1.401840332802586605e-04
2.030999999999999636e+04 1.368543047566782821e-04
2.031999999999999636e+04 1.334099527836011981e-04
2.032999999999999636e+04 1.303035021980811236e-04
2.033999999999999636e+04 1.272320320343160271e-04
2.034999999999999636e+04 1.244114089695547805e-04
2.035999999999999636e+04 1.217759638168458108e-04
2.036999999999999636e+04 1.190388161578612728e-04
2.037999999999999636e+04 1.167732826785614276e-04
2.038999999999999636e+04 1.145403456291261608e-04
2.039999999999999636e+04 1.124668900670301199e-04
2.040999999999999636e+04 1.105953214219209470e-04
2.041999999999999636e+04 1.089461930682844603e-04
2.042999999999999636e+04 1.075625693855700762e-04
2.043999999999999636e+04 1.060962840935612931e-04
2.044999999999999636e+04 1.052560491577532361e-04
2.045999999999999636e+04 1.043525862723093927e-04
2.046999999999999636e+04 1.036722656951226070e-04
2.047999999999999636e+04 1.034078638693550862e-04
2.048999999999999636e+04 1.033190137914645300e-04
2.049999999999999636e+04 1.032041742471837627e-04
2.050999999999999636e+04 1.036908282955545049e-04
2.051999999999999636e+04 1.040986221400814143e-04
2.052999999999999636e+04 1.046607149037003838e-04
2.053999999999999636e+04 1.056849561926660345e-04
2.054999999999999636e+04 1.068786001602797792e-04
2.055999999999999636e+04 1.080903126625056172e-04
2.056999999999999636e+04 1.096260538512053252e-04
2.057999999999999636e+04 1.112865047091630039e-04
2.058999999999999636e+04 1.131494073983075233e-04
2.059999999999999636e+04 1.153477755174583079e-04
2.060999999999999636e+04 1.178354711281513696e-04
2.061999999999999636e+04 1.200869896312548079e-04
2.062999999999999636e+04 1.230020106809476483e-04
2.063999999999999636e+04 1.257528286458738131e-04
2.064999999999999636e+04 1.287945832375893013e-04
2.065999999999999636e+04 1.319248553302165448e-04
2.066999999999999636e+04 1.354502101695387946e-04
2.067999999999999636e+04 1.384969391249747770e-04
2.068999999999999636e+04 1.413629518371162794e-04
2.069999999999999636e+04 1.443668228573287632e-04
2.070999999999999636e+04 1.474539933171733596e-04
2.071999999999999636e+04 1.504077723684900186e-04
2.072999999999999636e+04 1.522920940891812143e-04
2.073999999999999636e+04 1.541076543591354060e-04
2.074999999999999636e+04 1.562157703154230966e-04
2.075999999999999636e+04 1.571184091091821686e-04
2.076999999999999636e+04 1.573824701813686844e-04
2.077999999999999636e+04 1.576708409668155805e-04
2.078999999999999636e+04 1.566591988423266294e-04
2.079999999999999636e+04 1.556015199512200762e-04
2.080999999999999636e+04 1.539406954516575588e-04
2.081999999999999636e+04 1.511658019503764739e-04
2.082999999999999636e+04 1.486304842076727824e-04
2.083999999999999636e+04 1.452266032060470506e-04
2.084999999999999636e+04 1.419634363026734021e-04
2.085999999999999636e+04 1.377329204176127881e-04
2.086999999999999636e+04 1.334242585833440159e-04
2.087999999999999636e+04 1.296203288759111190e-04
2.088999999999999636e+04 1.254014280814502800e-04
2.089999999999999636e+04 1.211027913121902870e-04
2.090999999999999636e+04 1.166234845779076510e-04
2.091999999999999636e+04 1.126742826823992161e-04
2.092999999999999636e+04 1.088697174875541011e-04
2.093999999999999636e+04 1.051143023896985372e-04
2.094999999999999636e+04 1.015345414130701591e-04
2.095999999999999636e+04 9.802744557663841329e-05
2.096999999999999636e+04 9.479192625237156319e-05
2.097999999999999636e+04 9.165458135030124585e-05
2.098999999999999636e+04 8.993041815845588798e-05
2.099999999999999636e+04 0.000000000000000000e+00
