3.639999999999999545e+03 0.000000000000000000e+00
3.649999999999999545e+03 7.266546160610623999e-18
3.659999999999999545e+03 0.000000000000000000e+00
3.669999999999999545e+03 0.000000000000000000e+00
3.679999999999999545e+03 0.000000000000000000e+00
3.689999999999999545e+03 0.000000000000000000e+00
3.699999999999999545e+03 0.000000000000000000e+00
3.709999999999999545e+03 0.000000000000000000e+00
3.719999999999999545e+03 0.000000000000000000e+00
3.729999999999999545e+03 0.000000000000000000e+00
3.739999999999999545e+03 0.000000000000000000e+00
3.749999999999999545e+03 0.000000000000000000e+00
3.759999999999999545e+03 0.000000000000000000e+00
3.769999999999999545e+03 0.000000000000000000e+00
3.779999999999999545e+03 0.000000000000000000e+00
3.789999999999999545e+03 0.000000000000000000e+00
3.799999999999999545e+03 0.000000000000000000e+00
3.809999999999999545e+03 0.000000000000000000e+00
3.819999999999999545e+03 0.000000000000000000e+00
3.829999999999999545e+03 0.000000000000000000e+00
3.839999999999999091e+03 0.000000000000000000e+00
3.849999999999999091e+03 0.000000000000000000e+00
3.859999999999999091e+03 1.669796566948124857e-11
3.869999999999999091e+03 2.568081687618562955e-12
3.879999999999999091e+03 0.000000000000000000e+00
3.889999999999999091e+03 0.000000000000000000e+00
3.899999999999999091e+03 1.712540848074000393e-12
3.909999999999999091e+03 0.000000000000000000e+00
3.919999999999999091e+03 0.000000000000000000e+00
3.929999999999999091e+03 0.000000000000000000e+00
3.939999999999999091e+03 0.000000000000000000e+00
3.949999999999999091e+03 0.000000000000000000e+00
3.959999999999999091e+03 1.096542205880099968e-12
3.969999999999999091e+03 3.962518909845999932e-13
3.979999999999999091e+03 1.408545419465450213e-13
3.989999999999999091e+03 0.000000000000000000e+00
3.999999999999999091e+03 0.000000000000000000e+00
4.009999999999999091e+03 7.547572455024875511e-14
4.019999999999999091e+03 2.135396783919437730e-13
4.029999999999999091e+03 9.480982395185438844e-14
4.039999999999999091e+03 3.140551225636650062e-13
4.049999999999999091e+03 3.103556324164624856e-14
4.059999999999999091e+03 5.587088786345500148e-15
4.069999999999999091e+03 2.268793523598569174e-13
4.079999999999999091e+03 2.084822061015925168e-13
4.089999999999999091e+03 8.258826936971625518e-14
4.099999999999999091e+03 0.000000000000000000e+00
4.109999999999999091e+03 0.000000000000000000e+00
4.119999999999999091e+03 0.000000000000000000e+00
4.129999999999999091e+03 0.000000000000000000e+00
4.139999999999999091e+03 0.000000000000000000e+00
4.149999999999999091e+03 0.000000000000000000e+00
4.159999999999999091e+03 0.000000000000000000e+00
4.169999999999999091e+03 0.000000000000000000e+00
4.179999999999999091e+03 0.000000000000000000e+00
4.189999999999999091e+03 0.000000000000000000e+00
4.199999999999999091e+03 0.000000000000000000e+00
4.209999999999999091e+03 0.000000000000000000e+00
4.219999999999999091e+03 0.000000000000000000e+00
4.229999999999999091e+03 0.000000000000000000e+00
4.239999999999999091e+03 0.000000000000000000e+00
4.249999999999999091e+03 0.000000000000000000e+00
4.259999999999999091e+03 0.000000000000000000e+00
4.269999999999999091e+03 0.000000000000000000e+00
4.279999999999999091e+03 0.000000000000000000e+00
4.289999999999999091e+03 0.000000000000000000e+00
4.299999999999999091e+03 0.000000000000000000e+00
4.309999999999999091e+03 1.085150399066868784e-13
4.319999999999999091e+03 1.545367924228012674e-14
4.329999999999999091e+03 1.502397115615199966e-14
4.339999999999999091e+03 9.163916934770499002e-14
4.349999999999999091e+03 2.175203188446225386e-13
4.359999999999999091e+03 2.152688239948575460e-14
4.369999999999999091e+03 4.245346230859124975e-13
4.379999999999999091e+03 1.305401448206913458e-13
4.389999999999999091e+03 1.367331144237660175e-12
4.399999999999999091e+03 1.751088000235586299e-13
4.409999999999999091e+03 8.221185593112623927e-12
4.419999999999999091e+03 0.000000000000000000e+00
4.429999999999999091e+03 0.000000000000000000e+00
4.439999999999999091e+03 0.000000000000000000e+00
4.449999999999999091e+03 0.000000000000000000e+00
4.459999999999999091e+03 0.000000000000000000e+00
4.469999999999999091e+03 0.000000000000000000e+00
4.479999999999999091e+03 2.495041734661769918e-11
4.489999999999999091e+03 0.000000000000000000e+00
4.499999999999999091e+03 0.000000000000000000e+00
4.509999999999999091e+03 5.653041988806647624e-11
4.519999999999999091e+03 7.941087657117380159e-12
4.529999999999999091e+03 0.000000000000000000e+00
4.539999999999999091e+03 0.000000000000000000e+00
4.549999999999999091e+03 0.000000000000000000e+00
4.559999999999999091e+03 0.000000000000000000e+00
4.569999999999999091e+03 0.000000000000000000e+00
4.579999999999999091e+03 2.240535106245038961e-11
4.589999999999999091e+03 0.000000000000000000e+00
4.599999999999999091e+03 0.000000000000000000e+00
4.609999999999999091e+03 5.353834717296449755e-09
4.619999999999999091e+03 1.376298471707198940e-09
4.629999999999999091e+03 7.186283948016345764e-09
4.639999999999999091e+03 0.000000000000000000e+00
4.649999999999999091e+03 0.000000000000000000e+00
4.659999999999999091e+03 0.000000000000000000e+00
4.669999999999999091e+03 0.000000000000000000e+00
4.679999999999999091e+03 0.000000000000000000e+00
4.689999999999999091e+03 1.101474718445519239e-09
4.699999999999999091e+03 4.487243893817629673e-09
4.709999999999999091e+03 6.417298689596603117e-08
4.719999999999999091e+03 2.655811715690215677e-09
4.729999999999999091e+03 0.000000000000000000e+00
4.739999999999999091e+03 4.884899487189881135e-08
4.749999999999999091e+03 1.657010272055453176e-08
4.759999999999999091e+03 9.486513101786800933e-08
4.769999999999999091e+03 2.506971702506985047e-07
4.779999999999999091e+03 2.831220980945988072e-07
4.789999999999999091e+03 6.256129189264395426e-06
4.799999999999999091e+03 2.554331635469011810e-06
4.809999999999999091e+03 1.961068715074084328e-06
4.819999999999999091e+03 4.004999894886896457e-06
4.829999999999999091e+03 9.241687788712593706e-07
4.839999999999999091e+03 1.858528413820616974e-07
4.849999999999999091e+03 2.234150710561560198e-07
4.859999999999999091e+03 4.676283070063604884e-07
4.869999999999999091e+03 4.631483382596236131e-07
4.879999999999999091e+03 5.525264685599750539e-07
4.889999999999999091e+03 3.122254679075477652e-08
4.899999999999999091e+03 9.211340205789162297e-09
4.909999999999999091e+03 1.605824057428226442e-08
4.919999999999999091e+03 4.146392688668182116e-08
4.929999999999999091e+03 1.404409639103897989e-07
4.939999999999999091e+03 1.855873199199211633e-07
4.949999999999999091e+03 9.407040271929590248e-07
4.959999999999999091e+03 9.733802951000537119e-07
4.969999999999999091e+03 7.298647147875209411e-07
4.979999999999999091e+03 2.883658952185040262e-07
4.989999999999999091e+03 2.433963110122675064e-07
4.999999999999999091e+03 1.643621377898892131e-07
5.009999999999999091e+03 7.319702744110741127e-08
5.019999999999999091e+03 1.100154064733172859e-07
5.029999999999999091e+03 9.558164647531501477e-08
5.039999999999999091e+03 1.234612989096501146e-07
5.049999999999999091e+03 1.451288743444190265e-08
5.059999999999999091e+03 3.393150672593415430e-09
5.069999999999999091e+03 2.446711094993713985e-09
5.079999999999999091e+03 4.834679718890083358e-09
5.089999999999999091e+03 2.920832719881804424e-09
5.099999999999999091e+03 4.978194699359489857e-10
5.109999999999999091e+03 2.127891246989669013e-10
5.119999999999999091e+03 9.094817883752160223e-10
5.129999999999999091e+03 4.728633675810424177e-10
5.139999999999999091e+03 1.094398909143801653e-09
5.149999999999999091e+03 1.398725587948142951e-08
5.159999999999999091e+03 1.167786705003852698e-08
5.169999999999999091e+03 1.834935321297003433e-08
5.179999999999999091e+03 5.888506446574930122e-09
5.189999999999999091e+03 1.265671626875925414e-09
5.199999999999999091e+03 1.217803077870507619e-09
5.209999999999999091e+03 1.179657101559777614e-09
5.219999999999999091e+03 6.298492396046812626e-10
5.229999999999999091e+03 6.947864186963464107e-10
5.239999999999999091e+03 2.590667928855517651e-09
5.249999999999999091e+03 2.052101779207758964e-08
5.259999999999999091e+03 8.647397158152663643e-09
5.269999999999999091e+03 2.157883383232126600e-08
5.279999999999999091e+03 2.941882693121841224e-09
5.289999999999999091e+03 2.907622925554058434e-09
5.299999999999999091e+03 1.174873659463559999e-08
5.309999999999999091e+03 6.102548031875487796e-10
5.319999999999999091e+03 5.571505607061428892e-10
5.329999999999999091e+03 4.642367099893941252e-09
5.339999999999999091e+03 2.248734355181141813e-09
5.349999999999999091e+03 6.155273005343175347e-10
5.359999999999999091e+03 1.684973054411858956e-09
5.369999999999999091e+03 1.808904551571602871e-09
5.379999999999999091e+03 2.859357693009955966e-10
5.389999999999999091e+03 1.239373175554551199e-09
5.399999999999999091e+03 7.284715357190425221e-11
5.409999999999999091e+03 4.935506951577037302e-12
5.419999999999999091e+03 2.766665279497438003e-12
5.429999999999999091e+03 1.278297175985900033e-12
5.439999999999999091e+03 2.125965352722443872e-12
5.449999999999999091e+03 1.618202081876187539e-12
5.459999999999999091e+03 4.176473766867500786e-14
5.469999999999999091e+03 1.090248963956250036e-14
5.479999999999999091e+03 1.502902385188749872e-14
5.489999999999999091e+03 2.117885041664437791e-14
5.499999999999999091e+03 1.354429601927500048e-15
5.509999999999999091e+03 1.585830315846874838e-15
5.519999999999999091e+03 3.365458255031250627e-14
5.529999999999999091e+03 2.893974204817500579e-15
5.539999999999999091e+03 1.925854082705000081e-15
5.549999999999999091e+03 2.626520170846250436e-15
5.559999999999999091e+03 0.000000000000000000e+00
5.569999999999999091e+03 0.000000000000000000e+00
5.579999999999999091e+03 0.000000000000000000e+00
5.589999999999999091e+03 0.000000000000000000e+00
5.599999999999999091e+03 0.000000000000000000e+00
5.609999999999999091e+03 0.000000000000000000e+00
5.619999999999999091e+03 0.000000000000000000e+00
5.629999999999999091e+03 0.000000000000000000e+00
5.639999999999999091e+03 0.000000000000000000e+00
5.649999999999999091e+03 1.839853777566875110e-15
5.659999999999999091e+03 4.258487396756250476e-15
5.669999999999999091e+03 0.000000000000000000e+00
5.679999999999999091e+03 0.000000000000000000e+00
5.689999999999999091e+03 1.871892776906250060e-15
5.699999999999999091e+03 8.071774873785000103e-15
5.709999999999999091e+03 6.571992875909999963e-15
5.719999999999999091e+03 1.275632104556250159e-15
5.729999999999999091e+03 0.000000000000000000e+00
5.739999999999999091e+03 0.000000000000000000e+00
5.749999999999999091e+03 0.000000000000000000e+00
5.759999999999999091e+03 1.123324170368749991e-16
5.769999999999999091e+03 7.221705395730000542e-17
5.779999999999999091e+03 1.501762445048250011e-16
5.789999999999999091e+03 3.337214932800000298e-16
5.799999999999999091e+03 4.399485476610000471e-16
5.809999999999999091e+03 1.650884574508749968e-14
5.819999999999999091e+03 1.559946800363000282e-15
5.829999999999999091e+03 4.611976074055000022e-16
5.839999999999999091e+03 1.185242023861875009e-15
5.849999999999999091e+03 3.361515876180000028e-15
5.859999999999999091e+03 3.808430767732500679e-15
5.869999999999999091e+03 5.127841132837500718e-14
5.879999999999999091e+03 1.439823508943750038e-13
5.889999999999999091e+03 3.784974216331874793e-13
5.899999999999999091e+03 4.606987994840000081e-13
5.909999999999999091e+03 5.015046185690624949e-13
5.919999999999999091e+03 1.624239137469374992e-12
5.929999999999999091e+03 4.777641016364999802e-12
5.939999999999999091e+03 6.178001085506250721e-12
5.949999999999999091e+03 5.383234550001875369e-12
5.959999999999999091e+03 9.086033784835001351e-12
5.969999999999999091e+03 1.558957927191875049e-11
5.979999999999999091e+03 1.198076213223750234e-11
5.989999999999999091e+03 7.607006004377500012e-12
5.999999999999999091e+03 6.771850583649375298e-12
6.009999999999999091e+03 1.247270741125937468e-11
6.019999999999999091e+03 8.470316285462500345e-12
6.029999999999999091e+03 5.155269302890000336e-12
6.039999999999999091e+03 3.659981285073750276e-12
6.049999999999999091e+03 9.338326564104998867e-13
6.059999999999999091e+03 2.223478287712500149e-13
6.069999999999999091e+03 2.879288345482500102e-13
6.079999999999999091e+03 4.137015504588749918e-13
6.089999999999999091e+03 5.399054943975000526e-13
6.099999999999999091e+03 2.436436235520000139e-12
6.109999999999999091e+03 3.204569576635000537e-12
6.119999999999999091e+03 4.838974653393125354e-12
6.129999999999999091e+03 6.020735102672501056e-12
6.139999999999999091e+03 4.447612132674375214e-12
6.149999999999999091e+03 5.691702704940000182e-12
6.159999999999999091e+03 9.973017991273751332e-12
6.169999999999999091e+03 1.133933254776437533e-11
6.179999999999999091e+03 5.801457932431875515e-12
6.189999999999999091e+03 6.584614526700001095e-12
6.199999999999999091e+03 6.336937361475000385e-12
6.209999999999999091e+03 8.381469410002501709e-12
6.219999999999999091e+03 1.753805557059062768e-11
6.229999999999999091e+03 2.601979012126375302e-11
6.239999999999999091e+03 2.049589675013562701e-11
6.249999999999999091e+03 1.235166168085062430e-11
6.259999999999999091e+03 4.392253154630250704e-12
6.269999999999999091e+03 3.721405118429250824e-12
6.279999999999999091e+03 2.172166635611000290e-12
6.289999999999999091e+03 4.640089508984999580e-13
6.299999999999999091e+03 5.111130044181874792e-13
6.309999999999999091e+03 2.930819596452562431e-12
6.319999999999999091e+03 4.535601188342000049e-12
6.329999999999999091e+03 5.469784830006875076e-12
6.339999999999999091e+03 5.001175318518750336e-12
6.349999999999999091e+03 5.541398804112499576e-12
6.359999999999999091e+03 4.366081832017500782e-12
6.369999999999999091e+03 5.058805646440000681e-12
6.379999999999999091e+03 5.366083554536249716e-12
6.389999999999999091e+03 1.009736582448562597e-11
6.399999999999999091e+03 2.298137596625062436e-11
6.409999999999999091e+03 3.079218235979375293e-11
6.419999999999999091e+03 1.141571933293750012e-11
6.429999999999999091e+03 8.180719924711251624e-12
6.439999999999999091e+03 9.725741308500000194e-12
6.449999999999999091e+03 1.310629261549999887e-11
6.459999999999999091e+03 2.918884303825000360e-11
6.469999999999999091e+03 5.139607437851249770e-11
6.479999999999999091e+03 7.156218380338125271e-11
6.489999999999999091e+03 5.519444553297499570e-11
6.499999999999999091e+03 4.641649745118750069e-11
6.509999999999999091e+03 4.995882768555000104e-11
6.519999999999999091e+03 4.157600439440000731e-11
6.529999999999999091e+03 3.981176306719500177e-11
6.539999999999999091e+03 4.559009878080000697e-11
6.549999999999999091e+03 3.846663898017500991e-11
6.559999999999999091e+03 2.877464038181250006e-11
6.569999999999999091e+03 1.508526847766312689e-11
6.579999999999999091e+03 1.600349946586562657e-11
6.589999999999999091e+03 9.208094564760002436e-12
6.599999999999999091e+03 1.239908538827437474e-11
6.609999999999999091e+03 9.885867666639999813e-12
6.619999999999999091e+03 4.375870750287750247e-12
6.629999999999999091e+03 2.297862431079687687e-12
6.639999999999999091e+03 2.026031501704437619e-12
6.649999999999999091e+03 1.023734494753250015e-12
6.659999999999999091e+03 5.566533356746250438e-12
6.669999999999999091e+03 7.309989277451874428e-12
6.679999999999999091e+03 6.489077013921250525e-12
6.689999999999999091e+03 1.335290871886124950e-11
6.699999999999999091e+03 1.179756495578062620e-11
6.709999999999999091e+03 1.060483924552500241e-11
6.719999999999999091e+03 7.662450110385000546e-12
6.729999999999999091e+03 9.984199354806250389e-12
6.739999999999999091e+03 7.538603199977500159e-12
6.749999999999999091e+03 3.053741776505000282e-12
6.759999999999999091e+03 6.337611661499999672e-13
6.769999999999999091e+03 1.122451269772874919e-12
6.779999999999999091e+03 8.335770485980000302e-13
6.789999999999999091e+03 1.110857642216875086e-12
6.799999999999999091e+03 7.649200010156250547e-13
6.809999999999999091e+03 8.451175450313750244e-14
6.819999999999999091e+03 3.222425989636875212e-15
6.829999999999999091e+03 0.000000000000000000e+00
6.839999999999999091e+03 1.203661087877500275e-13
6.849999999999999091e+03 2.636485787446875051e-13
6.859999999999999091e+03 1.996437697581250085e-13
6.869999999999999091e+03 5.525993984100625788e-13
6.879999999999999091e+03 1.672725951232875107e-12
6.889999999999999091e+03 1.450525096755000021e-12
6.899999999999999091e+03 4.273056173531250535e-12
6.909999999999999091e+03 5.098360214850000146e-12
6.919999999999999091e+03 1.877525667768625108e-11
6.929999999999999091e+03 2.230985984130750138e-11
6.939999999999999091e+03 4.558603147455000590e-11
6.949999999999999091e+03 7.787035812351251351e-11
6.959999999999999091e+03 5.224533239231250091e-11
6.969999999999999091e+03 5.773943486609375610e-11
6.979999999999999091e+03 8.097540801524999209e-11
6.989999999999999091e+03 4.990135060837499161e-11
6.999999999999999091e+03 3.012172649605437426e-11
7.009999999999999091e+03 2.560531298798812399e-11
7.019999999999999091e+03 2.130204394368749943e-11
7.029999999999999091e+03 2.679577826050125311e-12
7.039999999999999091e+03 1.521570976406249961e-12
7.049999999999999091e+03 3.908907927244249817e-12
7.059999999999999091e+03 0.000000000000000000e+00
7.069999999999999091e+03 7.259521572428125283e-12
7.079999999999999091e+03 5.253957773531251247e-13
7.089999999999999091e+03 0.000000000000000000e+00
7.099999999999999091e+03 3.718332227826125209e-12
7.109999999999999091e+03 5.271960946754687959e-12
7.119999999999999091e+03 3.273482904194999988e-12
7.129999999999999091e+03 1.485645362206250095e-12
7.139999999999999091e+03 5.458389761825000015e-12
7.149999999999999091e+03 1.691426816845500342e-11
7.159999999999999091e+03 6.967015584725001513e-12
7.169999999999999091e+03 4.954647659609375708e-12
7.179999999999999091e+03 3.162164107473000748e-12
7.189999999999999091e+03 3.086435519690687687e-12
7.199999999999999091e+03 8.850735689040000924e-12
7.209999999999999091e+03 1.092363021441562519e-11
7.219999999999999091e+03 1.215991737161249895e-12
7.229999999999999091e+03 5.023583382956250269e-12
7.239999999999999091e+03 3.159999858672125271e-13
7.249999999999999091e+03 7.680165006150001744e-12
7.259999999999999091e+03 3.393266479067499633e-12
7.269999999999999091e+03 1.294412033016375027e-12
7.279999999999999091e+03 3.190743569348999563e-12
7.289999999999999091e+03 1.583857231952625201e-12
7.299999999999999091e+03 3.154418801816625563e-13
7.309999999999999091e+03 1.907147543869312728e-12
7.319999999999999091e+03 1.181694530057125077e-11
7.329999999999999091e+03 0.000000000000000000e+00
7.339999999999999091e+03 7.420536425181250055e-12
7.349999999999999091e+03 0.000000000000000000e+00
7.359999999999999091e+03 2.513301796229437606e-11
7.369999999999999091e+03 1.000832524807499937e-11
7.379999999999999091e+03 1.164783461205000233e-11
7.389999999999999091e+03 1.585169786242874895e-11
7.399999999999999091e+03 2.968492040133812431e-11
7.409999999999999091e+03 2.606484969616499982e-11
7.419999999999999091e+03 6.396153810821250016e-12
7.429999999999999091e+03 1.656636761965500128e-11
7.439999999999999091e+03 2.203088740667500399e-11
7.449999999999999091e+03 2.780191664973624897e-11
7.459999999999999091e+03 8.857415074060001747e-12
7.469999999999999091e+03 0.000000000000000000e+00
7.479999999999999091e+03 6.468412487880001162e-12
7.489999999999999091e+03 6.192506932500000749e-14
7.499999999999999091e+03 1.652946037069249962e-13
7.509999999999999091e+03 2.450130110631000195e-12
7.519999999999999091e+03 0.000000000000000000e+00
7.529999999999999091e+03 0.000000000000000000e+00
7.539999999999999091e+03 9.186206359084999192e-12
7.549999999999999091e+03 0.000000000000000000e+00
7.559999999999999091e+03 1.814782578261187777e-12
7.569999999999999091e+03 3.086056222086250356e-12
7.579999999999999091e+03 0.000000000000000000e+00
7.589999999999999091e+03 0.000000000000000000e+00
7.599999999999999091e+03 2.137541640397624928e-12
7.609999999999999091e+03 1.417510298975750126e-12
7.619999999999999091e+03 3.159861581664375211e-12
7.629999999999999091e+03 9.977873774225000359e-13
7.639999999999999091e+03 0.000000000000000000e+00
7.649999999999999091e+03 0.000000000000000000e+00
7.659999999999999091e+03 0.000000000000000000e+00
7.669999999999999091e+03 4.384611393513749898e-13
7.679999999999998181e+03 3.843509514075000827e-13
7.689999999999998181e+03 1.005674744019749946e-12
7.699999999999998181e+03 1.364915745632250262e-12
7.709999999999998181e+03 0.000000000000000000e+00
7.719999999999998181e+03 0.000000000000000000e+00
7.729999999999998181e+03 2.890049608648124797e-13
7.739999999999998181e+03 4.591696513022499781e-12
7.749999999999998181e+03 0.000000000000000000e+00
7.759999999999998181e+03 2.754402861749000776e-13
7.769999999999998181e+03 9.129284784007500866e-13
7.779999999999998181e+03 0.000000000000000000e+00
7.789999999999998181e+03 6.692638357199374845e-12
7.799999999999998181e+03 5.429422492830001209e-12
7.809999999999998181e+03 2.117753661213750013e-11
7.819999999999998181e+03 5.389647817399999956e-11
7.829999999999998181e+03 2.219768057784375113e-11
7.839999999999998181e+03 1.558240009234999982e-11
7.849999999999998181e+03 1.991661994594999890e-12
7.859999999999998181e+03 0.000000000000000000e+00
7.869999999999998181e+03 2.870605426933125340e-12
7.879999999999998181e+03 5.192554774093749375e-12
7.889999999999998181e+03 1.851370102680000232e-12
7.899999999999998181e+03 0.000000000000000000e+00
7.909999999999998181e+03 2.244568999427562567e-12
7.919999999999998181e+03 6.408426160885000328e-12
7.929999999999998181e+03 1.298978669769812745e-12
7.939999999999998181e+03 0.000000000000000000e+00
7.949999999999998181e+03 1.885757254392374958e-12
7.959999999999998181e+03 1.888965467707500182e-12
7.969999999999998181e+03 2.049436004211749944e-12
7.979999999999998181e+03 1.185428118077000172e-11
7.989999999999998181e+03 1.812410750965499809e-11
7.999999999999998181e+03 1.846905983980750026e-11
8.009999999999998181e+03 3.620202602812927586e-12
8.019999999999998181e+03 0.000000000000000000e+00
8.029999999999998181e+03 2.186422590443576551e-13
8.039999999999998181e+03 2.052969873610825502e-12
8.049999999999998181e+03 6.328089870757451907e-12
8.059999999999998181e+03 0.000000000000000000e+00
8.069999999999998181e+03 0.000000000000000000e+00
8.079999999999998181e+03 0.000000000000000000e+00
8.089999999999998181e+03 1.956976842698945866e-12
8.099999999999998181e+03 0.000000000000000000e+00
8.109999999999998181e+03 0.000000000000000000e+00
8.119999999999998181e+03 6.200069501629381632e-11
8.129999999999998181e+03 5.589657798821753370e-11
8.139999999999998181e+03 7.863934255457363295e-11
8.149999999999998181e+03 1.853453282026218875e-11
8.159999999999998181e+03 0.000000000000000000e+00
8.169999999999998181e+03 5.917996727203610923e-13
8.179999999999998181e+03 0.000000000000000000e+00
8.189999999999998181e+03 5.079039141720645497e-12
8.199999999999998181e+03 0.000000000000000000e+00
8.209999999999998181e+03 0.000000000000000000e+00
8.219999999999998181e+03 0.000000000000000000e+00
8.229999999999998181e+03 0.000000000000000000e+00
8.239999999999998181e+03 2.463554878652185295e-12
8.249999999999998181e+03 6.197892858763310128e-12
8.259999999999998181e+03 8.829776523617506121e-12
8.269999999999998181e+03 8.576646890809245530e-11
8.279999999999998181e+03 1.061065600240386059e-10
8.289999999999998181e+03 0.000000000000000000e+00
8.299999999999998181e+03 2.252934896334440977e-12
8.309999999999998181e+03 1.473653538830169098e-11
8.319999999999998181e+03 1.217105863212883927e-11
8.329999999999998181e+03 1.430610608620887131e-11
8.339999999999998181e+03 1.433745769114086662e-11
8.349999999999998181e+03 4.237584872305669454e-11
8.359999999999998181e+03 2.008739337653880840e-11
8.369999999999998181e+03 3.756180933874285694e-11
8.379999999999998181e+03 0.000000000000000000e+00
8.389999999999998181e+03 0.000000000000000000e+00
8.399999999999998181e+03 0.000000000000000000e+00
8.409999999999998181e+03 4.809223604399982531e-13
8.419999999999998181e+03 6.251861350085154722e-12
8.429999999999998181e+03 1.901589464898663542e-11
8.439999999999998181e+03 0.000000000000000000e+00
8.449999999999998181e+03 0.000000000000000000e+00
8.459999999999998181e+03 0.000000000000000000e+00
8.469999999999998181e+03 1.074677755230306762e-10
8.479999999999998181e+03 8.982375461638357447e-11
8.489999999999998181e+03 1.842484764679688328e-11
8.499999999999998181e+03 5.504005687758260918e-12
8.509999999999998181e+03 2.547573661024377876e-11
8.519999999999998181e+03 0.000000000000000000e+00
8.529999999999998181e+03 5.919459327984087499e-12
8.539999999999998181e+03 6.869816484021953412e-12
8.549999999999998181e+03 2.511692538748640065e-11
8.559999999999998181e+03 3.171486341226051867e-11
8.569999999999998181e+03 0.000000000000000000e+00
8.579999999999998181e+03 0.000000000000000000e+00
8.589999999999998181e+03 8.858536984434115052e-13
8.599999999999998181e+03 4.356606703087994702e-11
8.609999999999998181e+03 3.055737178575665799e-11
8.619999999999998181e+03 2.454384663628780352e-11
8.629999999999998181e+03 3.215717000617172298e-12
8.639999999999998181e+03 3.139501883386701405e-12
8.649999999999998181e+03 6.529995210019670567e-12
8.659999999999998181e+03 5.762648006811106889e-12
8.669999999999998181e+03 2.659279835092038726e-12
8.679999999999998181e+03 0.000000000000000000e+00
8.689999999999998181e+03 0.000000000000000000e+00
8.699999999999998181e+03 0.000000000000000000e+00
8.709999999999998181e+03 0.000000000000000000e+00
8.719999999999998181e+03 1.476502317022391876e-11
8.729999999999998181e+03 0.000000000000000000e+00
8.739999999999998181e+03 1.144937609300033950e-11
8.749999999999998181e+03 5.301358354723760005e-11
8.759999999999998181e+03 8.087620502528723071e-11
8.769999999999998181e+03 9.009710005309672742e-12
8.779999999999998181e+03 1.433663926434690464e-12
8.789999999999998181e+03 4.094943296634734226e-13
8.799999999999998181e+03 1.685062939718967701e-12
8.809999999999998181e+03 2.089046532220715923e-12
8.819999999999998181e+03 1.391759790593327575e-13
8.829999999999998181e+03 7.861915792160969769e-13
8.839999999999998181e+03 3.157989738619151848e-13
8.849999999999998181e+03 0.000000000000000000e+00
8.859999999999998181e+03 5.749437699870567106e-13
8.869999999999998181e+03 2.047308504024739389e-12
8.879999999999998181e+03 2.280696291743364692e-12
8.889999999999998181e+03 0.000000000000000000e+00
8.899999999999998181e+03 0.000000000000000000e+00
8.909999999999998181e+03 0.000000000000000000e+00
8.919999999999998181e+03 0.000000000000000000e+00
8.929999999999998181e+03 6.012464052906843359e-14
8.939999999999998181e+03 7.929538083482700887e-13
8.949999999999998181e+03 4.062838376550227349e-14
8.959999999999998181e+03 2.568767223658216699e-13
8.969999999999998181e+03 3.393167885124173589e-14
8.979999999999998181e+03 7.077440593891259589e-12
8.989999999999998181e+03 7.784871550060310487e-12
8.999999999999998181e+03 2.334083319362688584e-12
9.009999999999998181e+03 1.922712677995340069e-12
9.019999999999998181e+03 8.016904291701605104e-13
9.029999999999998181e+03 4.550615671333876534e-13
9.039999999999998181e+03 9.245603208901947645e-13
9.049999999999998181e+03 1.431298202231895398e-12
9.059999999999998181e+03 0.000000000000000000e+00
9.069999999999998181e+03 0.000000000000000000e+00
9.079999999999998181e+03 0.000000000000000000e+00
9.089999999999998181e+03 0.000000000000000000e+00
9.099999999999998181e+03 0.000000000000000000e+00
9.109999999999998181e+03 0.000000000000000000e+00
9.119999999999998181e+03 2.165411831486056601e-10
9.129999999999998181e+03 4.047683440915319960e-10
9.139999999999998181e+03 1.464087449414800189e-09
9.149999999999998181e+03 9.948896614565403607e-09
9.159999999999998181e+03 4.518431410956122984e-07
9.169999999999998181e+03 1.324727946231269262e-08
9.179999999999998181e+03 5.136583308419841135e-09
9.189999999999998181e+03 7.637506966053583306e-09
9.199999999999998181e+03 0.000000000000000000e+00
9.209999999999998181e+03 0.000000000000000000e+00
9.219999999999998181e+03 0.000000000000000000e+00
9.229999999999998181e+03 0.000000000000000000e+00
9.239999999999998181e+03 0.000000000000000000e+00
9.249999999999998181e+03 0.000000000000000000e+00
9.259999999999998181e+03 0.000000000000000000e+00
9.269999999999998181e+03 0.000000000000000000e+00
9.279999999999998181e+03 0.000000000000000000e+00
9.289999999999998181e+03 0.000000000000000000e+00
9.299999999999998181e+03 0.000000000000000000e+00
9.309999999999998181e+03 0.000000000000000000e+00
9.319999999999998181e+03 0.000000000000000000e+00
9.329999999999998181e+03 0.000000000000000000e+00
9.339999999999998181e+03 0.000000000000000000e+00
9.349999999999998181e+03 4.837643037610708066e-08
9.359999999999998181e+03 4.865948562305711870e-08
9.369999999999998181e+03 4.884648730560461611e-08
9.379999999999998181e+03 4.879712184884810477e-08
9.389999999999998181e+03 4.885415712862664713e-08
9.399999999999998181e+03 4.887655608434485977e-08
9.409999999999998181e+03 4.945318117221087828e-08
9.419999999999998181e+03 4.982755881566652242e-08
9.429999999999998181e+03 0.000000000000000000e+00
9.439999999999998181e+03 0.000000000000000000e+00
9.449999999999998181e+03 5.015739208144286932e-08
9.459999999999998181e+03 5.031245848762685675e-08
9.469999999999998181e+03 5.091714860699936707e-08
9.479999999999998181e+03 5.115795226763805763e-08
9.489999999999998181e+03 5.094387951610133771e-08
9.499999999999998181e+03 1.022814656952282522e-07
9.509999999999998181e+03 1.026838424971012606e-07
9.519999999999998181e+03 2.064178748903859021e-07
9.529999999999998181e+03 3.621844008171388824e-07
9.539999999999998181e+03 6.768674022152175701e-07
9.549999999999998181e+03 1.780936650605500796e-06
9.559999999999998181e+03 6.527583051247801619e-06
9.569999999999998181e+03 8.562943760896348693e-05
9.579999999999998181e+03 6.347579951479163636e-05
9.589999999999998181e+03 1.332175331270477050e-05
9.599999999999998181e+03 7.285522258323908805e-06
9.609999999999998181e+03 5.534923380793401196e-06
9.619999999999998181e+03 5.027431530197680713e-06
9.629999999999998181e+03 5.060128058262957969e-06
9.639999999999998181e+03 5.345083204451512955e-06
9.649999999999998181e+03 5.792890319158242886e-06
9.659999999999998181e+03 6.330501454772886411e-06
9.669999999999998181e+03 7.141391647521898309e-06
9.679999999999998181e+03 8.377941816262824093e-06
9.689999999999998181e+03 1.037156413584744287e-05
9.699999999999998181e+03 1.377160993647056496e-05
9.709999999999998181e+03 2.001724833555565622e-05
9.719999999999998181e+03 3.173313690614600237e-05
9.729999999999998181e+03 5.107262854033208112e-05
9.739999999999998181e+03 6.421260099562024184e-05
9.749999999999998181e+03 5.353123697768146915e-05
9.759999999999998181e+03 3.724607930258372129e-05
9.769999999999998181e+03 2.738866651239426641e-05
9.779999999999998181e+03 2.269990085417912296e-05
9.789999999999998181e+03 2.136934881792850911e-05
9.799999999999998181e+03 2.285970384951318735e-05
9.809999999999998181e+03 2.795788845235022319e-05
9.819999999999998181e+03 3.859654896664354732e-05
9.829999999999998181e+03 5.898747206960675596e-05
9.839999999999998181e+03 8.442181442965344788e-05
9.849999999999998181e+03 8.188267308529791934e-05
9.859999999999998181e+03 5.620691249860217511e-05
9.869999999999998181e+03 3.747167097954317487e-05
9.879999999999998181e+03 2.753460112655769818e-05
9.889999999999998181e+03 2.271853354451333751e-05
9.899999999999998181e+03 2.070820800853987554e-05
9.909999999999998181e+03 2.035127120505014935e-05
9.919999999999998181e+03 2.103659229490025255e-05
9.929999999999998181e+03 2.160555020096940047e-05
9.939999999999998181e+03 2.095870514901617887e-05
9.949999999999998181e+03 1.864456452596283096e-05
9.959999999999998181e+03 1.530469569927293090e-05
9.969999999999998181e+03 1.210682693044361056e-05
9.979999999999998181e+03 9.797830054940232398e-06
9.989999999999998181e+03 8.089208883525000890e-06
9.999999999999998181e+03 7.050442278582188323e-06
1.000999999999999818e+04 6.565519767925983504e-06
1.001999999999999818e+04 6.466169381949384831e-06
1.002999999999999818e+04 6.872934947586207482e-06
1.003999999999999818e+04 7.842693654733403006e-06
1.004999999999999818e+04 9.715958900809322415e-06
1.005999999999999818e+04 1.323435638315656106e-05
1.006999999999999818e+04 1.944912591486585448e-05
1.007999999999999818e+04 2.773605143762824878e-05
1.008999999999999818e+04 2.963007659328455349e-05
1.009999999999999818e+04 2.110288033028851341e-05
1.010999999999999818e+04 1.307580967460797014e-05
1.011999999999999818e+04 8.445178410462523484e-06
1.012999999999999818e+04 5.978708320528526258e-06
1.013999999999999818e+04 4.631786443214176847e-06
1.014999999999999818e+04 3.866729409690041349e-06
1.015999999999999818e+04 3.499566454247791009e-06
1.016999999999999818e+04 3.335805814752924642e-06
1.017999999999999818e+04 3.390122402981211122e-06
1.018999999999999818e+04 3.656031432549900045e-06
1.019999999999999818e+04 4.187929170490756385e-06
1.020999999999999818e+04 5.248224876206521905e-06
1.021999999999999818e+04 7.056750921584147043e-06
1.022999999999999818e+04 1.045498053515017563e-05
1.023999999999999818e+04 1.761896080901940534e-05
1.024999999999999818e+04 3.471746475058705428e-05
1.025999999999999818e+04 7.414964287256747431e-05
1.026999999999999818e+04 1.042363143665018339e-04
1.027999999999999818e+04 6.930752784646519184e-05
1.028999999999999818e+04 4.114187552544967027e-05
1.029999999999999818e+04 2.846175430178415780e-05
1.030999999999999818e+04 2.293814399958839638e-05
1.031999999999999818e+04 2.104053962316833576e-05
1.032999999999999818e+04 2.163212910705272841e-05
1.033999999999999818e+04 2.421977759691528370e-05
1.034999999999999818e+04 2.837588700930192433e-05
1.035999999999999818e+04 3.154613691989272700e-05
1.036999999999999818e+04 2.860428040006206203e-05
1.037999999999999818e+04 2.055878879988202570e-05
1.038999999999999818e+04 1.331003220257681183e-05
1.039999999999999818e+04 8.699185374741945129e-06
1.040999999999999818e+04 5.935589076360328819e-06
1.041999999999999818e+04 4.353083220941600358e-06
1.042999999999999818e+04 3.390222031718717344e-06
1.043999999999999818e+04 2.793453503828167424e-06
1.044999999999999818e+04 2.397578835506895130e-06
1.045999999999999818e+04 2.174298081776867075e-06
1.046999999999999818e+04 2.015101438989809152e-06
1.047999999999999818e+04 2.016043330771839399e-06
1.048999999999999818e+04 2.017937137922416041e-06
1.049999999999999818e+04 2.175131512760221495e-06
1.050999999999999818e+04 2.402948222964010860e-06
1.051999999999999818e+04 2.725971133264288286e-06
1.052999999999999818e+04 3.255887511239690569e-06
1.053999999999999818e+04 4.120379449377039631e-06
1.054999999999999818e+04 5.473696589906209223e-06
1.055999999999999818e+04 7.705595920303957762e-06
1.056999999999999818e+04 1.151038936225175693e-05
1.057999999999999818e+04 1.854434826943524378e-05
1.058999999999999818e+04 3.220845131371478053e-05
1.059999999999999818e+04 5.699549423256873549e-05
1.060999999999999818e+04 8.758047124827211967e-05
1.061999999999999818e+04 9.558582505658679896e-05
1.062999999999999818e+04 8.060064860716047402e-05
1.063999999999999818e+04 6.390607603683147496e-05
1.064999999999999818e+04 5.244120329048276998e-05
1.065999999999999818e+04 4.439030877081828747e-05
1.066999999999999818e+04 3.830908286946355839e-05
1.067999999999999818e+04 3.236922439177416534e-05
1.068999999999999818e+04 2.644642449202246255e-05
1.069999999999999818e+04 2.088949450160200910e-05
1.070999999999999818e+04 1.628190960933163832e-05
1.071999999999999818e+04 1.269903618386939922e-05
1.072999999999999818e+04 9.969343175209590695e-06
1.073999999999999818e+04 8.072396002863015292e-06
1.074999999999999818e+04 6.734900128265364547e-06
1.075999999999999818e+04 5.791843061554603716e-06
1.076999999999999818e+04 5.129492063367435568e-06
1.077999999999999818e+04 4.702564408448335537e-06
1.078999999999999818e+04 4.482808401494713796e-06
1.079999999999999818e+04 4.372988889312007264e-06
1.080999999999999818e+04 4.426051514241917636e-06
1.081999999999999818e+04 4.613514468130193548e-06
1.082999999999999818e+04 4.876764765193977773e-06
1.083999999999999818e+04 5.361176954054386777e-06
1.084999999999999818e+04 6.117272464783222489e-06
1.085999999999999818e+04 7.147822861452656325e-06
1.086999999999999818e+04 8.666030310473430177e-06
1.087999999999999818e+04 1.087628723958821984e-05
1.088999999999999818e+04 1.415628404412734338e-05
1.089999999999999818e+04 1.910617043961059910e-05
1.090999999999999818e+04 2.665704643322490937e-05
1.091999999999999818e+04 3.749956363862364970e-05
1.092999999999999818e+04 5.255920709672616406e-05
1.093999999999999818e+04 6.928877223982225081e-05
1.094999999999999818e+04 8.231881439900161248e-05
1.095999999999999818e+04 8.788808931748984233e-05
1.096999999999999818e+04 8.655943265907140743e-05
1.097999999999999818e+04 8.316394961625625168e-05
1.098999999999999818e+04 8.106657643926243838e-05
1.099999999999999818e+04 8.121522396689518795e-05
1.100999999999999818e+04 8.520432296762746088e-05
1.101999999999999818e+04 9.347815099839662241e-05
1.102999999999999818e+04 1.062590548257252724e-04
1.103999999999999818e+04 1.228097388785825408e-04
1.104999999999999818e+04 1.399982702864733890e-04
1.105999999999999818e+04 1.490840618892334683e-04
1.106999999999999818e+04 1.427988427036238391e-04
1.107999999999999818e+04 1.227994481426669519e-04
1.108999999999999818e+04 9.883192211560741210e-05
1.109999999999999818e+04 7.784227842693052283e-05
1.110999999999999818e+04 6.201101377532216414e-05
1.111999999999999818e+04 5.074564086162870074e-05
1.112999999999999818e+04 4.293968613859033812e-05
1.113999999999999818e+04 3.758420064549481863e-05
1.114999999999999818e+04 3.395921439746324113e-05
1.115999999999999818e+04 3.174503785826716186e-05
1.116999999999999818e+04 3.061933221131286784e-05
1.117999999999999818e+04 3.033779853137874756e-05
1.118999999999999818e+04 3.090778741774447962e-05
1.119999999999999818e+04 3.242645915750824292e-05
1.120999999999999818e+04 3.482277613786835009e-05
1.121999999999999818e+04 3.829300890111757576e-05
1.122999999999999818e+04 4.321244076371758979e-05
1.123999999999999818e+04 4.979238920741358571e-05
1.124999999999999818e+04 5.835455605173253549e-05
1.125999999999999818e+04 6.939730948439294677e-05
1.126999999999999818e+04 8.293360633898679154e-05
1.127999999999999818e+04 9.829155910046941081e-05
1.128999999999999818e+04 1.143960774167604281e-04
1.129999999999999818e+04 1.282941047796920184e-04
1.130999999999999818e+04 1.377453940320199743e-04
1.131999999999999818e+04 1.409135111684713180e-04
1.132999999999999818e+04 1.390183135041283408e-04
1.133999999999999818e+04 1.332700502260406419e-04
1.134999999999999818e+04 1.268043302480403682e-04
1.135999999999999818e+04 1.206746792046486634e-04
1.136999999999999818e+04 1.158487617570936348e-04
1.137999999999999818e+04 1.129944389693454340e-04
1.138999999999999818e+04 1.119551947476314272e-04
1.139999999999999818e+04 1.129529088049871152e-04
1.140999999999999818e+04 1.163746097850903223e-04
1.141999999999999818e+04 1.221156701821595836e-04
1.142999999999999818e+04 1.304584797795042285e-04
1.143999999999999818e+04 1.422635047563124068e-04
1.144999999999999818e+04 1.579849449638278194e-04
1.145999999999999818e+04 1.788474880165149931e-04
1.146999999999999818e+04 2.062162075881974511e-04
1.147999999999999818e+04 2.420933102979603419e-04
1.148999999999999818e+04 2.897039446000435709e-04
1.149999999999999818e+04 3.531690557821440062e-04
1.150999999999999818e+04 4.394676930389987738e-04
1.151999999999999818e+04 5.568991688569011403e-04
1.152999999999999818e+04 7.200939766272727513e-04
1.153999999999999818e+04 9.507208105715389849e-04
1.154999999999999818e+04 1.281354036246725413e-03
1.155999999999999818e+04 1.766887873177408171e-03
1.156999999999999818e+04 2.495157032044918819e-03
1.157999999999999818e+04 3.615757975820335819e-03
1.158999999999999818e+04 5.373372079538606128e-03
1.159999999999999818e+04 8.210133200956062222e-03
1.160999999999999818e+04 1.291508357868968900e-02
1.161999999999999818e+04 2.095586283157525181e-02
1.162999999999999818e+04 3.505422416997423796e-02
1.163999999999999818e+04 6.010604652382673524e-02
1.164999999999999818e+04 1.044600187014647213e-01
1.165999999999999818e+04 1.787714435685608116e-01
1.166999999999999818e+04 2.862420852106652980e-01
1.167999999999999818e+04 4.054595545591345163e-01
1.168999999999999818e+04 4.959099594078764106e-01
1.169999999999999818e+04 5.416041678716543295e-01
1.170999999999999818e+04 5.564270420223369484e-01
1.171999999999999818e+04 5.589502497959942806e-01
1.172999999999999818e+04 5.587783603196726512e-01
1.173999999999999818e+04 5.587089975615575632e-01
1.174999999999999818e+04 5.604998397479000749e-01
1.175999999999999818e+04 5.616171818376697322e-01
1.176999999999999818e+04 5.617901421093113301e-01
1.177999999999999818e+04 5.621065739793175142e-01
1.178999999999999818e+04 5.628269731369772710e-01
1.179999999999999818e+04 5.635485267222754002e-01
1.180999999999999818e+04 5.635841593103824154e-01
1.181999999999999818e+04 5.635632808440916852e-01
1.182999999999999818e+04 5.643661600902466491e-01
1.183999999999999818e+04 5.647002363283603055e-01
1.184999999999999818e+04 5.650850240492635290e-01
1.185999999999999818e+04 5.654267724207213686e-01
1.186999999999999818e+04 5.652536189398907895e-01
1.187999999999999818e+04 5.650286857803672458e-01
1.188999999999999818e+04 5.649307651786499296e-01
1.189999999999999818e+04 5.652297772931605957e-01
1.190999999999999818e+04 5.660826164836419983e-01
1.191999999999999818e+04 5.670264216925291478e-01
1.192999999999999818e+04 5.679900271297991798e-01
1.193999999999999818e+04 5.686530576186415997e-01
1.194999999999999818e+04 5.696240134387514642e-01
1.195999999999999818e+04 5.708728305718456797e-01
1.196999999999999818e+04 5.717824401717623850e-01
1.197999999999999818e+04 5.724746888135954226e-01
1.198999999999999818e+04 5.731869514010837774e-01
1.199999999999999818e+04 5.738393790339770817e-01
1.200999999999999818e+04 5.736340228522749385e-01
1.201999999999999818e+04 5.732846624271914493e-01
1.202999999999999818e+04 5.733243420681600755e-01
1.203999999999999818e+04 5.733662158651013918e-01
1.204999999999999818e+04 5.742468452262151635e-01
1.205999999999999818e+04 5.743154149761187099e-01
1.206999999999999818e+04 5.745571938946997248e-01
1.207999999999999818e+04 5.758165163079047577e-01
1.208999999999999818e+04 5.759374341939423880e-01
1.209999999999999818e+04 5.771079975993780309e-01
1.210999999999999818e+04 5.781138822180089676e-01
1.211999999999999818e+04 5.783875196213638104e-01
1.212999999999999818e+04 5.790519151083225458e-01
1.213999999999999818e+04 5.792704630169817070e-01
1.214999999999999818e+04 5.795500840747735971e-01
1.215999999999999818e+04 5.798257081651735367e-01
1.216999999999999818e+04 5.798614899223962782e-01
1.217999999999999818e+04 5.799182684912879138e-01
1.218999999999999818e+04 5.798173376060898887e-01
1.219999999999999818e+04 5.795947134724830363e-01
1.220999999999999818e+04 5.789841944249176642e-01
1.221999999999999818e+04 5.789643294134477758e-01
1.222999999999999818e+04 5.788809030449093562e-01
1.223999999999999818e+04 5.794425237044675825e-01
1.224999999999999818e+04 5.798244955159767011e-01
1.225999999999999818e+04 5.799640185792360736e-01
1.226999999999999818e+04 5.803656497513463020e-01
1.227999999999999818e+04 5.805813015110000697e-01
1.228999999999999818e+04 5.811363079938032250e-01
1.229999999999999818e+04 5.816679013703293100e-01
1.230999999999999818e+04 5.820040498615853819e-01
1.231999999999999818e+04 5.820669273940793920e-01
1.232999999999999818e+04 5.824099245043915518e-01
1.233999999999999818e+04 5.823872436389877505e-01
1.234999999999999818e+04 5.823926295613897075e-01
1.235999999999999818e+04 5.815598609271969144e-01
1.236999999999999818e+04 5.810916654846947083e-01
1.237999999999999818e+04 5.810502406515494211e-01
1.238999999999999818e+04 5.806831635323643770e-01
1.239999999999999818e+04 5.802079749515142160e-01
1.240999999999999818e+04 5.799813300666164517e-01
1.241999999999999818e+04 5.798577013996440987e-01
1.242999999999999818e+04 5.795758490342519664e-01
1.243999999999999818e+04 5.793908498469607649e-01
1.244999999999999818e+04 5.795318341615582902e-01
1.245999999999999818e+04 5.798572830761502539e-01
1.246999999999999818e+04 5.800999398683199804e-01
1.247999999999999818e+04 5.802783041846713008e-01
1.248999999999999818e+04 5.809519043267359351e-01
1.249999999999999818e+04 5.813302809511702307e-01
1.250999999999999818e+04 5.816121567519076940e-01
1.251999999999999818e+04 5.818280055969284881e-01
1.252999999999999818e+04 5.825337432764048362e-01
1.253999999999999818e+04 5.826905019348870285e-01
1.254999999999999818e+04 5.824065742428916614e-01
1.255999999999999818e+04 5.829630400662417777e-01
1.256999999999999818e+04 5.830651578246887068e-01
1.257999999999999818e+04 5.826837312590553708e-01
1.258999999999999818e+04 5.826912576992268056e-01
1.259999999999999818e+04 5.822823988606850021e-01
1.260999999999999818e+04 5.825711077071644706e-01
1.261999999999999818e+04 5.829233698194031810e-01
1.262999999999999818e+04 5.831499709251757313e-01
1.263999999999999818e+04 5.836865858208095670e-01
1.264999999999999818e+04 5.834849134013263550e-01
1.265999999999999818e+04 5.844132142317124412e-01
1.266999999999999818e+04 5.848100233308075602e-01
1.267999999999999818e+04 5.849139472486653002e-01
1.268999999999999818e+04 5.856047296171457139e-01
1.269999999999999818e+04 5.861163177860774232e-01
1.270999999999999818e+04 5.862728398539792662e-01
1.271999999999999818e+04 5.862296387116046059e-01
1.272999999999999818e+04 5.860314698620172624e-01
1.273999999999999818e+04 5.857987448290963295e-01
1.274999999999999818e+04 5.856596120180788123e-01
1.275999999999999818e+04 5.849469559369695482e-01
1.276999999999999818e+04 5.841368611540868061e-01
1.277999999999999818e+04 5.835223341542924436e-01
1.278999999999999818e+04 5.831436307339056269e-01
1.279999999999999818e+04 5.827682264549411961e-01
1.280999999999999818e+04 5.833360923097848927e-01
1.281999999999999818e+04 5.826835367262804821e-01
1.282999999999999818e+04 5.831139442754144087e-01
1.283999999999999818e+04 5.830367774205243991e-01
1.284999999999999818e+04 5.832954863117054689e-01
1.285999999999999818e+04 5.835321243674592706e-01
1.286999999999999818e+04 5.839295114754865512e-01
1.287999999999999818e+04 5.841840668995208485e-01
1.288999999999999818e+04 5.844584295329546819e-01
1.289999999999999818e+04 5.844183484794065464e-01
1.290999999999999818e+04 5.840444129274461327e-01
1.291999999999999818e+04 5.846116908489882302e-01
1.292999999999999818e+04 5.847710456596427742e-01
1.293999999999999818e+04 5.846839017725485865e-01
1.294999999999999818e+04 5.840530856771349866e-01
1.295999999999999818e+04 5.835222880439930870e-01
1.296999999999999818e+04 5.825531591532504549e-01
1.297999999999999818e+04 5.826176742282385135e-01
1.298999999999999818e+04 5.821387766887038406e-01
1.299999999999999818e+04 5.819885181552106879e-01
1.300999999999999818e+04 5.815823400908087804e-01
1.301999999999999818e+04 5.812735053399582519e-01
1.302999999999999818e+04 5.815069497410205734e-01
1.303999999999999818e+04 5.819462277214044743e-01
1.304999999999999818e+04 5.818512466895832125e-01
1.305999999999999818e+04 5.829092287991866073e-01
1.306999999999999818e+04 5.832029691415573369e-01
1.307999999999999818e+04 5.830950778971297765e-01
1.308999999999999818e+04 5.831078742412395544e-01
1.309999999999999818e+04 5.833425151896090011e-01
1.310999999999999818e+04 5.835855997655110539e-01
1.311999999999999818e+04 5.835764848912590175e-01
1.312999999999999818e+04 5.832682371540219846e-01
1.313999999999999818e+04 5.828749466691851566e-01
1.314999999999999818e+04 5.828382903818611904e-01
1.315999999999999818e+04 5.825384062201248714e-01
1.316999999999999818e+04 5.828229597146770136e-01
1.317999999999999818e+04 5.816881410943257613e-01
1.318999999999999818e+04 5.815560422456916845e-01
1.319999999999999818e+04 5.812599381852474600e-01
1.320999999999999818e+04 5.808557977047634768e-01
1.321999999999999818e+04 5.803477898805896595e-01
1.322999999999999818e+04 5.803944018645678105e-01
1.323999999999999818e+04 5.804869703338954023e-01
1.324999999999999818e+04 5.810987109356203772e-01
1.325999999999999818e+04 5.803667098417801817e-01
1.326999999999999818e+04 5.804730634208905560e-01
1.327999999999999818e+04 5.814891753788318240e-01
1.328999999999999818e+04 5.812862732657115838e-01
1.329999999999999818e+04 5.814649012635845216e-01
1.330999999999999818e+04 5.814230155007263923e-01
1.331999999999999818e+04 5.818765230913315323e-01
1.332999999999999818e+04 5.812086351389035288e-01
1.333999999999999818e+04 5.810414118982722975e-01
1.334999999999999818e+04 5.810724334014643055e-01
1.335999999999999818e+04 5.812168524222454113e-01
1.336999999999999818e+04 5.800907192570570192e-01
1.337999999999999818e+04 5.798805777658052607e-01
1.338999999999999818e+04 5.795343896327622701e-01
1.339999999999999818e+04 5.790474128925450215e-01
1.340999999999999818e+04 5.782568831841722323e-01
1.341999999999999818e+04 5.782468972484303693e-01
1.342999999999999818e+04 5.780316469336194141e-01
1.343999999999999818e+04 5.780941037352392842e-01
1.344999999999999818e+04 5.780280873869618752e-01
1.345999999999999818e+04 5.771361630474962645e-01
1.346999999999999818e+04 5.778258695322096017e-01
1.347999999999999818e+04 5.772123793147443394e-01
1.348999999999999818e+04 5.774560838158221410e-01
1.349999999999999818e+04 5.771382053830144132e-01
1.350999999999999818e+04 5.772275991511806037e-01
1.351999999999999818e+04 5.771047152921200407e-01
1.352999999999999818e+04 5.772970330356735902e-01
1.353999999999999818e+04 5.762790228145046045e-01
1.354999999999999818e+04 5.755607401618978436e-01
1.355999999999999818e+04 5.744655642344890234e-01
1.356999999999999818e+04 5.740881328632586600e-01
1.357999999999999818e+04 5.733184657145297125e-01
1.358999999999999818e+04 5.728641494080773944e-01
1.359999999999999818e+04 5.722051716752183381e-01
1.360999999999999818e+04 5.706735462944081405e-01
1.361999999999999818e+04 5.700452029654544672e-01
1.362999999999999818e+04 5.686437555154940648e-01
1.363999999999999818e+04 5.680425078868256428e-01
1.364999999999999818e+04 5.668059193920321759e-01
1.365999999999999818e+04 5.658852553136133334e-01
1.366999999999999818e+04 5.640735353425034848e-01
1.367999999999999818e+04 5.622650329204681441e-01
1.368999999999999818e+04 5.608517375727761767e-01
1.369999999999999818e+04 5.565535160921313285e-01
1.370999999999999818e+04 5.518287066109683892e-01
1.371999999999999818e+04 5.460336909921299497e-01
1.372999999999999818e+04 5.404767846119959973e-01
1.373999999999999818e+04 5.330993273554492928e-01
1.374999999999999818e+04 5.262416340509443735e-01
1.375999999999999818e+04 5.196977151893554803e-01
1.376999999999999818e+04 5.134174837751445120e-01
1.377999999999999818e+04 5.080351065388243326e-01
1.378999999999999818e+04 5.038595319535602579e-01
1.379999999999999818e+04 5.003281999972144511e-01
1.380999999999999818e+04 4.978305173734123845e-01
1.381999999999999818e+04 4.962337208777609643e-01
1.382999999999999818e+04 4.961869556594749597e-01
1.383999999999999818e+04 4.969412143863625730e-01
1.384999999999999818e+04 4.985801041423978952e-01
1.385999999999999818e+04 5.002103779711387643e-01
1.386999999999999818e+04 5.025722485114386684e-01
1.387999999999999818e+04 5.050801754285683121e-01
1.388999999999999818e+04 5.080385570070840018e-01
1.389999999999999818e+04 5.106071624667547493e-01
1.390999999999999818e+04 5.142028097549427024e-01
1.391999999999999818e+04 5.174448643415031635e-01
1.392999999999999818e+04 5.202116824832950792e-01
1.393999999999999818e+04 5.231389714435461524e-01
1.394999999999999818e+04 5.258196176312133208e-01
1.395999999999999818e+04 5.286956487796483639e-01
1.396999999999999818e+04 5.311794180255861031e-01
1.397999999999999818e+04 5.336983870762418425e-01
1.398999999999999818e+04 5.358407459389030736e-01
1.399999999999999818e+04 5.381139565098076449e-01
1.400999999999999818e+04 5.398541998268819864e-01
1.401999999999999818e+04 5.412056587677434027e-01
1.402999999999999818e+04 5.429718058425712091e-01
1.403999999999999818e+04 5.445053662851461196e-01
1.404999999999999818e+04 5.454060968783756014e-01
1.405999999999999818e+04 5.464473835400696089e-01
1.406999999999999818e+04 5.478567372818966552e-01
1.407999999999999818e+04 5.490611055985322730e-01
1.408999999999999818e+04 5.498953735414402466e-01
1.409999999999999818e+04 5.506166612002729721e-01
1.410999999999999818e+04 5.516996218534603313e-01
1.411999999999999818e+04 5.526873939130303448e-01
1.412999999999999818e+04 5.537819370243991512e-01
1.413999999999999818e+04 5.543510019931481292e-01
1.414999999999999818e+04 5.554398767108049695e-01
1.415999999999999818e+04 5.562648205847599003e-01
1.416999999999999818e+04 5.575766796236859557e-01
1.417999999999999818e+04 5.587711694250103722e-01
1.418999999999999818e+04 5.596220806167713224e-01
1.419999999999999818e+04 5.598504413982935413e-01
1.420999999999999818e+04 5.601133054302892544e-01
1.421999999999999818e+04 5.605755420095851482e-01
1.422999999999999818e+04 5.605624066240794123e-01
1.423999999999999818e+04 5.606744812766976116e-01
1.424999999999999818e+04 5.606842726430276702e-01
1.425999999999999818e+04 5.614156910898209230e-01
1.426999999999999818e+04 5.616940017645560834e-01
1.427999999999999818e+04 5.614905414307672649e-01
1.428999999999999818e+04 5.613104384614501230e-01
1.429999999999999818e+04 5.609818445199661330e-01
1.430999999999999818e+04 5.613245262982146100e-01
1.431999999999999818e+04 5.610837355596264286e-01
1.432999999999999818e+04 5.613370368029566571e-01
1.433999999999999818e+04 5.616704920350324981e-01
1.434999999999999818e+04 5.612866736151748137e-01
1.435999999999999818e+04 5.620190181069949498e-01
1.436999999999999818e+04 5.624308336559659116e-01
1.437999999999999818e+04 5.623023234011383931e-01
1.438999999999999818e+04 5.627283374415881223e-01
1.439999999999999818e+04 5.631352927714525780e-01
1.440999999999999818e+04 5.631308862841586382e-01
1.441999999999999818e+04 5.639557388367093527e-01
1.442999999999999818e+04 5.639432140386315684e-01
1.443999999999999818e+04 5.641089051062998516e-01
1.444999999999999818e+04 5.639060259989626678e-01
1.445999999999999818e+04 5.640420405966102280e-01
1.446999999999999818e+04 5.643512389372767890e-01
1.447999999999999818e+04 5.642561298320575291e-01
1.448999999999999818e+04 5.639696975057734152e-01
1.449999999999999818e+04 5.634918066324181574e-01
1.450999999999999818e+04 5.635219556193097334e-01
1.451999999999999818e+04 5.631015969831660861e-01
1.452999999999999818e+04 5.627749945471142157e-01
1.453999999999999818e+04 5.627531352946819609e-01
1.454999999999999818e+04 5.622065701328077258e-01
1.455999999999999818e+04 5.619735301526572746e-01
1.456999999999999818e+04 5.615506671713570430e-01
1.457999999999999818e+04 5.617034079355701648e-01
1.458999999999999818e+04 5.618165273639208479e-01
1.459999999999999818e+04 5.620157495314576090e-01
1.460999999999999818e+04 5.619802572623638914e-01
1.461999999999999818e+04 5.617917101950354875e-01
1.462999999999999818e+04 5.621175966955097580e-01
1.463999999999999818e+04 5.623436587789668595e-01
1.464999999999999818e+04 5.620491076786447993e-01
1.465999999999999818e+04 5.623514368710053057e-01
1.466999999999999818e+04 5.622233657635307136e-01
1.467999999999999818e+04 5.622097605375090401e-01
1.468999999999999818e+04 5.623414794175864984e-01
1.469999999999999818e+04 5.625648400012321915e-01
1.470999999999999818e+04 5.619910217720963663e-01
1.471999999999999818e+04 5.620359062318701637e-01
1.472999999999999818e+04 5.618151342950979954e-01
1.473999999999999818e+04 5.616150609755700129e-01
1.474999999999999818e+04 5.618306677627941115e-01
1.475999999999999818e+04 5.620139036217133288e-01
1.476999999999999818e+04 5.616864376190523478e-01
1.477999999999999818e+04 5.613698724642477433e-01
1.478999999999999818e+04 5.606934056482733020e-01
1.479999999999999818e+04 5.608893453456494926e-01
1.480999999999999818e+04 5.612013372303414904e-01
1.481999999999999818e+04 5.609993701411488676e-01
1.482999999999999818e+04 5.614180363349285940e-01
1.483999999999999818e+04 5.622466663908710638e-01
1.484999999999999818e+04 5.620194287060411575e-01
1.485999999999999818e+04 5.625705187033098742e-01
1.486999999999999818e+04 5.626268991884018078e-01
1.487999999999999818e+04 5.625579655703799586e-01
1.488999999999999818e+04 5.630924419908437395e-01
1.489999999999999818e+04 5.635612177912672216e-01
1.490999999999999818e+04 5.640217325279391902e-01
1.491999999999999818e+04 5.636477022225363509e-01
1.492999999999999818e+04 5.637369249071022548e-01
1.493999999999999818e+04 5.636639052233175518e-01
1.494999999999999818e+04 5.635640377077208996e-01
1.495999999999999818e+04 5.635914506267363233e-01
1.496999999999999818e+04 5.631416035367862172e-01
1.497999999999999818e+04 5.626341357532604892e-01
1.498999999999999818e+04 5.627744275298754983e-01
1.499999999999999818e+04 5.617421483340038213e-01
1.500999999999999818e+04 5.615409052095421405e-01
1.501999999999999818e+04 5.615011060423961142e-01
1.502999999999999818e+04 5.610777611990006575e-01
1.503999999999999818e+04 5.605211558328984101e-01
1.504999999999999818e+04 5.607113886706096562e-01
1.505999999999999818e+04 5.609636212306539083e-01
1.506999999999999818e+04 5.604989565322319178e-01
1.507999999999999818e+04 5.604655866286392119e-01
1.508999999999999818e+04 5.606232500207428693e-01
1.509999999999999818e+04 5.611073425264279102e-01
1.510999999999999818e+04 5.608353862928947553e-01
1.511999999999999818e+04 5.611916900969778910e-01
1.512999999999999818e+04 5.611899903192676398e-01
1.513999999999999818e+04 5.614643252555853170e-01
1.514999999999999818e+04 5.615207015954555292e-01
1.515999999999999818e+04 5.611729378914421806e-01
1.516999999999999818e+04 5.610804525317302227e-01
1.517999999999999818e+04 5.609182031268954427e-01
1.518999999999999818e+04 5.608454934570876738e-01
1.519999999999999818e+04 5.597139358013597521e-01
1.520999999999999818e+04 5.587424673516104834e-01
1.521999999999999818e+04 5.594840306511382755e-01
1.522999999999999818e+04 5.583051991794210078e-01
1.523999999999999818e+04 5.579074995442874219e-01
1.524999999999999818e+04 5.577549767832805649e-01
1.525999999999999818e+04 5.569788289122143965e-01
1.526999999999999818e+04 5.569996509493491121e-01
1.527999999999999818e+04 5.563859456295666694e-01
1.528999999999999818e+04 5.564374467508408362e-01
1.529999999999999818e+04 5.561691958132616298e-01
1.530999999999999818e+04 5.559100132955699936e-01
1.531999999999999818e+04 5.563620768064697630e-01
1.532999999999999818e+04 5.572109406581324809e-01
1.533999999999999818e+04 5.566764224838764985e-01
1.534999999999999818e+04 5.569016997737574748e-01
1.535999999999999636e+04 5.571637457945842753e-01
1.536999999999999636e+04 5.568669552314381432e-01
1.537999999999999636e+04 5.565687342680726291e-01
1.538999999999999636e+04 5.568413732836147156e-01
1.539999999999999636e+04 5.556664794267494045e-01
1.540999999999999636e+04 5.561834858012673077e-01
1.541999999999999636e+04 5.549000327600640547e-01
1.542999999999999636e+04 5.545421412716800003e-01
1.543999999999999636e+04 5.542025081536174902e-01
1.544999999999999636e+04 5.540054114549278763e-01
1.545999999999999636e+04 5.540290011504089840e-01
1.546999999999999636e+04 5.542046076039693903e-01
1.547999999999999636e+04 5.534502769849275472e-01
1.548999999999999636e+04 5.540780286548164790e-01
1.549999999999999636e+04 5.540972659388727628e-01
1.550999999999999636e+04 5.547500118072590247e-01
1.551999999999999636e+04 5.544561726148043990e-01
1.552999999999999636e+04 5.555386252047972429e-01
1.553999999999999636e+04 5.555375555355021033e-01
1.554999999999999636e+04 5.550434959937008417e-01
1.555999999999999636e+04 5.545538160882347301e-01
1.556999999999999636e+04 5.546853029670343327e-01
1.557999999999999636e+04 5.547621146493357802e-01
1.558999999999999636e+04 5.545146676785718265e-01
1.559999999999999636e+04 5.542943482228972485e-01
1.560999999999999636e+04 5.543547668150232699e-01
1.561999999999999636e+04 5.545061763198455562e-01
1.562999999999999636e+04 5.551612749023643323e-01
1.563999999999999636e+04 5.553448952584033593e-01
1.564999999999999636e+04 5.537103440264691256e-01
1.565999999999999636e+04 5.488675094339361404e-01
1.566999999999999636e+04 5.368200605992601293e-01
1.567999999999999636e+04 5.151355772677490563e-01
1.568999999999999636e+04 4.809239708871638763e-01
1.569999999999999636e+04 4.322044983354627612e-01
1.570999999999999636e+04 3.722982242363855332e-01
1.571999999999999636e+04 3.067280928603540180e-01
1.572999999999999636e+04 2.431830222103164851e-01
1.573999999999999636e+04 1.871641716632541363e-01
1.574999999999999636e+04 1.411693503265025462e-01
1.575999999999999636e+04 1.053244094814219656e-01
1.576999999999999636e+04 7.837896545675182569e-02
1.577999999999999636e+04 5.841016182039029947e-02
1.578999999999999636e+04 4.368142033988140632e-02
1.579999999999999636e+04 3.290833024682862651e-02
1.580999999999999636e+04 2.501705414086751941e-02
1.581999999999999636e+04 1.914484908035207072e-02
1.582999999999999636e+04 1.478692875912920347e-02
1.583999999999999636e+04 1.154086325464808924e-02
1.584999999999999636e+04 9.081764517162008513e-03
1.585999999999999636e+04 7.207440009103207625e-03
1.586999999999999636e+04 5.761471830977271148e-03
1.587999999999999636e+04 4.643139634918613465e-03
1.588999999999999636e+04 3.771722568117247612e-03
1.589999999999999636e+04 3.081715581362013713e-03
1.590999999999999636e+04 2.539976864381973329e-03
1.591999999999999636e+04 2.105276834743940746e-03
1.592999999999999636e+04 1.756692415131931020e-03
1.593999999999999636e+04 1.474747452606771500e-03
1.594999999999999636e+04 1.244821940051360010e-03
1.595999999999999636e+04 1.057295899219247220e-03
1.596999999999999636e+04 9.031642775463203732e-04
1.597999999999999636e+04 7.756319593904647917e-04
1.598999999999999636e+04 6.698580609312737620e-04
1.599999999999999636e+04 5.809205915526056887e-04
1.600999999999999636e+04 5.064509651747416477e-04
1.601999999999999636e+04 4.434318838177753034e-04
1.602999999999999636e+04 3.901437919671010249e-04
1.603999999999999636e+04 3.451092401813731815e-04
1.604999999999999636e+04 3.065517348009860212e-04
1.605999999999999636e+04 2.733711393965568065e-04
1.606999999999999636e+04 2.446306622610310293e-04
1.607999999999999636e+04 2.200201096773233731e-04
1.608999999999999636e+04 1.986897605540487708e-04
1.609999999999999636e+04 1.800853251401410152e-04
1.610999999999999636e+04 1.639097141011469812e-04
1.611999999999999636e+04 1.496751633602146168e-04
1.612999999999999636e+04 1.372138170531646436e-04
1.613999999999999636e+04 1.262926189115984473e-04
1.614999999999999636e+04 1.166665047400392718e-04
1.615999999999999636e+04 1.082516542815692759e-04
1.616999999999999636e+04 1.007577844069693622e-04
1.617999999999999636e+04 9.404931447558991713e-05
1.618999999999999636e+04 8.805351474274047551e-05
1.619999999999999636e+04 8.284389722443991912e-05
1.620999999999999636e+04 7.821620971326919552e-05
1.621999999999999636e+04 7.392391591918243425e-05
1.622999999999999636e+04 7.019245969034313153e-05
1.623999999999999636e+04 6.697332289038176057e-05
1.624999999999999636e+04 6.408308218276233443e-05
1.625999999999999636e+04 6.146191883448533092e-05
1.626999999999999636e+04 5.915061187420724063e-05
1.627999999999999636e+04 5.715623650784928142e-05
1.628999999999999636e+04 5.546958619172503009e-05
1.629999999999999636e+04 5.388136073241978693e-05
1.630999999999999636e+04 5.265031450429870174e-05
1.631999999999999636e+04 5.153122006116229103e-05
1.632999999999999636e+04 5.054146955020481210e-05
1.633999999999999636e+04 4.978755161541969246e-05
1.634999999999999636e+04 4.923968586538286692e-05
1.635999999999999636e+04 4.883213250195157930e-05
1.636999999999999636e+04 4.859636648648558201e-05
1.637999999999999636e+04 4.854111759531591928e-05
1.638999999999999636e+04 4.865400960118535108e-05
1.639999999999999636e+04 4.897825855629172405e-05
1.640999999999999636e+04 4.941057683024625033e-05
1.641999999999999636e+04 4.996906317843152339e-05
1.642999999999999636e+04 5.075335385686913334e-05
1.643999999999999636e+04 5.173903441657095947e-05
1.644999999999999636e+04 5.300245880071622815e-05
1.645999999999999636e+04 5.432446703384109511e-05
1.646999999999999636e+04 5.590385984316527932e-05
1.647999999999999636e+04 5.781888427502311330e-05
1.648999999999999636e+04 5.988591432810399937e-05
1.649999999999999636e+04 6.230718329006832898e-05
1.650999999999999636e+04 6.500135943332420571e-05
1.651999999999999636e+04 6.794534125688559789e-05
1.652999999999999636e+04 7.122727218598243974e-05
1.653999999999999636e+04 7.506844680159471209e-05
1.654999999999999636e+04 7.913844396363930295e-05
1.655999999999999636e+04 8.361613498031045114e-05
1.656999999999999636e+04 8.846403523669317352e-05
1.657999999999999636e+04 9.384305625349047514e-05
1.658999999999999636e+04 9.957626125223816905e-05
1.659999999999999636e+04 1.056416134657366926e-04
1.660999999999999636e+04 1.120871060241412345e-04
1.661999999999999636e+04 1.187116073296174058e-04
1.662999999999999636e+04 1.252875181538755140e-04
1.663999999999999636e+04 1.319902579290014417e-04
1.664999999999999636e+04 1.383579125569759792e-04
1.665999999999999636e+04 1.443672929887150852e-04
1.666999999999999636e+04 1.497218106311215395e-04
1.667999999999999636e+04 1.542390452070274915e-04
1.668999999999999636e+04 1.578198559665748698e-04
1.669999999999999636e+04 1.601826451033877606e-04
1.670999999999999636e+04 1.613411463471716985e-04
1.671999999999999636e+04 1.614418593759540672e-04
1.672999999999999636e+04 1.605697494772280280e-04
1.673999999999999636e+04 1.585843745375443417e-04
1.674999999999999636e+04 1.559158913669708084e-04
1.675999999999999636e+04 1.528335784425234318e-04
1.676999999999999636e+04 1.492405499272725844e-04
1.677999999999999636e+04 1.455069088271443455e-04
1.678999999999999636e+04 1.416712450675063875e-04
1.679999999999999636e+04 1.378991263750116133e-04
1.680999999999999636e+04 1.342651471934076389e-04
1.681999999999999636e+04 1.309180923624424242e-04
1.682999999999999636e+04 1.279144948713161487e-04
1.683999999999999636e+04 1.251995586294337185e-04
1.684999999999999636e+04 1.228687163489549706e-04
1.685999999999999636e+04 1.208331563939448730e-04
1.686999999999999636e+04 1.191417787356324054e-04
1.687999999999999636e+04 1.178775327177139590e-04
1.688999999999999636e+04 1.171000815455458424e-04
1.689999999999999636e+04 1.166471052508688755e-04
1.690999999999999636e+04 1.164852552697446804e-04
1.691999999999999636e+04 1.167065145707107249e-04
1.692999999999999636e+04 1.175484012145810016e-04
1.693999999999999636e+04 1.184080125685683195e-04
1.694999999999999636e+04 1.198111856908406966e-04
1.695999999999999636e+04 1.215870115198820398e-04
1.696999999999999636e+04 1.235620703966975795e-04
1.697999999999999636e+04 1.260829900938691042e-04
1.698999999999999636e+04 1.290215701852522544e-04
1.699999999999999636e+04 1.319535239955674786e-04
1.700999999999999636e+04 1.352840356726191836e-04
1.701999999999999636e+04 1.387859805007372904e-04
1.702999999999999636e+04 1.423634822337180512e-04
1.703999999999999636e+04 1.461149648717167081e-04
1.704999999999999636e+04 1.498880169712263843e-04
1.705999999999999636e+04 1.535382131940976223e-04
1.706999999999999636e+04 1.569331660110948685e-04
1.707999999999999636e+04 1.601741751083561615e-04
1.708999999999999636e+04 1.628790198305643251e-04
1.709999999999999636e+04 1.649278621088036043e-04
1.710999999999999636e+04 1.664305224108779207e-04
1.711999999999999636e+04 1.674276946627937808e-04
1.712999999999999636e+04 1.673360361771269935e-04
1.713999999999999636e+04 1.666230749120587004e-04
1.714999999999999636e+04 1.655595351693774737e-04
1.715999999999999636e+04 1.634986497846964394e-04
1.716999999999999636e+04 1.610724965837462427e-04
1.717999999999999636e+04 1.581096521017703687e-04
1.718999999999999636e+04 1.548021053598760694e-04
1.719999999999999636e+04 1.511688249428770842e-04
1.720999999999999636e+04 1.476819182106086596e-04
1.721999999999999636e+04 1.438649800815746034e-04
1.722999999999999636e+04 1.401526255959726177e-04
1.723999999999999636e+04 1.365736817301189390e-04
1.724999999999999636e+04 1.331705643191947812e-04
1.725999999999999636e+04 1.301069640318463800e-04
1.726999999999999636e+04 1.272019924701988422e-04
1.727999999999999636e+04 1.245531958115828075e-04
1.728999999999999636e+04 1.221074470628018055e-04
1.729999999999999636e+04 1.201599813807650228e-04
1.730999999999999636e+04 1.185104922243880685e-04
1.731999999999999636e+04 1.171428064997164273e-04
1.732999999999999636e+04 1.160941786053574495e-04
1.733999999999999636e+04 1.153562789931197831e-04
1.734999999999999636e+04 1.148753966147563643e-04
1.735999999999999636e+04 1.149026141494556753e-04
1.736999999999999636e+04 1.150524242230201790e-04
1.737999999999999636e+04 1.157600196803487436e-04
1.738999999999999636e+04 1.167453152615351473e-04
1.739999999999999636e+04 1.179061463639396914e-04
1.740999999999999636e+04 1.193999776356829523e-04
1.741999999999999636e+04 1.213179082393227840e-04
1.742999999999999636e+04 1.233007593717314184e-04
1.743999999999999636e+04 1.257413217539711916e-04
1.744999999999999636e+04 1.284060025003203075e-04
1.745999999999999636e+04 1.311339653965803780e-04
1.746999999999999636e+04 1.342871704197459660e-04
1.747999999999999636e+04 1.377093203230678404e-04
1.748999999999999636e+04 1.409576583893451984e-04
1.749999999999999636e+04 1.442744208708965999e-04
1.750999999999999636e+04 1.474426148670965981e-04
1.751999999999999636e+04 1.507695611685279120e-04
1.752999999999999636e+04 1.538444652950652942e-04
1.753999999999999636e+04 1.566643692570105645e-04
1.754999999999999636e+04 1.588846276440032364e-04
1.755999999999999636e+04 1.608505570568438832e-04
1.756999999999999636e+04 1.624021833659250317e-04
1.757999999999999636e+04 1.629596090301082558e-04
1.758999999999999636e+04 1.632934861997465163e-04
1.759999999999999636e+04 1.627996890460637887e-04
1.760999999999999636e+04 1.619451915474727705e-04
1.761999999999999636e+04 1.605240629503731280e-04
1.762999999999999636e+04 1.585424778458826417e-04
1.763999999999999636e+04 1.559719059561825787e-04
1.764999999999999636e+04 1.533435671815027855e-04
1.765999999999999636e+04 1.502653976419117876e-04
1.766999999999999636e+04 1.474476006827154140e-04
1.767999999999999636e+04 1.441976226661166810e-04
1.768999999999999636e+04 1.410188005602250425e-04
1.769999999999999636e+04 1.378112567587358537e-04
1.770999999999999636e+04 1.349207328517306511e-04
1.771999999999999636e+04 1.320379502359651054e-04
1.772999999999999636e+04 1.295719752681160047e-04
1.773999999999999636e+04 1.274191343627415623e-04
1.774999999999999636e+04 1.252184541872367225e-04
1.775999999999999636e+04 1.233841083745712357e-04
1.776999999999999636e+04 1.216937401727157637e-04
1.777999999999999636e+04 1.202243653333420081e-04
1.778999999999999636e+04 1.193452073725134244e-04
1.779999999999999636e+04 1.187774455446626107e-04
1.780999999999999636e+04 1.182323378510713945e-04
1.781999999999999636e+04 1.182018377858477239e-04
1.782999999999999636e+04 1.181525758347605335e-04
1.783999999999999636e+04 1.184018394597343576e-04
1.784999999999999636e+04 1.193358748968474013e-04
1.785999999999999636e+04 1.203009741015580251e-04
1.786999999999999636e+04 1.216861049473745077e-04
1.787999999999999636e+04 1.232341422882254249e-04
1.788999999999999636e+04 1.248901355243432721e-04
1.789999999999999636e+04 1.268571938442667509e-04
1.790999999999999636e+04 1.292038493021378028e-04
1.791999999999999636e+04 1.314986277293508064e-04
1.792999999999999636e+04 1.340058629153232641e-04
1.793999999999999636e+04 1.366930174067653879e-04
1.794999999999999636e+04 1.395408253136919900e-04
1.795999999999999636e+04 1.421496732740276181e-04
1.796999999999999636e+04 1.449983445266854703e-04
1.797999999999999636e+04 1.474049808548648453e-04
1.798999999999999636e+04 1.497256927408778385e-04
1.799999999999999636e+04 1.517965600441214245e-04
1.800999999999999636e+04 1.535293486857833853e-04
1.801999999999999636e+04 1.549990925993282545e-04
1.802999999999999636e+04 1.561102987131345987e-04
1.803999999999999636e+04 1.564494759244510456e-04
1.804999999999999636e+04 1.561683868225837975e-04
1.805999999999999636e+04 1.556195177983562910e-04
1.806999999999999636e+04 1.546258762038033648e-04
1.807999999999999636e+04 1.531022583073592385e-04
1.808999999999999636e+04 1.510746002535249015e-04
1.809999999999999636e+04 1.487075661770707327e-04
1.810999999999999636e+04 1.459952973284140332e-04
1.811999999999999636e+04 1.433385934470761099e-04
1.812999999999999636e+04 1.403472520730965573e-04
1.813999999999999636e+04 1.372096290853194885e-04
1.814999999999999636e+04 1.341994490375175578e-04
1.815999999999999636e+04 1.310500906732742687e-04
1.816999999999999636e+04 1.281362101689449587e-04
1.817999999999999636e+04 1.254983762106841978e-04
1.818999999999999636e+04 1.227206259810759658e-04
1.819999999999999636e+04 1.202556136144630262e-04
1.820999999999999636e+04 1.180040251756117213e-04
1.821999999999999636e+04 1.160539470298394720e-04
1.822999999999999636e+04 1.144643024095384174e-04
1.823999999999999636e+04 1.129441642825595424e-04
1.824999999999999636e+04 1.116602645965933318e-04
1.825999999999999636e+04 1.107768350246880512e-04
1.826999999999999636e+04 1.101068077804948705e-04
1.827999999999999636e+04 1.096267560516975091e-04
1.828999999999999636e+04 1.094887644516919498e-04
1.829999999999999636e+04 1.097141922748013461e-04
1.830999999999999636e+04 1.100848797092729821e-04
1.831999999999999636e+04 1.107986742116186956e-04
1.832999999999999636e+04 1.119045373915281052e-04
1.833999999999999636e+04 1.131444044312109325e-04
1.834999999999999636e+04 1.147729052742770412e-04
1.835999999999999636e+04 1.166489205149471567e-04
1.836999999999999636e+04 1.186935655463454013e-04
1.837999999999999636e+04 1.210588791395710701e-04
1.838999999999999636e+04 1.237118405338415118e-04
1.839999999999999636e+04 1.267256345802508994e-04
1.840999999999999636e+04 1.299966865836315352e-04
1.841999999999999636e+04 1.333468722691438302e-04
1.842999999999999636e+04 1.368826939507069922e-04
1.843999999999999636e+04 1.407477770973455781e-04
1.844999999999999636e+04 1.445149307519156634e-04
1.845999999999999636e+04 1.483201558126939540e-04
1.846999999999999636e+04 1.520864354390872469e-04
1.847999999999999636e+04 1.559439098926563856e-04
1.848999999999999636e+04 1.593387712776224148e-04
1.849999999999999636e+04 1.625407918563842547e-04
1.850999999999999636e+04 1.652720258090625957e-04
1.851999999999999636e+04 1.675687556672084057e-04
1.852999999999999636e+04 1.690365186556176257e-04
1.853999999999999636e+04 1.699571661657846495e-04
1.854999999999999636e+04 1.704701911889528116e-04
1.855999999999999636e+04 1.701897939120574938e-04
1.856999999999999636e+04 1.691083741118073233e-04
1.857999999999999636e+04 1.673889941262478515e-04
1.858999999999999636e+04 1.651977080891004672e-04
1.859999999999999636e+04 1.625366869872542374e-04
1.860999999999999636e+04 1.593278155207699884e-04
1.861999999999999636e+04 1.559874765817160765e-04
1.862999999999999636e+04 1.526998437089532976e-04
1.863999999999999636e+04 1.489136915652096145e-04
1.864999999999999636e+04 1.450805441403817196e-04
1.865999999999999636e+04 1.413864204045214075e-04
1.866999999999999636e+04 1.375763071558806848e-04
1.867999999999999636e+04 1.340239023105544401e-04
1.868999999999999636e+04 1.306892700151271144e-04
1.869999999999999636e+04 1.275950220535549870e-04
1.870999999999999636e+04 1.246085409736468028e-04
1.871999999999999636e+04 1.220156772591172398e-04
1.872999999999999636e+04 1.194697338969195720e-04
1.873999999999999636e+04 1.173826219688653356e-04
1.874999999999999636e+04 1.157199436240481568e-04
1.875999999999999636e+04 1.142955828449216884e-04
1.876999999999999636e+04 1.129615084436446135e-04
1.877999999999999636e+04 1.120811437032585346e-04
1.878999999999999636e+04 1.115086401859681378e-04
1.879999999999999636e+04 1.111583422086594760e-04
1.880999999999999636e+04 1.109515807804279704e-04
1.881999999999999636e+04 1.110198077435894649e-04
1.882999999999999636e+04 1.114781757089052764e-04
1.883999999999999636e+04 1.122925287229658555e-04
1.884999999999999636e+04 1.134478821379520541e-04
1.885999999999999636e+04 1.147808881374574533e-04
1.886999999999999636e+04 1.162680719347206640e-04
1.887999999999999636e+04 1.181991606064123766e-04
1.888999999999999636e+04 1.202690677076007260e-04
1.889999999999999636e+04 1.225542967534669120e-04
1.890999999999999636e+04 1.251951551480688543e-04
1.891999999999999636e+04 1.281263026174494634e-04
1.892999999999999636e+04 1.311188993096291803e-04
1.893999999999999636e+04 1.345544926360435305e-04
1.894999999999999636e+04 1.377827764480059369e-04
1.895999999999999636e+04 1.414591230503225105e-04
1.896999999999999636e+04 1.449751237824249705e-04
1.897999999999999636e+04 1.484426458765950312e-04
1.898999999999999636e+04 1.517582875574180826e-04
1.899999999999999636e+04 1.551915897852954702e-04
1.900999999999999636e+04 1.581769102737499294e-04
1.901999999999999636e+04 1.609952092113982997e-04
1.902999999999999636e+04 1.637564960092206844e-04
1.903999999999999636e+04 1.652812889022419243e-04
1.904999999999999636e+04 1.666269144454786627e-04
1.905999999999999636e+04 1.676162905057417658e-04
1.906999999999999636e+04 1.677787221714990254e-04
1.907999999999999636e+04 1.670934847736170220e-04
1.908999999999999636e+04 1.660670452296805094e-04
1.909999999999999636e+04 1.645305995082462674e-04
1.910999999999999636e+04 1.621681165679453697e-04
1.911999999999999636e+04 1.594618150628168641e-04
1.912999999999999636e+04 1.563409359136471843e-04
1.913999999999999636e+04 1.531124720158415404e-04
1.914999999999999636e+04 1.494395325927993070e-04
1.915999999999999636e+04 1.455802628498251833e-04
1.916999999999999636e+04 1.419727436369738326e-04
1.917999999999999636e+04 1.384303942793596099e-04
1.918999999999999636e+04 1.345407732509284256e-04
1.919999999999999636e+04 1.308563284116439848e-04
1.920999999999999636e+04 1.277597771919404101e-04
1.921999999999999636e+04 1.245206706947794796e-04
1.922999999999999636e+04 1.213563148745478034e-04
1.923999999999999636e+04 1.187147810226947217e-04
1.924999999999999636e+04 1.161760580759344359e-04
1.925999999999999636e+04 1.138981575476499065e-04
1.926999999999999636e+04 1.119821452419759300e-04
1.927999999999999636e+04 1.102355383165889546e-04
1.928999999999999636e+04 1.089023914014205060e-04
1.929999999999999636e+04 1.077255256566105816e-04
1.930999999999999636e+04 1.067522550331083305e-04
1.931999999999999636e+04 1.060286061830238838e-04
1.932999999999999636e+04 1.055761954287315541e-04
1.933999999999999636e+04 1.054144511047261010e-04
1.934999999999999636e+04 1.055905444836268564e-04
1.935999999999999636e+04 1.058775115827559918e-04
1.936999999999999636e+04 1.064495369979004212e-04
1.937999999999999636e+04 1.074940486950993828e-04
1.938999999999999636e+04 1.088373693538558922e-04
1.939999999999999636e+04 1.102420938126939337e-04
1.940999999999999636e+04 1.117062733826639772e-04
1.941999999999999636e+04 1.138035967308656293e-04
1.942999999999999636e+04 1.160465624562624529e-04
1.943999999999999636e+04 1.184720425698811190e-04
1.944999999999999636e+04 1.212661840314868005e-04
1.945999999999999636e+04 1.242775624704429733e-04
1.946999999999999636e+04 1.276178932406298267e-04
1.947999999999999636e+04 1.312820751883483125e-04
1.948999999999999636e+04 1.350732497069473794e-04
1.949999999999999636e+04 1.389381230569409565e-04
1.950999999999999636e+04 1.429728014511370631e-04
1.951999999999999636e+04 1.471392077551551358e-04
1.952999999999999636e+04 1.514479090009199203e-04
1.953999999999999636e+04 1.556422045639643988e-04
1.954999999999999636e+04 1.597698024179095239e-04
1.955999999999999636e+04 1.638859557668893862e-04
1.956999999999999636e+04 1.676960488274066108e-04
1.957999999999999636e+04 1.709588482473967466e-04
1.958999999999999636e+04 1.735770461203860562e-04
1.959999999999999636e+04 1.757685196105466217e-04
1.960999999999999636e+04 1.775089584665110690e-04
1.961999999999999636e+04 1.779955599628668390e-04
1.962999999999999636e+04 1.783446690007022873e-04
1.963999999999999636e+04 1.778497709701644164e-04
1.964999999999999636e+04 1.768994847965356268e-04
1.965999999999999636e+04 1.745483113739977219e-04
1.966999999999999636e+04 1.722478663153132340e-04
1.967999999999999636e+04 1.690996345364519213e-04
1.968999999999999636e+04 1.654850882347778203e-04
1.969999999999999636e+04 1.619729925208152912e-04
1.970999999999999636e+04 1.579500995746950509e-04
1.971999999999999636e+04 1.539713403335400297e-04
1.972999999999999636e+04 1.500009850982314628e-04
1.973999999999999636e+04 1.458379856806416063e-04
1.974999999999999636e+04 1.417785774271150307e-04
1.975999999999999636e+04 1.379713050145100659e-04
1.976999999999999636e+04 1.342715723300473844e-04
1.977999999999999636e+04 1.307054718656615647e-04
1.978999999999999636e+04 1.273896206563166747e-04
1.979999999999999636e+04 1.241753086677231590e-04
1.980999999999999636e+04 1.214186001780704049e-04
1.981999999999999636e+04 1.191031724781141355e-04
1.982999999999999636e+04 1.168589225032295114e-04
1.983999999999999636e+04 1.147512262933384782e-04
1.984999999999999636e+04 1.129773479199683203e-04
1.985999999999999636e+04 1.114994122550222992e-04
1.986999999999999636e+04 1.102546050918529441e-04
1.987999999999999636e+04 1.091109746102982990e-04
1.988999999999999636e+04 1.083460700347970763e-04
1.989999999999999636e+04 1.079957002549452417e-04
1.990999999999999636e+04 1.077354729412090473e-04
1.991999999999999636e+04 1.075764432665788663e-04
1.992999999999999636e+04 1.078327986209588947e-04
1.993999999999999636e+04 1.083097852553425576e-04
1.994999999999999636e+04 1.089122714270702899e-04
1.995999999999999636e+04 1.097847652288127070e-04
1.996999999999999636e+04 1.109936729834654496e-04
1.997999999999999636e+04 1.123565670668171207e-04
1.998999999999999636e+04 1.139249729914112389e-04
1.999999999999999636e+04 1.156619993568487825e-04
2.000999999999999636e+04 1.176280551908831333e-04
2.001999999999999636e+04 1.199202707311796388e-04
2.002999999999999636e+04 1.222207699060522200e-04
2.003999999999999636e+04 1.250259199946922339e-04
2.004999999999999636e+04 1.277421418840297507e-04
2.005999999999999636e+04 1.307288121214036675e-04
2.006999999999999636e+04 1.338778527518565066e-04
2.007999999999999636e+04 1.369344080899919346e-04
2.008999999999999636e+04 1.398909130734784156e-04
2.009999999999999636e+04 1.431554247589583197e-04
2.010999999999999636e+04 1.461989476022630674e-04
2.011999999999999636e+04 1.490714284373102294e-04
2.012999999999999636e+04 1.519395856144751763e-04
2.013999999999999636e+04 1.546150016511576273e-04
2.014999999999999636e+04 1.568290556916822353e-04
2.015999999999999636e+04 1.588841305424714236e-04
2.016999999999999636e+04 1.604508565038891585e-04
2.017999999999999636e+04 1.613284962385292700e-04
2.018999999999999636e+04 1.619221648875508236e-04
2.019999999999999636e+04 1.617645424800037669e-04
2.020999999999999636e+04 1.613529424359814643e-04
2.021999999999999636e+04 1.606480860074414548e-04
2.022999999999999636e+04 1.590762365798759894e-04
2.023999999999999636e+04 1.572168087109364408e-04
2.024999999999999636e+04 1.549667027482937815e-04
2.025999999999999636e+04 1.523456807839355920e-04
2.026999999999999636e+04 1.495043801318340069e-04
2.027999999999999636e+04 1.466016947805213382e-04
2.028999999999999636e+04 1.435031453698530212e-04
2.029999999999999636e+04 1.403049349619875277e-04
2.030999999999999636e+04 1.370546541573296022e-04
2.031999999999999636e+04 1.336121921058868020e-04
2.032999999999999636e+04 1.304555387869786793e-04
2.033999999999999636e+04 1.273811113985342559e-04
2.034999999999999636e+04 1.245126821347032858e-04
2.035999999999999636e+04 1.218063488682348165e-04
2.036999999999999636e+04 1.191863753438400275e-04
2.037999999999999636e+04 1.168573662635195365e-04
2.038999999999999636e+04 1.145708133159338565e-04
2.039999999999999636e+04 1.124956683771795161e-04
2.040999999999999636e+04 1.106110850024852365e-04
2.041999999999999636e+04 1.089434968448242517e-04
2.042999999999999636e+04 1.075140800067926822e-04
2.043999999999999636e+04 1.061670185013437965e-04
2.044999999999999636e+04 1.051860150736510461e-04
2.045999999999999636e+04 1.043219886536953347e-04
2.046999999999999636e+04 1.036943648523586120e-04
2.047999999999999636e+04 1.033724822434841311e-04
2.048999999999999636e+04 1.032546598801877214e-04
2.049999999999999636e+04 1.032070540232473993e-04
2.050999999999999636e+04 1.035476448628804913e-04
2.051999999999999636e+04 1.039679640472606839e-04
2.052999999999999636e+04 1.045455601276142630e-04
2.053999999999999636e+04 1.056028209746028847e-04
2.054999999999999636e+04 1.067852167405407727e-04
2.055999999999999636e+04 1.079526702434544183e-04
2.056999999999999636e+04 1.094788264767687072e-04
2.057999999999999636e+04 1.112189360527664986e-04
2.058999999999999636e+04 1.131186809433665230e-04
2.059999999999999636e+04 1.152734351417893197e-04
2.060999999999999636e+04 1.177455622806288009e-04
2.061999999999999636e+04 1.200301152832403931e-04
2.062999999999999636e+04 1.228540439300324224e-04
2.063999999999999636e+04 1.256256338878934057e-04
2.064999999999999636e+04 1.286994629694512913e-04
2.065999999999999636e+04 1.318507743649686113e-04
2.066999999999999636e+04 1.352269505130949186e-04
2.067999999999999636e+04 1.383413999767663571e-04
2.068999999999999636e+04 1.412412379697454293e-04
2.069999999999999636e+04 1.443009197139142501e-04
2.070999999999999636e+04 1.474216492167342290e-04
2.071999999999999636e+04 1.502465731187148238e-04
2.072999999999999636e+04 1.523294272533537203e-04
2.073999999999999636e+04 1.542159014636740528e-04
2.074999999999999636e+04 1.561696416064051597e-04
2.075999999999999636e+04 1.571612184873525406e-04
2.076999999999999636e+04 1.575457503582178178e-04
2.077999999999999636e+04 1.576260087587443113e-04
2.078999999999999636e+04 1.569292367999304278e-04
2.079999999999999636e+04 1.557693216247872333e-04
2.080999999999999636e+04 1.541094434091308486e-04
2.081999999999999636e+04 1.514824735584384050e-04
2.082999999999999636e+04 1.487591521328099201e-04
2.083999999999999636e+04 1.454811905961252659e-04
2.084999999999999636e+04 1.420982997465945503e-04
2.085999999999999636e+04 1.380319211370960092e-04
2.086999999999999636e+04 1.339100399209871672e-04
2.087999999999999636e+04 1.299314284843892595e-04
2.088999999999999636e+04 1.257978361559416883e-04
2.089999999999999636e+04 1.214711519494929894e-04
2.090999999999999636e+04 1.171561291748631086e-04
2.091999999999999636e+04 1.131164413108506076e-04
2.092999999999999636e+04 1.092800300159625724e-04
2.093999999999999636e+04 1.053985837676569859e-04
2.094999999999999636e+04 1.019376137835727918e-04
2.095999999999999636e+04 9.841958493597404095e-05
2.096999999999999636e+04 9.520993699705491303e-05
2.097999999999999636e+04 9.204726845535559634e-05
2.098999999999999636e+04 9.006092658875814252e-05
2.099999999999999636e+04 0.000000000000000000e+00
