3.639999999999999545e+03 0.000000000000000000e+00
3.649999999999999545e+03 5.454389386910625259e-18
3.659999999999999545e+03 0.000000000000000000e+00
3.669999999999999545e+03 0.000000000000000000e+00
3.679999999999999545e+03 0.000000000000000000e+00
3.689999999999999545e+03 0.000000000000000000e+00
3.699999999999999545e+03 0.000000000000000000e+00
3.709999999999999545e+03 0.000000000000000000e+00
3.719999999999999545e+03 0.000000000000000000e+00
3.729999999999999545e+03 0.000000000000000000e+00
3.739999999999999545e+03 0.000000000000000000e+00
3.749999999999999545e+03 0.000000000000000000e+00
3.759999999999999545e+03 0.000000000000000000e+00
3.769999999999999545e+03 0.000000000000000000e+00
3.779999999999999545e+03 0.000000000000000000e+00
3.789999999999999545e+03 0.000000000000000000e+00
3.799999999999999545e+03 0.000000000000000000e+00
3.809999999999999545e+03 0.000000000000000000e+00
3.819999999999999545e+03 0.000000000000000000e+00
3.829999999999999545e+03 0.000000000000000000e+00
3.839999999999999091e+03 0.000000000000000000e+00
3.849999999999999091e+03 0.000000000000000000e+00
3.859999999999999091e+03 1.859607009154124985e-11
3.869999999999999091e+03 2.822871645129812797e-12
3.879999999999999091e+03 0.000000000000000000e+00
3.889999999999999091e+03 0.000000000000000000e+00
3.899999999999999091e+03 1.267812409032312668e-12
3.909999999999999091e+03 0.000000000000000000e+00
3.919999999999999091e+03 0.000000000000000000e+00
3.929999999999999091e+03 0.000000000000000000e+00
3.939999999999999091e+03 0.000000000000000000e+00
3.949999999999999091e+03 0.000000000000000000e+00
3.959999999999999091e+03 1.076025755621600203e-12
3.969999999999999091e+03 3.967981575155500688e-13
3.979999999999999091e+03 1.417192679167037418e-13
3.989999999999999091e+03 0.000000000000000000e+00
3.999999999999999091e+03 0.000000000000000000e+00
4.009999999999999091e+03 7.458420882466749959e-14
4.019999999999999091e+03 2.040765536449062686e-13
4.029999999999999091e+03 9.012017206784812713e-14
4.039999999999999091e+03 3.088785442406737651e-13
4.049999999999999091e+03 3.104703249644675461e-14
4.059999999999999091e+03 5.497283983921624118e-15
4.069999999999999091e+03 2.214379682254119180e-13
4.079999999999999091e+03 2.052595595568918861e-13
4.089999999999999091e+03 8.193928283438625006e-14
4.099999999999999091e+03 0.000000000000000000e+00
4.109999999999999091e+03 0.000000000000000000e+00
4.119999999999999091e+03 0.000000000000000000e+00
4.129999999999999091e+03 0.000000000000000000e+00
4.139999999999999091e+03 0.000000000000000000e+00
4.149999999999999091e+03 0.000000000000000000e+00
4.159999999999999091e+03 0.000000000000000000e+00
4.169999999999999091e+03 0.000000000000000000e+00
4.179999999999999091e+03 0.000000000000000000e+00
4.189999999999999091e+03 0.000000000000000000e+00
4.199999999999999091e+03 0.000000000000000000e+00
4.209999999999999091e+03 0.000000000000000000e+00
4.219999999999999091e+03 0.000000000000000000e+00
4.229999999999999091e+03 0.000000000000000000e+00
4.239999999999999091e+03 0.000000000000000000e+00
4.249999999999999091e+03 0.000000000000000000e+00
4.259999999999999091e+03 0.000000000000000000e+00
4.269999999999999091e+03 0.000000000000000000e+00
4.279999999999999091e+03 0.000000000000000000e+00
4.289999999999999091e+03 0.000000000000000000e+00
4.299999999999999091e+03 0.000000000000000000e+00
4.309999999999999091e+03 1.017542504514112519e-13
4.319999999999999091e+03 1.428925585952287459e-14
4.329999999999999091e+03 1.400027341355474922e-14
4.339999999999999091e+03 8.783083035097000242e-14
4.349999999999999091e+03 2.133712480502925015e-13
4.359999999999999091e+03 2.117090195305575031e-14
4.369999999999999091e+03 4.170887224036312297e-13
4.379999999999999091e+03 1.295613700427103668e-13
4.389999999999999091e+03 1.372717358713260177e-12
4.399999999999999091e+03 1.754137077913893769e-13
4.409999999999999091e+03 8.144887533019210922e-12
4.419999999999999091e+03 0.000000000000000000e+00
4.429999999999999091e+03 0.000000000000000000e+00
4.439999999999999091e+03 0.000000000000000000e+00
4.449999999999999091e+03 0.000000000000000000e+00
4.459999999999999091e+03 0.000000000000000000e+00
4.469999999999999091e+03 0.000000000000000000e+00
4.479999999999999091e+03 2.504647125118477176e-11
4.489999999999999091e+03 0.000000000000000000e+00
4.499999999999999091e+03 0.000000000000000000e+00
4.509999999999999091e+03 5.588996805007508571e-11
4.519999999999999091e+03 7.844399098385246774e-12
4.529999999999999091e+03 0.000000000000000000e+00
4.539999999999999091e+03 0.000000000000000000e+00
4.549999999999999091e+03 0.000000000000000000e+00
4.559999999999999091e+03 0.000000000000000000e+00
4.569999999999999091e+03 0.000000000000000000e+00
4.579999999999999091e+03 2.222170636733914972e-11
4.589999999999999091e+03 0.000000000000000000e+00
4.599999999999999091e+03 0.000000000000000000e+00
4.609999999999999091e+03 5.250780472825912184e-09
4.619999999999999091e+03 1.370048032802835695e-09
4.629999999999999091e+03 7.246285122933924001e-09
4.639999999999999091e+03 0.000000000000000000e+00
4.649999999999999091e+03 0.000000000000000000e+00
4.659999999999999091e+03 0.000000000000000000e+00
4.669999999999999091e+03 0.000000000000000000e+00
4.679999999999999091e+03 0.000000000000000000e+00
4.689999999999999091e+03 1.094572833659177026e-09
4.699999999999999091e+03 4.478132192312171394e-09
4.709999999999999091e+03 6.393371531805283192e-08
4.719999999999999091e+03 2.637511911811063926e-09
4.729999999999999091e+03 0.000000000000000000e+00
4.739999999999999091e+03 4.863892540599080829e-08
4.749999999999999091e+03 1.655575239016784997e-08
4.759999999999999091e+03 9.466318125819573304e-08
4.769999999999999091e+03 2.487228584263342454e-07
4.779999999999999091e+03 2.784361529160572003e-07
4.789999999999999091e+03 6.115468153191390619e-06
4.799999999999999091e+03 2.494333170997685625e-06
4.809999999999999091e+03 1.924114950561377172e-06
4.819999999999999091e+03 3.952093893867844978e-06
4.829999999999999091e+03 9.161777241527541249e-07
4.839999999999999091e+03 1.845631956775191046e-07
4.849999999999999091e+03 2.222256156629088168e-07
4.859999999999999091e+03 4.645951172680545211e-07
4.869999999999999091e+03 4.603143768496074667e-07
4.879999999999999091e+03 5.487420836922456315e-07
4.889999999999999091e+03 3.105480523776656530e-08
4.899999999999999091e+03 9.174937321670705294e-09
4.909999999999999091e+03 1.602985756585839108e-08
4.919999999999999091e+03 4.152948491476785224e-08
4.929999999999999091e+03 1.412654918732273840e-07
4.939999999999999091e+03 1.874660348756714854e-07
4.949999999999999091e+03 9.532331820644037482e-07
4.959999999999999091e+03 9.848307570879846521e-07
4.969999999999999091e+03 7.337062398857441916e-07
4.979999999999999091e+03 2.864709949288718970e-07
4.989999999999999091e+03 2.387745594286813967e-07
4.999999999999999091e+03 1.599568915541519920e-07
5.009999999999999091e+03 7.127933773522844041e-08
5.019999999999999091e+03 1.080308846807308121e-07
5.029999999999999091e+03 9.486228880328199337e-08
5.039999999999999091e+03 1.233575642564213496e-07
5.049999999999999091e+03 1.448294440355459547e-08
5.059999999999999091e+03 3.358126812938419664e-09
5.069999999999999091e+03 2.400205615861525084e-09
5.079999999999999091e+03 4.723992995714024107e-09
5.089999999999999091e+03 2.865747141769018831e-09
5.099999999999999091e+03 4.928750019018520270e-10
5.109999999999999091e+03 2.127386737979811208e-10
5.119999999999999091e+03 9.161123478748080644e-10
5.129999999999999091e+03 4.785201993744506376e-10
5.139999999999999091e+03 1.110556420129724166e-09
5.149999999999999091e+03 1.420482063299222400e-08
5.159999999999999091e+03 1.184168411224947084e-08
5.169999999999999091e+03 1.854039979648276945e-08
5.179999999999999091e+03 5.922615460204398817e-09
5.189999999999999091e+03 1.268103633154627423e-09
5.199999999999999091e+03 1.218610775009617455e-09
5.209999999999999091e+03 1.178639114926647963e-09
5.219999999999999091e+03 6.272881686003529433e-10
5.229999999999999091e+03 6.868020192550816195e-10
5.239999999999999091e+03 2.532355288660890995e-09
5.249999999999999091e+03 1.985370078922894132e-08
5.259999999999999091e+03 8.319637355827324057e-09
5.269999999999999091e+03 2.079306814102826080e-08
5.279999999999999091e+03 2.854291302824220509e-09
5.289999999999999091e+03 2.846513855969726409e-09
5.299999999999999091e+03 1.160768287732576208e-08
5.309999999999999091e+03 6.093539759989011316e-10
5.319999999999999091e+03 5.659644522665657129e-10
5.329999999999999091e+03 4.862090373888877466e-09
5.339999999999999091e+03 2.482644709211136578e-09
5.349999999999999091e+03 7.340098783736775244e-10
5.359999999999999091e+03 2.213879461287003164e-09
5.369999999999999091e+03 2.660567941161110500e-09
5.379999999999999091e+03 4.805053935462113466e-10
5.389999999999999091e+03 2.432154636915237644e-09
5.399999999999999091e+03 1.701249574105252548e-10
5.409999999999999091e+03 1.386047221261447593e-11
5.419999999999999091e+03 9.717491259680750719e-12
5.429999999999999091e+03 6.441247981589399808e-12
5.439999999999999091e+03 1.945089483072605772e-11
5.449999999999999091e+03 3.151438630131925459e-11
5.459999999999999091e+03 1.433989625218719011e-12
5.469999999999999091e+03 3.833870535042187510e-13
5.479999999999999091e+03 3.580421049659999693e-13
5.489999999999999091e+03 3.077002158059375445e-13
5.499999999999999091e+03 1.213911930875000104e-14
5.509999999999999091e+03 9.229787560682499664e-15
5.519999999999999091e+03 1.308130576252500162e-13
5.529999999999999091e+03 8.020404624776251321e-15
5.539999999999999091e+03 4.035118686917500987e-15
5.549999999999999091e+03 4.117778945765625619e-15
5.559999999999999091e+03 0.000000000000000000e+00
5.569999999999999091e+03 0.000000000000000000e+00
5.579999999999999091e+03 0.000000000000000000e+00
5.589999999999999091e+03 0.000000000000000000e+00
5.599999999999999091e+03 0.000000000000000000e+00
5.609999999999999091e+03 0.000000000000000000e+00
5.619999999999999091e+03 0.000000000000000000e+00
5.629999999999999091e+03 0.000000000000000000e+00
5.639999999999999091e+03 0.000000000000000000e+00
5.649999999999999091e+03 2.464080877037500157e-15
5.659999999999999091e+03 3.837722985403125104e-15
5.669999999999999091e+03 0.000000000000000000e+00
5.679999999999999091e+03 0.000000000000000000e+00
5.689999999999999091e+03 2.496175452421874664e-15
5.699999999999999091e+03 1.128774638181749955e-14
5.709999999999999091e+03 1.469268398511375100e-14
5.719999999999999091e+03 3.850834954325625092e-15
5.729999999999999091e+03 0.000000000000000000e+00
5.739999999999999091e+03 0.000000000000000000e+00
5.749999999999999091e+03 0.000000000000000000e+00
5.759999999999999091e+03 8.017199464093749977e-16
5.769999999999999091e+03 4.374891910620000328e-16
5.779999999999999091e+03 4.143594496387500158e-16
5.789999999999999091e+03 8.203314155400000418e-16
5.799999999999999091e+03 2.143835403937500388e-15
5.809999999999999091e+03 3.685031487361874849e-14
5.819999999999999091e+03 1.114179572759750370e-15
5.829999999999999091e+03 5.964809995515000336e-16
5.839999999999999091e+03 0.000000000000000000e+00
5.849999999999999091e+03 1.288464118287500203e-15
5.859999999999999091e+03 5.789353286307500951e-15
5.869999999999999091e+03 3.296948054544375176e-14
5.879999999999999091e+03 9.297590463595000462e-14
5.889999999999999091e+03 1.898713317007500108e-13
5.899999999999999091e+03 2.705633693839999982e-13
5.909999999999999091e+03 7.481940070500000312e-14
5.919999999999999091e+03 3.489549216033124483e-14
5.929999999999999091e+03 1.008094380667500037e-13
5.939999999999999091e+03 5.430600590703750322e-13
5.949999999999999091e+03 8.884348634651876620e-13
5.959999999999999091e+03 3.691475398624999749e-12
5.969999999999999091e+03 8.866632634488124785e-12
5.979999999999999091e+03 9.173096138115002275e-12
5.989999999999999091e+03 1.517357832497499828e-11
5.999999999999999091e+03 2.171360506218750504e-11
6.009999999999999091e+03 2.889606506762500232e-11
6.019999999999999091e+03 8.836209028377501439e-12
6.029999999999999091e+03 1.181594949715250068e-11
6.039999999999999091e+03 1.024469123461875135e-11
6.049999999999999091e+03 8.106105448743749211e-12
6.059999999999999091e+03 3.338124526782500008e-12
6.069999999999999091e+03 1.959793641154999876e-12
6.079999999999999091e+03 8.180640261950625771e-13
6.089999999999999091e+03 2.852128497776250159e-13
6.099999999999999091e+03 4.348961531040000385e-13
6.109999999999999091e+03 1.651393014556250153e-13
6.119999999999999091e+03 1.475504107218750041e-13
6.129999999999999091e+03 3.914647632551250758e-13
6.139999999999999091e+03 1.098085125204375036e-12
6.149999999999999091e+03 1.713440646540000018e-12
6.159999999999999091e+03 6.770808034138751160e-12
6.169999999999999091e+03 1.445086403299000045e-11
6.179999999999999091e+03 1.938592923294562750e-11
6.189999999999999091e+03 1.542063208329000156e-11
6.199999999999999091e+03 7.071430153409999948e-12
6.209999999999999091e+03 5.015185883404374543e-12
6.219999999999999091e+03 1.051765324788062633e-11
6.229999999999999091e+03 1.816843514864875211e-11
6.239999999999999091e+03 1.839446060605562801e-11
6.249999999999999091e+03 1.512420099842312586e-11
6.259999999999999091e+03 1.686173439405000261e-11
6.269999999999999091e+03 1.719317692908812883e-11
6.279999999999999091e+03 9.177992658135000295e-12
6.289999999999999091e+03 3.575160713459999942e-12
6.299999999999999091e+03 2.853882348743125410e-12
6.309999999999999091e+03 2.402590656224937740e-12
6.319999999999999091e+03 2.835887659780874977e-12
6.329999999999999091e+03 1.289871457978687390e-12
6.339999999999999091e+03 1.129593396356249994e-12
6.349999999999999091e+03 7.516851104174999114e-13
6.359999999999999091e+03 7.439037090765000937e-13
6.369999999999999091e+03 1.218215510087187731e-12
6.379999999999999091e+03 1.542543306292625145e-12
6.389999999999999091e+03 6.212236658897500281e-12
6.399999999999999091e+03 2.020091266620000001e-11
6.409999999999999091e+03 4.279579392611249774e-11
6.419999999999999091e+03 2.425024949725437641e-11
6.429999999999999091e+03 1.464641418702000178e-11
6.439999999999999091e+03 9.288528123560001674e-12
6.449999999999999091e+03 6.446987228937499462e-12
6.459999999999999091e+03 8.459461256050000513e-12
6.469999999999999091e+03 1.232802064016250151e-11
6.479999999999999091e+03 2.080797680219999885e-11
6.489999999999999091e+03 2.144544390229499744e-11
6.499999999999999091e+03 2.404235643383437387e-11
6.509999999999999091e+03 3.692214583414875385e-11
6.519999999999999091e+03 5.550646368925000747e-11
6.529999999999999091e+03 7.296924383962500556e-11
6.539999999999999091e+03 7.288611124200001543e-11
6.549999999999999091e+03 5.262272888311251008e-11
6.559999999999999091e+03 4.048090785309374373e-11
6.569999999999999091e+03 2.559547545371250100e-11
6.579999999999999091e+03 1.748725733903750220e-11
6.589999999999999091e+03 1.486043714064000184e-11
6.599999999999999091e+03 1.377727373489249897e-11
6.609999999999999091e+03 6.250178574710000409e-12
6.619999999999999091e+03 5.923180155952501039e-12
6.629999999999999091e+03 8.362004286606250497e-12
6.639999999999999091e+03 4.498666362868563262e-12
6.649999999999999091e+03 0.000000000000000000e+00
6.659999999999999091e+03 2.674390962857250368e-12
6.669999999999999091e+03 2.472907692808874746e-12
6.679999999999999091e+03 8.132219756683751337e-13
6.689999999999999091e+03 4.203441921091874943e-12
6.699999999999999091e+03 4.141685637993750693e-12
6.709999999999999091e+03 3.691909785768750606e-12
6.719999999999999091e+03 3.673837787497499434e-12
6.729999999999999091e+03 5.925377639475000534e-12
6.739999999999999091e+03 6.420957001934999637e-12
6.749999999999999091e+03 2.015488023819374965e-12
6.759999999999999091e+03 9.565120190193750063e-13
6.769999999999999091e+03 1.974075356881249829e-12
6.779999999999999091e+03 9.227274905730000184e-13
6.789999999999999091e+03 1.145374703807250314e-12
6.799999999999999091e+03 7.204656633956250412e-13
6.809999999999999091e+03 2.766369014524500407e-13
6.819999999999999091e+03 9.344038996814376116e-14
6.829999999999999091e+03 2.884437551703750027e-14
6.839999999999999091e+03 5.243738762587500878e-14
6.849999999999999091e+03 2.702297377368750133e-13
6.859999999999999091e+03 2.597182000761250069e-14
6.869999999999999091e+03 7.601341997633125615e-14
6.879999999999999091e+03 1.303931754440437682e-12
6.889999999999999091e+03 1.349955094897500176e-13
6.899999999999999091e+03 1.069925376515624924e-12
6.909999999999999091e+03 0.000000000000000000e+00
6.919999999999999091e+03 1.901711905664375182e-12
6.929999999999999091e+03 6.680856165252500918e-12
6.939999999999999091e+03 1.401873761675625293e-11
6.949999999999999091e+03 3.177795112363812927e-11
6.959999999999999091e+03 2.849700117176500014e-11
6.969999999999999091e+03 3.850583202557437846e-11
6.979999999999999091e+03 7.367943915149999394e-11
6.989999999999999091e+03 6.795292520677500078e-11
6.999999999999999091e+03 6.780399602287500209e-11
7.009999999999999091e+03 5.935617521111250397e-11
7.019999999999999091e+03 9.891703445793748781e-11
7.029999999999999091e+03 6.088803163113126257e-11
7.039999999999999091e+03 3.934907750812500010e-11
7.049999999999999091e+03 3.613163995904750170e-11
7.059999999999999091e+03 1.687190975855000175e-11
7.069999999999999091e+03 1.128987336303749913e-11
7.079999999999999091e+03 5.210793907812500442e-12
7.089999999999999091e+03 4.067583738274001197e-12
7.099999999999999091e+03 1.481358210256312613e-12
7.109999999999999091e+03 4.654179111115624951e-12
7.119999999999999091e+03 0.000000000000000000e+00
7.129999999999999091e+03 3.479877854783750254e-13
7.139999999999999091e+03 0.000000000000000000e+00
7.149999999999999091e+03 2.800253102423438135e-12
7.159999999999999091e+03 0.000000000000000000e+00
7.169999999999999091e+03 2.803320344475000594e-12
7.179999999999999091e+03 4.087588071616875777e-12
7.189999999999999091e+03 3.139230289297375733e-12
7.199999999999999091e+03 1.404156071052000084e-11
7.209999999999999091e+03 1.330461029504250057e-11
7.219999999999999091e+03 2.131581549352499917e-12
7.229999999999999091e+03 1.787035693800000327e-11
7.239999999999999091e+03 1.622594645893812547e-11
7.249999999999999091e+03 2.189944333144750223e-11
7.259999999999999091e+03 6.250278717724999798e-13
7.269999999999999091e+03 1.359391753723499937e-12
7.279999999999999091e+03 2.522562876078000263e-12
7.289999999999999091e+03 2.350104503575500138e-13
7.299999999999999091e+03 2.174528923473375333e-13
7.309999999999999091e+03 4.194188155237499699e-12
7.319999999999999091e+03 6.121598359056250363e-12
7.329999999999999091e+03 0.000000000000000000e+00
7.339999999999999091e+03 2.876062218854562449e-13
7.349999999999999091e+03 0.000000000000000000e+00
7.359999999999999091e+03 1.043341018487687555e-11
7.369999999999999091e+03 1.957625987105249980e-12
7.379999999999999091e+03 3.226014835785000003e-12
7.389999999999999091e+03 3.320932009182375278e-12
7.399999999999999091e+03 1.870142495567937778e-11
7.409999999999999091e+03 9.598278061259999983e-12
7.419999999999999091e+03 0.000000000000000000e+00
7.429999999999999091e+03 1.738908471105750076e-11
7.439999999999999091e+03 5.412879572450000819e-11
7.449999999999999091e+03 4.996080255766249793e-11
7.459999999999999091e+03 2.910671916516000213e-11
7.469999999999999091e+03 7.245152323499999856e-12
7.479999999999999091e+03 6.234448750162500643e-12
7.489999999999999091e+03 0.000000000000000000e+00
7.499999999999999091e+03 0.000000000000000000e+00
7.509999999999999091e+03 6.771535018290000938e-12
7.519999999999999091e+03 0.000000000000000000e+00
7.529999999999999091e+03 1.226933090464812688e-12
7.539999999999999091e+03 5.903972714154374842e-12
7.549999999999999091e+03 0.000000000000000000e+00
7.559999999999999091e+03 1.332892457150625196e-12
7.569999999999999091e+03 6.325618028979375622e-12
7.579999999999999091e+03 0.000000000000000000e+00
7.589999999999999091e+03 5.463005077950000056e-13
7.599999999999999091e+03 5.319539896391874633e-12
7.609999999999999091e+03 1.390990623162000105e-12
7.619999999999999091e+03 6.776874700128749641e-12
7.629999999999999091e+03 5.187288250235000076e-13
7.639999999999999091e+03 0.000000000000000000e+00
7.649999999999999091e+03 0.000000000000000000e+00
7.659999999999999091e+03 0.000000000000000000e+00
7.669999999999999091e+03 7.087916066332499790e-14
7.679999999999998181e+03 0.000000000000000000e+00
7.689999999999998181e+03 0.000000000000000000e+00
7.699999999999998181e+03 3.660142470267501006e-12
7.709999999999998181e+03 1.274044797851874993e-12
7.719999999999998181e+03 0.000000000000000000e+00
7.729999999999998181e+03 5.129628879768749931e-13
7.739999999999998181e+03 5.110992944539999791e-13
7.749999999999998181e+03 0.000000000000000000e+00
7.759999999999998181e+03 2.004988609349688068e-13
7.769999999999998181e+03 5.724634022975000180e-13
7.779999999999998181e+03 0.000000000000000000e+00
7.789999999999998181e+03 1.971960938517062736e-11
7.799999999999998181e+03 1.768430431530000491e-11
7.809999999999998181e+03 1.176270134550000209e-11
7.819999999999998181e+03 4.052092481080000300e-11
7.829999999999998181e+03 2.789866745684374994e-11
7.839999999999998181e+03 1.094186420145000075e-11
7.849999999999998181e+03 0.000000000000000000e+00
7.859999999999998181e+03 1.289739730846875227e-12
7.869999999999998181e+03 3.698558611295625383e-12
7.879999999999998181e+03 1.416613323999999890e-11
7.889999999999998181e+03 1.851526594469999877e-11
7.899999999999998181e+03 0.000000000000000000e+00
7.909999999999998181e+03 1.502296207830250206e-12
7.919999999999998181e+03 1.845459259149187539e-12
7.929999999999998181e+03 0.000000000000000000e+00
7.939999999999998181e+03 0.000000000000000000e+00
7.949999999999998181e+03 5.175848711092500557e-13
7.959999999999998181e+03 4.847316218464999956e-12
7.969999999999998181e+03 1.460144799781937319e-11
7.979999999999998181e+03 1.797917103097500123e-11
7.989999999999998181e+03 2.587879226601374927e-11
7.999999999999998181e+03 3.165329254241000171e-11
8.009999999999998181e+03 1.705967821914363361e-11
8.019999999999998181e+03 1.163462627788350834e-11
8.029999999999998181e+03 2.590124644850970457e-12
8.039999999999998181e+03 5.545981421357284573e-12
8.049999999999998181e+03 1.370965414409087800e-11
8.059999999999998181e+03 0.000000000000000000e+00
8.069999999999998181e+03 8.152814265445357022e-12
8.079999999999998181e+03 1.427031838763686891e-11
8.089999999999998181e+03 7.347551617339052477e-12
8.099999999999998181e+03 0.000000000000000000e+00
8.109999999999998181e+03 0.000000000000000000e+00
8.119999999999998181e+03 3.451895816795703320e-11
8.129999999999998181e+03 2.840373347452366127e-11
8.139999999999998181e+03 4.673093274677649033e-11
8.149999999999998181e+03 7.448870631547272583e-12
8.159999999999998181e+03 0.000000000000000000e+00
8.169999999999998181e+03 6.497288380700658116e-13
8.179999999999998181e+03 0.000000000000000000e+00
8.189999999999998181e+03 5.843497078195471629e-12
8.199999999999998181e+03 0.000000000000000000e+00
8.209999999999998181e+03 0.000000000000000000e+00
8.219999999999998181e+03 0.000000000000000000e+00
8.229999999999998181e+03 6.115199880562740710e-12
8.239999999999998181e+03 2.571259626240937846e-11
8.249999999999998181e+03 2.332799942768987142e-11
8.259999999999998181e+03 6.738879994078887350e-12
8.269999999999998181e+03 4.962968494711213946e-11
8.279999999999998181e+03 4.325529561627982520e-11
8.289999999999998181e+03 0.000000000000000000e+00
8.299999999999998181e+03 8.326853282317091144e-13
8.309999999999998181e+03 0.000000000000000000e+00
8.319999999999998181e+03 1.074913909017001891e-11
8.329999999999998181e+03 4.223085384519031242e-11
8.339999999999998181e+03 3.906364612307026765e-11
8.349999999999998181e+03 6.686592918897167906e-11
8.359999999999998181e+03 4.956365481161777866e-12
8.369999999999998181e+03 5.478516093710867987e-11
8.379999999999998181e+03 6.125200671727191424e-12
8.389999999999998181e+03 2.714726780825017830e-12
8.399999999999998181e+03 0.000000000000000000e+00
8.409999999999998181e+03 4.640109911115769443e-12
8.419999999999998181e+03 4.306694746867549430e-12
8.429999999999998181e+03 8.057040599567589831e-12
8.439999999999998181e+03 0.000000000000000000e+00
8.449999999999998181e+03 0.000000000000000000e+00
8.459999999999998181e+03 0.000000000000000000e+00
8.469999999999998181e+03 4.366202178044771054e-11
8.479999999999998181e+03 1.420324917385947612e-10
8.489999999999998181e+03 1.112703219272441264e-10
8.499999999999998181e+03 0.000000000000000000e+00
8.509999999999998181e+03 1.936340074444412358e-11
8.519999999999998181e+03 0.000000000000000000e+00
8.529999999999998181e+03 1.305364929094618166e-12
8.539999999999998181e+03 6.779982026255884042e-14
8.549999999999998181e+03 1.245718691759572418e-11
8.559999999999998181e+03 5.674215735870079369e-12
8.569999999999998181e+03 0.000000000000000000e+00
8.579999999999998181e+03 0.000000000000000000e+00
8.589999999999998181e+03 0.000000000000000000e+00
8.599999999999998181e+03 1.997901469956858491e-11
8.609999999999998181e+03 1.638595964420060763e-11
8.619999999999998181e+03 3.465835898510068951e-11
8.629999999999998181e+03 1.254957842679558922e-12
8.639999999999998181e+03 0.000000000000000000e+00
8.649999999999998181e+03 3.403941119769070534e-12
8.659999999999998181e+03 5.491869991637176243e-12
8.669999999999998181e+03 1.565939494981530811e-11
8.679999999999998181e+03 0.000000000000000000e+00
8.689999999999998181e+03 0.000000000000000000e+00
8.699999999999998181e+03 0.000000000000000000e+00
8.709999999999998181e+03 0.000000000000000000e+00
8.719999999999998181e+03 1.898887377656909115e-11
8.729999999999998181e+03 0.000000000000000000e+00
8.739999999999998181e+03 1.298276028305539789e-11
8.749999999999998181e+03 3.641517765718363892e-11
8.759999999999998181e+03 9.965798373749314138e-11
8.769999999999998181e+03 2.253458330924341516e-11
8.779999999999998181e+03 7.513679370486828656e-12
8.789999999999998181e+03 3.084579431179522782e-13
8.799999999999998181e+03 1.443469610042551096e-12
8.809999999999998181e+03 2.559339454171462502e-12
8.819999999999998181e+03 3.916115480168795871e-13
8.829999999999998181e+03 3.923882782084314543e-14
8.839999999999998181e+03 8.886147980480686590e-13
8.849999999999998181e+03 0.000000000000000000e+00
8.859999999999998181e+03 2.157916802359212941e-13
8.869999999999998181e+03 1.465185033706958962e-12
8.879999999999998181e+03 1.083748494775821938e-12
8.889999999999998181e+03 0.000000000000000000e+00
8.899999999999998181e+03 0.000000000000000000e+00
8.909999999999998181e+03 0.000000000000000000e+00
8.919999999999998181e+03 0.000000000000000000e+00
8.929999999999998181e+03 2.034201856583204463e-13
8.939999999999998181e+03 1.033440260192843413e-13
8.949999999999998181e+03 0.000000000000000000e+00
8.959999999999998181e+03 1.075237282136792563e-12
8.969999999999998181e+03 0.000000000000000000e+00
8.979999999999998181e+03 1.292967302462425352e-12
8.989999999999998181e+03 1.060999412661219730e-12
8.999999999999998181e+03 9.267343683097257003e-14
9.009999999999998181e+03 4.755158228789282381e-15
9.019999999999998181e+03 1.687157720640493621e-13
9.029999999999998181e+03 2.489961549914889770e-14
9.039999999999998181e+03 1.004689494477115506e-13
9.049999999999998181e+03 8.317111515958403220e-14
9.059999999999998181e+03 0.000000000000000000e+00
9.069999999999998181e+03 0.000000000000000000e+00
9.079999999999998181e+03 0.000000000000000000e+00
9.089999999999998181e+03 0.000000000000000000e+00
9.099999999999998181e+03 0.000000000000000000e+00
9.109999999999998181e+03 0.000000000000000000e+00
9.119999999999998181e+03 2.184543928910871307e-12
9.129999999999998181e+03 3.702942743992295399e-12
9.139999999999998181e+03 1.456960940793107740e-11
9.149999999999998181e+03 1.403582363537373880e-10
9.159999999999998181e+03 8.758133350739315897e-09
9.169999999999998181e+03 3.654628122930604155e-10
9.179999999999998181e+03 1.967164309399587930e-10
9.189999999999998181e+03 4.063076176798008392e-10
9.199999999999998181e+03 0.000000000000000000e+00
9.209999999999998181e+03 0.000000000000000000e+00
9.219999999999998181e+03 0.000000000000000000e+00
9.229999999999998181e+03 0.000000000000000000e+00
9.239999999999998181e+03 0.000000000000000000e+00
9.249999999999998181e+03 0.000000000000000000e+00
9.259999999999998181e+03 0.000000000000000000e+00
9.269999999999998181e+03 0.000000000000000000e+00
9.279999999999998181e+03 0.000000000000000000e+00
9.289999999999998181e+03 0.000000000000000000e+00
9.299999999999998181e+03 0.000000000000000000e+00
9.309999999999998181e+03 0.000000000000000000e+00
9.319999999999998181e+03 0.000000000000000000e+00
9.329999999999998181e+03 0.000000000000000000e+00
9.339999999999998181e+03 0.000000000000000000e+00
9.349999999999998181e+03 4.847267104230451563e-08
9.359999999999998181e+03 4.859308019101997459e-08
9.369999999999998181e+03 4.858736735808918521e-08
9.379999999999998181e+03 4.836601993309164082e-08
9.389999999999998181e+03 4.825792510967424984e-08
9.399999999999998181e+03 4.813104278098637655e-08
9.409999999999998181e+03 4.855039303318516684e-08
9.419999999999998181e+03 4.883800627265918994e-08
9.429999999999998181e+03 0.000000000000000000e+00
9.439999999999998181e+03 0.000000000000000000e+00
9.449999999999998181e+03 4.912184118052166714e-08
9.459999999999998181e+03 4.931483867536714542e-08
9.469999999999998181e+03 5.004761038853656126e-08
9.479999999999998181e+03 5.042377877704703936e-08
9.489999999999998181e+03 5.035360106029124665e-08
9.499999999999998181e+03 1.013133855220346597e-07
9.509999999999998181e+03 1.019760826547218779e-07
9.519999999999998181e+03 2.054268455363947814e-07
9.529999999999998181e+03 3.613630368704966098e-07
9.539999999999998181e+03 6.754166897897200534e-07
9.549999999999998181e+03 1.777644537899256785e-06
9.559999999999998181e+03 6.520511672729617733e-06
9.569999999999998181e+03 8.565469145081400812e-05
9.579999999999998181e+03 6.352054533911509449e-05
9.589999999999998181e+03 1.334184391149580104e-05
9.599999999999998181e+03 7.295456394432636341e-06
9.609999999999998181e+03 5.536458730459443652e-06
9.619999999999998181e+03 5.032645369049847505e-06
9.629999999999998181e+03 5.066670565384916306e-06
9.639999999999998181e+03 5.350663379498011015e-06
9.649999999999998181e+03 5.797683501054605421e-06
9.659999999999998181e+03 6.333586649179554016e-06
9.669999999999998181e+03 7.145265109536865122e-06
9.679999999999998181e+03 8.388534888279955987e-06
9.689999999999998181e+03 1.037655678786566761e-05
9.699999999999998181e+03 1.377822151265673743e-05
9.709999999999998181e+03 2.001952679939423692e-05
9.719999999999998181e+03 3.174728767619480898e-05
9.729999999999998181e+03 5.112171573346965082e-05
9.739999999999998181e+03 6.431008899040414266e-05
9.749999999999998181e+03 5.359953711676898250e-05
9.759999999999998181e+03 3.730220630396248921e-05
9.769999999999998181e+03 2.743231081368739357e-05
9.779999999999998181e+03 2.274511874633023290e-05
9.789999999999998181e+03 2.140960737124735619e-05
9.799999999999998181e+03 2.290617600144990900e-05
9.809999999999998181e+03 2.802433462685623465e-05
9.819999999999998181e+03 3.867037443470927252e-05
9.829999999999998181e+03 5.909701332548790296e-05
9.839999999999998181e+03 8.456408395506776366e-05
9.849999999999998181e+03 8.205676915344091828e-05
9.859999999999998181e+03 5.625269339514978593e-05
9.869999999999998181e+03 3.745213094255147934e-05
9.879999999999998181e+03 2.751811692401006867e-05
9.889999999999998181e+03 2.267558912652548563e-05
9.899999999999998181e+03 2.064636055092711531e-05
9.909999999999998181e+03 2.026957302902085244e-05
9.919999999999998181e+03 2.093336804990555595e-05
9.929999999999998181e+03 2.149380895233457824e-05
9.939999999999998181e+03 2.084087550218955844e-05
9.949999999999998181e+03 1.852173504514183992e-05
9.959999999999998181e+03 1.519720321593980028e-05
9.969999999999998181e+03 1.201216494773563198e-05
9.979999999999998181e+03 9.724657405670867675e-06
9.989999999999998181e+03 8.027151246485624692e-06
9.999999999999998181e+03 6.996428901953437398e-06
1.000999999999999818e+04 6.524698045490580283e-06
1.001999999999999818e+04 6.423386916081422482e-06
1.002999999999999818e+04 6.832273696934594218e-06
1.003999999999999818e+04 7.800940888493064883e-06
1.004999999999999818e+04 9.666021096176245268e-06
1.005999999999999818e+04 1.317181377195351083e-05
1.006999999999999818e+04 1.938027847402844106e-05
1.007999999999999818e+04 2.764251875277668038e-05
1.008999999999999818e+04 2.955204077838933662e-05
1.009999999999999818e+04 2.106722728130028995e-05
1.010999999999999818e+04 1.305542153662147375e-05
1.011999999999999818e+04 8.433490737749668609e-06
1.012999999999999818e+04 5.972888231469729108e-06
1.013999999999999818e+04 4.626419434296835347e-06
1.014999999999999818e+04 3.864533507872513087e-06
1.015999999999999818e+04 3.497851229350845291e-06
1.016999999999999818e+04 3.335458506344084812e-06
1.017999999999999818e+04 3.391606729202433688e-06
1.018999999999999818e+04 3.656958739154901391e-06
1.019999999999999818e+04 4.189525956622002554e-06
1.020999999999999818e+04 5.250923731018801372e-06
1.021999999999999818e+04 7.059485653582786905e-06
1.022999999999999818e+04 1.045641774170330442e-05
1.023999999999999818e+04 1.762343450638114548e-05
1.024999999999999818e+04 3.472346839668193416e-05
1.025999999999999818e+04 7.414035294962643963e-05
1.026999999999999818e+04 1.042551537759449370e-04
1.027999999999999818e+04 6.928609812087645518e-05
1.028999999999999818e+04 4.110528810672288668e-05
1.029999999999999818e+04 2.843041675639163495e-05
1.030999999999999818e+04 2.290165549860811775e-05
1.031999999999999818e+04 2.099682622010844998e-05
1.032999999999999818e+04 2.159360550982417385e-05
1.033999999999999818e+04 2.417815912423477930e-05
1.034999999999999818e+04 2.831166114153989868e-05
1.035999999999999818e+04 3.145282342731728093e-05
1.036999999999999818e+04 2.852307663046680140e-05
1.037999999999999818e+04 2.050451732453014320e-05
1.038999999999999818e+04 1.327365972051760496e-05
1.039999999999999818e+04 8.674389812578804090e-06
1.040999999999999818e+04 5.920159638291951079e-06
1.041999999999999818e+04 4.343465015741185002e-06
1.042999999999999818e+04 3.382267345087430551e-06
1.043999999999999818e+04 2.786793913583695051e-06
1.044999999999999818e+04 2.394675025808314706e-06
1.045999999999999818e+04 2.172753556658868237e-06
1.046999999999999818e+04 2.013112001192008033e-06
1.047999999999999818e+04 2.013687621872327654e-06
1.048999999999999818e+04 2.015174615842936825e-06
1.049999999999999818e+04 2.172410257815589802e-06
1.050999999999999818e+04 2.401074652310637614e-06
1.051999999999999818e+04 2.725020691140934792e-06
1.052999999999999818e+04 3.254100176288951849e-06
1.053999999999999818e+04 4.117046782765024286e-06
1.054999999999999818e+04 5.469689086870876843e-06
1.055999999999999818e+04 7.695094163709002497e-06
1.056999999999999818e+04 1.148975246779396563e-05
1.057999999999999818e+04 1.851419084233929953e-05
1.058999999999999818e+04 3.212859617476026972e-05
1.059999999999999818e+04 5.685169992887839391e-05
1.060999999999999818e+04 8.735215744034106466e-05
1.061999999999999818e+04 9.526884791991476582e-05
1.062999999999999818e+04 8.028865360253827684e-05
1.063999999999999818e+04 6.368042638693007689e-05
1.064999999999999818e+04 5.225413270564611880e-05
1.065999999999999818e+04 4.421127720218260231e-05
1.066999999999999818e+04 3.814646499604862757e-05
1.067999999999999818e+04 3.221314788587767512e-05
1.068999999999999818e+04 2.632552273612466639e-05
1.069999999999999818e+04 2.079991150095528577e-05
1.070999999999999818e+04 1.620319800837309568e-05
1.071999999999999818e+04 1.263852339192941287e-05
1.072999999999999818e+04 9.921092821936572671e-06
1.073999999999999818e+04 8.032741649924808329e-06
1.074999999999999818e+04 6.709184772034636336e-06
1.075999999999999818e+04 5.768230682976419998e-06
1.076999999999999818e+04 5.108448767481901245e-06
1.077999999999999818e+04 4.685401698834266552e-06
1.078999999999999818e+04 4.468080244737506038e-06
1.079999999999999818e+04 4.363888133121998889e-06
1.080999999999999818e+04 4.417374988817731276e-06
1.081999999999999818e+04 4.605681669077527342e-06
1.082999999999999818e+04 4.868628956193263132e-06
1.083999999999999818e+04 5.353605083075382323e-06
1.084999999999999818e+04 6.113186586910579496e-06
1.085999999999999818e+04 7.148535571996864401e-06
1.086999999999999818e+04 8.671580058617575523e-06
1.087999999999999818e+04 1.088296254896575469e-05
1.088999999999999818e+04 1.417110914226719322e-05
1.089999999999999818e+04 1.913560538683529907e-05
1.090999999999999818e+04 2.670204191646373477e-05
1.091999999999999818e+04 3.757278150551910393e-05
1.092999999999999818e+04 5.269104062216233914e-05
1.093999999999999818e+04 6.948133491614017128e-05
1.094999999999999818e+04 8.251610985665801192e-05
1.095999999999999818e+04 8.810144108615894658e-05
1.096999999999999818e+04 8.675829603503829187e-05
1.097999999999999818e+04 8.333430429993462780e-05
1.098999999999999818e+04 8.119654799837470527e-05
1.099999999999999818e+04 8.134817407151473802e-05
1.100999999999999818e+04 8.528485391783118517e-05
1.101999999999999818e+04 9.351870075875741266e-05
1.102999999999999818e+04 1.062774532562167651e-04
1.103999999999999818e+04 1.228011727078909764e-04
1.104999999999999818e+04 1.398698984167833902e-04
1.105999999999999818e+04 1.488432018827320598e-04
1.106999999999999818e+04 1.425099545164300893e-04
1.107999999999999818e+04 1.225245525821068839e-04
1.108999999999999818e+04 9.860277036996267514e-05
1.109999999999999818e+04 7.755854648275026556e-05
1.110999999999999818e+04 6.176896779967275416e-05
1.111999999999999818e+04 5.055777188995192340e-05
1.112999999999999818e+04 4.277026359091620306e-05
1.113999999999999818e+04 3.739125188948985869e-05
1.114999999999999818e+04 3.379267277811099707e-05
1.115999999999999818e+04 3.158380886552528512e-05
1.116999999999999818e+04 3.047464314771762867e-05
1.117999999999999818e+04 3.020098549908922412e-05
1.118999999999999818e+04 3.076437200788818387e-05
1.119999999999999818e+04 3.228030190808453353e-05
1.120999999999999818e+04 3.466190046341768275e-05
1.121999999999999818e+04 3.815418102991694220e-05
1.122999999999999818e+04 4.305822985737517872e-05
1.123999999999999818e+04 4.959504463435331718e-05
1.124999999999999818e+04 5.820232048715844806e-05
1.125999999999999818e+04 6.918999328319186675e-05
1.126999999999999818e+04 8.271488153914358381e-05
1.127999999999999818e+04 9.804487973062942039e-05
1.128999999999999818e+04 1.141631141818428793e-04
1.129999999999999818e+04 1.280513992158258813e-04
1.130999999999999818e+04 1.374089752934262840e-04
1.131999999999999818e+04 1.407181620035150851e-04
1.132999999999999818e+04 1.388733454696916959e-04
1.133999999999999818e+04 1.330247796975567414e-04
1.134999999999999818e+04 1.265788994319863754e-04
1.135999999999999818e+04 1.204788263568085636e-04
1.136999999999999818e+04 1.156676797314072034e-04
1.137999999999999818e+04 1.128406360143079893e-04
1.138999999999999818e+04 1.118021444608926005e-04
1.139999999999999818e+04 1.127763395151732106e-04
1.140999999999999818e+04 1.161070286620729099e-04
1.141999999999999818e+04 1.218468014262788274e-04
1.142999999999999818e+04 1.301169389630195590e-04
1.143999999999999818e+04 1.419021822751105979e-04
1.144999999999999818e+04 1.574981733386858279e-04
1.145999999999999818e+04 1.783744794400947181e-04
1.146999999999999818e+04 2.056233408884875153e-04
1.147999999999999818e+04 2.415125474737802734e-04
1.148999999999999818e+04 2.890138105364647883e-04
1.149999999999999818e+04 3.522050743511979617e-04
1.150999999999999818e+04 4.387609027864445123e-04
1.151999999999999818e+04 5.556822447671991815e-04
1.152999999999999818e+04 7.186218839522425829e-04
1.153999999999999818e+04 9.489642146067490958e-04
1.154999999999999818e+04 1.279562397161435614e-03
1.155999999999999818e+04 1.765032571191789542e-03
1.156999999999999818e+04 2.492142730740547641e-03
1.157999999999999818e+04 3.613421331247744419e-03
1.158999999999999818e+04 5.369467439060852075e-03
1.159999999999999818e+04 8.210376803163620812e-03
1.160999999999999818e+04 1.292166808734144731e-02
1.161999999999999818e+04 2.095770754760227159e-02
1.162999999999999818e+04 3.505256078411374959e-02
1.163999999999999818e+04 6.015675786748901632e-02
1.164999999999999818e+04 1.044756665205772289e-01
1.165999999999999818e+04 1.788270086233426648e-01
1.166999999999999818e+04 2.863702006179827952e-01
1.167999999999999818e+04 4.056855969948189866e-01
1.168999999999999818e+04 4.961054400709165590e-01
1.169999999999999818e+04 5.416503438633316625e-01
1.170999999999999818e+04 5.566049530027498138e-01
1.171999999999999818e+04 5.589040647471992251e-01
1.172999999999999818e+04 5.584763477657510578e-01
1.173999999999999818e+04 5.586636116364331883e-01
1.174999999999999818e+04 5.600865459848300976e-01
1.175999999999999818e+04 5.607876047368463013e-01
1.176999999999999818e+04 5.607999945907392592e-01
1.177999999999999818e+04 5.611207236725874736e-01
1.178999999999999818e+04 5.613696452769061374e-01
1.179999999999999818e+04 5.617155579920262154e-01
1.180999999999999818e+04 5.617674985994128845e-01
1.181999999999999818e+04 5.613559570897317386e-01
1.182999999999999818e+04 5.616474083844952281e-01
1.183999999999999818e+04 5.616817798339168721e-01
1.184999999999999818e+04 5.618910934723979622e-01
1.185999999999999818e+04 5.618505187287001768e-01
1.186999999999999818e+04 5.618210077820684489e-01
1.187999999999999818e+04 5.610254440341442272e-01
1.188999999999999818e+04 5.608921504185397922e-01
1.189999999999999818e+04 5.609619768284943575e-01
1.190999999999999818e+04 5.615195056161915721e-01
1.191999999999999818e+04 5.623799686220630756e-01
1.192999999999999818e+04 5.630762097491489593e-01
1.193999999999999818e+04 5.641033264154740046e-01
1.194999999999999818e+04 5.649548013398438817e-01
1.195999999999999818e+04 5.658074313944060352e-01
1.196999999999999818e+04 5.669692580602502252e-01
1.197999999999999818e+04 5.675997617209296298e-01
1.198999999999999818e+04 5.682576223108225522e-01
1.199999999999999818e+04 5.687766492521816319e-01
1.200999999999999818e+04 5.686284618456279860e-01
1.201999999999999818e+04 5.683514277719955432e-01
1.202999999999999818e+04 5.685434803857341013e-01
1.203999999999999818e+04 5.687367555990603396e-01
1.204999999999999818e+04 5.697369135915332228e-01
1.205999999999999818e+04 5.701262005210048223e-01
1.206999999999999818e+04 5.703905816244654314e-01
1.207999999999999818e+04 5.716941450193945284e-01
1.208999999999999818e+04 5.723019354889358201e-01
1.209999999999999818e+04 5.730125016855682762e-01
1.210999999999999818e+04 5.739362366940528037e-01
1.211999999999999818e+04 5.747160395407472366e-01
1.212999999999999818e+04 5.758376247205658771e-01
1.213999999999999818e+04 5.762881771049727098e-01
1.214999999999999818e+04 5.769520824640003154e-01
1.215999999999999818e+04 5.774786710557581193e-01
1.216999999999999818e+04 5.776415315818165253e-01
1.217999999999999818e+04 5.781357487186538080e-01
1.218999999999999818e+04 5.779179603074680038e-01
1.219999999999999818e+04 5.779731880270718714e-01
1.220999999999999818e+04 5.778032970745725638e-01
1.221999999999999818e+04 5.777453881755786336e-01
1.222999999999999818e+04 5.777324466191368080e-01
1.223999999999999818e+04 5.785113363818565890e-01
1.224999999999999818e+04 5.792398949615422676e-01
1.225999999999999818e+04 5.794587378941290501e-01
1.226999999999999818e+04 5.798500914063402512e-01
1.227999999999999818e+04 5.803426184610157579e-01
1.228999999999999818e+04 5.806921154595415802e-01
1.229999999999999818e+04 5.812941784519853883e-01
1.230999999999999818e+04 5.818904988404220990e-01
1.231999999999999818e+04 5.819161131259279474e-01
1.232999999999999818e+04 5.821255711500208374e-01
1.233999999999999818e+04 5.821520757566155391e-01
1.234999999999999818e+04 5.823709775968837210e-01
1.235999999999999818e+04 5.816679372872290976e-01
1.236999999999999818e+04 5.812011734929544149e-01
1.237999999999999818e+04 5.807761149587551408e-01
1.238999999999999818e+04 5.802031313588889017e-01
1.239999999999999818e+04 5.798077829952806850e-01
1.240999999999999818e+04 5.797796845053988513e-01
1.241999999999999818e+04 5.794673436265699307e-01
1.242999999999999818e+04 5.790854357401907793e-01
1.243999999999999818e+04 5.787561739115545389e-01
1.244999999999999818e+04 5.786814985573126568e-01
1.245999999999999818e+04 5.790301303929108467e-01
1.246999999999999818e+04 5.791541427761131011e-01
1.247999999999999818e+04 5.791422972715402073e-01
1.248999999999999818e+04 5.798309525379463647e-01
1.249999999999999818e+04 5.800194433797190019e-01
1.250999999999999818e+04 5.801470395386620904e-01
1.251999999999999818e+04 5.803720060846622175e-01
1.252999999999999818e+04 5.810881470614024380e-01
1.253999999999999818e+04 5.812647806756340296e-01
1.254999999999999818e+04 5.810124347608109918e-01
1.255999999999999818e+04 5.815466117013855518e-01
1.256999999999999818e+04 5.817144288290987397e-01
1.257999999999999818e+04 5.815227782792621314e-01
1.258999999999999818e+04 5.816515797724285397e-01
1.259999999999999818e+04 5.810552036500444828e-01
1.260999999999999818e+04 5.813507656476283314e-01
1.261999999999999818e+04 5.817258071876200143e-01
1.262999999999999818e+04 5.819554437795150248e-01
1.263999999999999818e+04 5.828126383558273060e-01
1.264999999999999818e+04 5.827318413010954545e-01
1.265999999999999818e+04 5.834200337788307822e-01
1.266999999999999818e+04 5.840605600214204829e-01
1.267999999999999818e+04 5.844948869427757376e-01
1.268999999999999818e+04 5.852962121899144554e-01
1.269999999999999818e+04 5.859538184854118370e-01
1.270999999999999818e+04 5.864064961963741940e-01
1.271999999999999818e+04 5.865109401507656584e-01
1.272999999999999818e+04 5.864191908312826884e-01
1.273999999999999818e+04 5.861133273783368791e-01
1.274999999999999818e+04 5.860486235394997134e-01
1.275999999999999818e+04 5.854252141520965846e-01
1.276999999999999818e+04 5.846172848062204386e-01
1.277999999999999818e+04 5.840946538903027951e-01
1.278999999999999818e+04 5.840497790096972341e-01
1.279999999999999818e+04 5.835319597929486957e-01
1.280999999999999818e+04 5.840935103842275211e-01
1.281999999999999818e+04 5.837485433426553572e-01
1.282999999999999818e+04 5.839288811835163795e-01
1.283999999999999818e+04 5.842307827815852450e-01
1.284999999999999818e+04 5.844896144629033730e-01
1.285999999999999818e+04 5.845585971035481831e-01
1.286999999999999818e+04 5.849998636750043390e-01
1.287999999999999818e+04 5.854758470956477057e-01
1.288999999999999818e+04 5.855024172101817026e-01
1.289999999999999818e+04 5.852124816557567888e-01
1.290999999999999818e+04 5.848054270360559803e-01
1.291999999999999818e+04 5.853161149104233463e-01
1.292999999999999818e+04 5.854129192458852327e-01
1.293999999999999818e+04 5.854911849861544892e-01
1.294999999999999818e+04 5.845559715618890984e-01
1.295999999999999818e+04 5.842402737851515315e-01
1.296999999999999818e+04 5.834185026954740172e-01
1.297999999999999818e+04 5.833319095865988624e-01
1.298999999999999818e+04 5.823950301503367788e-01
1.299999999999999818e+04 5.826033266408149336e-01
1.300999999999999818e+04 5.816763677674814392e-01
1.301999999999999818e+04 5.817048687910746363e-01
1.302999999999999818e+04 5.820465526981410953e-01
1.303999999999999818e+04 5.823794461055702421e-01
1.304999999999999818e+04 5.821305526647677642e-01
1.305999999999999818e+04 5.828910439473841132e-01
1.306999999999999818e+04 5.832355811162529546e-01
1.307999999999999818e+04 5.830971206348232183e-01
1.308999999999999818e+04 5.829343087096969800e-01
1.309999999999999818e+04 5.830325331017649493e-01
1.310999999999999818e+04 5.836324737433777887e-01
1.311999999999999818e+04 5.835993409644081309e-01
1.312999999999999818e+04 5.830750043185027875e-01
1.313999999999999818e+04 5.827259185693571819e-01
1.314999999999999818e+04 5.825410334914118415e-01
1.315999999999999818e+04 5.822014223822425949e-01
1.316999999999999818e+04 5.821959733126153003e-01
1.317999999999999818e+04 5.815430566589434580e-01
1.318999999999999818e+04 5.813306306942115365e-01
1.319999999999999818e+04 5.806342248239270143e-01
1.320999999999999818e+04 5.804365123918370228e-01
1.321999999999999818e+04 5.801879525947299943e-01
1.322999999999999818e+04 5.801958919644203405e-01
1.323999999999999818e+04 5.798395657776636014e-01
1.324999999999999818e+04 5.805746537245435324e-01
1.325999999999999818e+04 5.801495154158616829e-01
1.326999999999999818e+04 5.802118770017513638e-01
1.327999999999999818e+04 5.812025245405698648e-01
1.328999999999999818e+04 5.809304764563550938e-01
1.329999999999999818e+04 5.811940576992020713e-01
1.330999999999999818e+04 5.812677904070434609e-01
1.331999999999999818e+04 5.817120078913320391e-01
1.332999999999999818e+04 5.813146886803263191e-01
1.333999999999999818e+04 5.812428471449218037e-01
1.334999999999999818e+04 5.810587651647164398e-01
1.335999999999999818e+04 5.810287358532612023e-01
1.336999999999999818e+04 5.800773084767744114e-01
1.337999999999999818e+04 5.800107186744939414e-01
1.338999999999999818e+04 5.797665087988665977e-01
1.339999999999999818e+04 5.794090709384293048e-01
1.340999999999999818e+04 5.786772062671966532e-01
1.341999999999999818e+04 5.788315768647264159e-01
1.342999999999999818e+04 5.786445476645850627e-01
1.343999999999999818e+04 5.785400959873691074e-01
1.344999999999999818e+04 5.786914711016638568e-01
1.345999999999999818e+04 5.779445979335176009e-01
1.346999999999999818e+04 5.785185893489739328e-01
1.347999999999999818e+04 5.777836007296508480e-01
1.348999999999999818e+04 5.781400597601236147e-01
1.349999999999999818e+04 5.780038929430246775e-01
1.350999999999999818e+04 5.781242506904301637e-01
1.351999999999999818e+04 5.777078160731625722e-01
1.352999999999999818e+04 5.775545192205162603e-01
1.353999999999999818e+04 5.772611968402571181e-01
1.354999999999999818e+04 5.763351591956984432e-01
1.355999999999999818e+04 5.752964623795467913e-01
1.356999999999999818e+04 5.748345405868321434e-01
1.357999999999999818e+04 5.739799020850347988e-01
1.358999999999999818e+04 5.731595200628476494e-01
1.359999999999999818e+04 5.728565771912029758e-01
1.360999999999999818e+04 5.710672707913279078e-01
1.361999999999999818e+04 5.709637815095551794e-01
1.362999999999999818e+04 5.692964531272194373e-01
1.363999999999999818e+04 5.687821853616622514e-01
1.364999999999999818e+04 5.673228403635748318e-01
1.365999999999999818e+04 5.665685423697627288e-01
1.366999999999999818e+04 5.648424900429719342e-01
1.367999999999999818e+04 5.629933232795011344e-01
1.368999999999999818e+04 5.609751655619710231e-01
1.369999999999999818e+04 5.570283579733146251e-01
1.370999999999999818e+04 5.525291520808723877e-01
1.371999999999999818e+04 5.469895449812234300e-01
1.372999999999999818e+04 5.414282998482365938e-01
1.373999999999999818e+04 5.340659401350102975e-01
1.374999999999999818e+04 5.271529852136013217e-01
1.375999999999999818e+04 5.208165511223661337e-01
1.376999999999999818e+04 5.147594041474913285e-01
1.377999999999999818e+04 5.094236089322260463e-01
1.378999999999999818e+04 5.050491544437459845e-01
1.379999999999999818e+04 5.018092907965758798e-01
1.380999999999999818e+04 4.992805067233851979e-01
1.381999999999999818e+04 4.978942148251642164e-01
1.382999999999999818e+04 4.976136324041693926e-01
1.383999999999999818e+04 4.983976193228616958e-01
1.384999999999999818e+04 4.998493602791571067e-01
1.385999999999999818e+04 5.016235797982843136e-01
1.386999999999999818e+04 5.039196805557520920e-01
1.387999999999999818e+04 5.067256585466333174e-01
1.388999999999999818e+04 5.097789405778541116e-01
1.389999999999999818e+04 5.121573032418809124e-01
1.390999999999999818e+04 5.157323230480425069e-01
1.391999999999999818e+04 5.189711083584755968e-01
1.392999999999999818e+04 5.217037848828900426e-01
1.393999999999999818e+04 5.247811304363229068e-01
1.394999999999999818e+04 5.275093453715886671e-01
1.395999999999999818e+04 5.300727399989575428e-01
1.396999999999999818e+04 5.324421892577001492e-01
1.397999999999999818e+04 5.348185631933130013e-01
1.398999999999999818e+04 5.368533194210752812e-01
1.399999999999999818e+04 5.390132788430803679e-01
1.400999999999999818e+04 5.405500856442400082e-01
1.401999999999999818e+04 5.417965038168730540e-01
1.402999999999999818e+04 5.433930581786927672e-01
1.403999999999999818e+04 5.451004079905006350e-01
1.404999999999999818e+04 5.457736522875719087e-01
1.405999999999999818e+04 5.465152185493733494e-01
1.406999999999999818e+04 5.478056610426270678e-01
1.407999999999999818e+04 5.489261344181278757e-01
1.408999999999999818e+04 5.495719508741319093e-01
1.409999999999999818e+04 5.503622404437410465e-01
1.410999999999999818e+04 5.511864734195188742e-01
1.411999999999999818e+04 5.519636708928880031e-01
1.412999999999999818e+04 5.529623863630293013e-01
1.413999999999999818e+04 5.535019594750967276e-01
1.414999999999999818e+04 5.545069456587012890e-01
1.415999999999999818e+04 5.551328248052395109e-01
1.416999999999999818e+04 5.561582085920120377e-01
1.417999999999999818e+04 5.572901354161708953e-01
1.418999999999999818e+04 5.579980080034696588e-01
1.419999999999999818e+04 5.581923657016530926e-01
1.420999999999999818e+04 5.584109353562983769e-01
1.421999999999999818e+04 5.587383102041406646e-01
1.422999999999999818e+04 5.585609197724750175e-01
1.423999999999999818e+04 5.588028242564800907e-01
1.424999999999999818e+04 5.587489292418685860e-01
1.425999999999999818e+04 5.596841069606828256e-01
1.426999999999999818e+04 5.596530240164646619e-01
1.427999999999999818e+04 5.592756920893000583e-01
1.428999999999999818e+04 5.593346643650722871e-01
1.429999999999999818e+04 5.588024015440997694e-01
1.430999999999999818e+04 5.592880225738069422e-01
1.431999999999999818e+04 5.592323074208254141e-01
1.432999999999999818e+04 5.593902420241048112e-01
1.433999999999999818e+04 5.600300424669076849e-01
1.434999999999999818e+04 5.597376841673478154e-01
1.435999999999999818e+04 5.603857016018466419e-01
1.436999999999999818e+04 5.610418904820981822e-01
1.437999999999999818e+04 5.610813462608136293e-01
1.438999999999999818e+04 5.616898127428198162e-01
1.439999999999999818e+04 5.622476854981911520e-01
1.440999999999999818e+04 5.622163499397966335e-01
1.441999999999999818e+04 5.629960764913103377e-01
1.442999999999999818e+04 5.633158521815695430e-01
1.443999999999999818e+04 5.636024359198746891e-01
1.444999999999999818e+04 5.633945986804692607e-01
1.445999999999999818e+04 5.636170728756283443e-01
1.446999999999999818e+04 5.641034502453973198e-01
1.447999999999999818e+04 5.642415569335049730e-01
1.448999999999999818e+04 5.639613144367539022e-01
1.449999999999999818e+04 5.635811769137588634e-01
1.450999999999999818e+04 5.636510087052396534e-01
1.451999999999999818e+04 5.632361885680132740e-01
1.452999999999999818e+04 5.632860459818669341e-01
1.453999999999999818e+04 5.631939120554415590e-01
1.454999999999999818e+04 5.625887884821788587e-01
1.455999999999999818e+04 5.624267731411385363e-01
1.456999999999999818e+04 5.618498170795291902e-01
1.457999999999999818e+04 5.620652187456487425e-01
1.458999999999999818e+04 5.621233339829918574e-01
1.459999999999999818e+04 5.621103927764042885e-01
1.460999999999999818e+04 5.617659748774362916e-01
1.461999999999999818e+04 5.617381708635315052e-01
1.462999999999999818e+04 5.619944750184180382e-01
1.463999999999999818e+04 5.621705866418928998e-01
1.464999999999999818e+04 5.616720646156726504e-01
1.465999999999999818e+04 5.618688475148463368e-01
1.466999999999999818e+04 5.618605230213832291e-01
1.467999999999999818e+04 5.618556858475939331e-01
1.468999999999999818e+04 5.616589775636913195e-01
1.469999999999999818e+04 5.615415175766622635e-01
1.470999999999999818e+04 5.610367941806810865e-01
1.471999999999999818e+04 5.611280320715635872e-01
1.472999999999999818e+04 5.608048843566646458e-01
1.473999999999999818e+04 5.601887192244858760e-01
1.474999999999999818e+04 5.601179310309624126e-01
1.475999999999999818e+04 5.601539759250283579e-01
1.476999999999999818e+04 5.598049725061592374e-01
1.477999999999999818e+04 5.594190334321270663e-01
1.478999999999999818e+04 5.585982433296798888e-01
1.479999999999999818e+04 5.586770786987262927e-01
1.480999999999999818e+04 5.587421819648897836e-01
1.481999999999999818e+04 5.587692814571789679e-01
1.482999999999999818e+04 5.592145227212214076e-01
1.483999999999999818e+04 5.601709819020735948e-01
1.484999999999999818e+04 5.597270555911469936e-01
1.485999999999999818e+04 5.600290226402948601e-01
1.486999999999999818e+04 5.602212034972088306e-01
1.487999999999999818e+04 5.603339217310701059e-01
1.488999999999999818e+04 5.607418467541462892e-01
1.489999999999999818e+04 5.610521776562007457e-01
1.490999999999999818e+04 5.617863915132859098e-01
1.491999999999999818e+04 5.611431206033995478e-01
1.492999999999999818e+04 5.614503339595586784e-01
1.493999999999999818e+04 5.614829116222167515e-01
1.494999999999999818e+04 5.617517631385785526e-01
1.495999999999999818e+04 5.615688621522464397e-01
1.496999999999999818e+04 5.612443521109643507e-01
1.497999999999999818e+04 5.605539438318970502e-01
1.498999999999999818e+04 5.607702063991910624e-01
1.499999999999999818e+04 5.599907296358862530e-01
1.500999999999999818e+04 5.602283666554973562e-01
1.501999999999999818e+04 5.601643340645628966e-01
1.502999999999999818e+04 5.600108461928366976e-01
1.503999999999999818e+04 5.597314186889856824e-01
1.504999999999999818e+04 5.596280619172881998e-01
1.505999999999999818e+04 5.600954361770130729e-01
1.506999999999999818e+04 5.598748492156659928e-01
1.507999999999999818e+04 5.602944860900830326e-01
1.508999999999999818e+04 5.602085864695365292e-01
1.509999999999999818e+04 5.606301858011955019e-01
1.510999999999999818e+04 5.607269320619578945e-01
1.511999999999999818e+04 5.610465246605935707e-01
1.512999999999999818e+04 5.615099595860666426e-01
1.513999999999999818e+04 5.617172911531034263e-01
1.514999999999999818e+04 5.614578365081402955e-01
1.515999999999999818e+04 5.616681280290864997e-01
1.516999999999999818e+04 5.616865992774178196e-01
1.517999999999999818e+04 5.615501751570679545e-01
1.518999999999999818e+04 5.614776878747641531e-01
1.519999999999999818e+04 5.605066599714424447e-01
1.520999999999999818e+04 5.596257450196360228e-01
1.521999999999999818e+04 5.602909886223802483e-01
1.522999999999999818e+04 5.592237810373764662e-01
1.523999999999999818e+04 5.588561891674455051e-01
1.524999999999999818e+04 5.585511620269226762e-01
1.525999999999999818e+04 5.579609308460989903e-01
1.526999999999999818e+04 5.579396622511804127e-01
1.527999999999999818e+04 5.575966785346218035e-01
1.528999999999999818e+04 5.574483653409262329e-01
1.529999999999999818e+04 5.572389097652576950e-01
1.530999999999999818e+04 5.572877289407207613e-01
1.531999999999999818e+04 5.572582397687892986e-01
1.532999999999999818e+04 5.580591625532113076e-01
1.533999999999999818e+04 5.574841018904639345e-01
1.534999999999999818e+04 5.577272880467106786e-01
1.535999999999999636e+04 5.583252752105807293e-01
1.536999999999999636e+04 5.574298307101519523e-01
1.537999999999999636e+04 5.569104859853570844e-01
1.538999999999999636e+04 5.568012149351904139e-01
1.539999999999999636e+04 5.561047517721258160e-01
1.540999999999999636e+04 5.563628454238042087e-01
1.541999999999999636e+04 5.553721603571823984e-01
1.542999999999999636e+04 5.550987057830426563e-01
1.543999999999999636e+04 5.545046069961545587e-01
1.544999999999999636e+04 5.540182748703932347e-01
1.545999999999999636e+04 5.539121512769523692e-01
1.546999999999999636e+04 5.539756521719841897e-01
1.547999999999999636e+04 5.539586221461946236e-01
1.548999999999999636e+04 5.537854411929358234e-01
1.549999999999999636e+04 5.538370947994326610e-01
1.550999999999999636e+04 5.543977238256446727e-01
1.551999999999999636e+04 5.541091270381394152e-01
1.552999999999999636e+04 5.552356292678591876e-01
1.553999999999999636e+04 5.553987736574009793e-01
1.554999999999999636e+04 5.546505360815444652e-01
1.555999999999999636e+04 5.543019995420892521e-01
1.556999999999999636e+04 5.544149502255980577e-01
1.557999999999999636e+04 5.543513263005012126e-01
1.558999999999999636e+04 5.540931557094760374e-01
1.559999999999999636e+04 5.542012755327657691e-01
1.560999999999999636e+04 5.537468594521043341e-01
1.561999999999999636e+04 5.541994645964805066e-01
1.562999999999999636e+04 5.548246721782548185e-01
1.563999999999999636e+04 5.548509444227625043e-01
1.564999999999999636e+04 5.534047174586351758e-01
1.565999999999999636e+04 5.484276973547369538e-01
1.566999999999999636e+04 5.365763549029898272e-01
1.567999999999999636e+04 5.149898732250631772e-01
1.568999999999999636e+04 4.805769874661346419e-01
1.569999999999999636e+04 4.321483200150604831e-01
1.570999999999999636e+04 3.723796870051221952e-01
1.571999999999999636e+04 3.068216337682092565e-01
1.572999999999999636e+04 2.431609207697245922e-01
1.573999999999999636e+04 1.871882096088145486e-01
1.574999999999999636e+04 1.413632575436631345e-01
1.575999999999999636e+04 1.054037834715890187e-01
1.576999999999999636e+04 7.838940168491718985e-02
1.577999999999999636e+04 5.843838521356247567e-02
1.578999999999999636e+04 4.373755216384986322e-02
1.579999999999999636e+04 3.295140201590542745e-02
1.580999999999999636e+04 2.503352673354993993e-02
1.581999999999999636e+04 1.916815679153346941e-02
1.582999999999999636e+04 1.481467256030598138e-02
1.583999999999999636e+04 1.155797290228017908e-02
1.584999999999999636e+04 9.100888353008276810e-03
1.585999999999999636e+04 7.218620418383283124e-03
1.586999999999999636e+04 5.773183340065530730e-03
1.587999999999999636e+04 4.652238300383383478e-03
1.588999999999999636e+04 3.778441006391177522e-03
1.589999999999999636e+04 3.088918372356473305e-03
1.590999999999999636e+04 2.545838292351096811e-03
1.591999999999999636e+04 2.110414205821792028e-03
1.592999999999999636e+04 1.761809569010547478e-03
1.593999999999999636e+04 1.478916657110934067e-03
1.594999999999999636e+04 1.248767138752967252e-03
1.595999999999999636e+04 1.060529263967151681e-03
1.596999999999999636e+04 9.058519629703569356e-04
1.597999999999999636e+04 7.776335829312822513e-04
1.598999999999999636e+04 6.714038480284132207e-04
1.599999999999999636e+04 5.827602919544345702e-04
1.600999999999999636e+04 5.081933850770163803e-04
1.601999999999999636e+04 4.447968524793023876e-04
1.602999999999999636e+04 3.914920790170573405e-04
1.603999999999999636e+04 3.461555097643387140e-04
1.604999999999999636e+04 3.074172386538617970e-04
1.605999999999999636e+04 2.743303630512966378e-04
1.606999999999999636e+04 2.454394728316612140e-04
1.607999999999999636e+04 2.208075071322674698e-04
1.608999999999999636e+04 1.992894853894981624e-04
1.609999999999999636e+04 1.805925756384022690e-04
1.610999999999999636e+04 1.643065315766868251e-04
1.611999999999999636e+04 1.500807977806171479e-04
1.612999999999999636e+04 1.376220973178090624e-04
1.613999999999999636e+04 1.266783514242764749e-04
1.614999999999999636e+04 1.170918351156619204e-04
1.615999999999999636e+04 1.085753836384567057e-04
1.616999999999999636e+04 1.009866135566447388e-04
1.617999999999999636e+04 9.425688819356917592e-05
1.618999999999999636e+04 8.828659096765695974e-05
1.619999999999999636e+04 8.304815628961668722e-05
1.620999999999999636e+04 7.843480144868053431e-05
1.621999999999999636e+04 7.415722265826297686e-05
1.622999999999999636e+04 7.040751682845188041e-05
1.623999999999999636e+04 6.716718068887980871e-05
1.624999999999999636e+04 6.424015416813947169e-05
1.625999999999999636e+04 6.161170066417750578e-05
1.626999999999999636e+04 5.931523336435845370e-05
1.627999999999999636e+04 5.727745478701632196e-05
1.628999999999999636e+04 5.559179668396026111e-05
1.629999999999999636e+04 5.399172660964797721e-05
1.630999999999999636e+04 5.274786142947372774e-05
1.631999999999999636e+04 5.159317555197077265e-05
1.632999999999999636e+04 5.062767912910796599e-05
1.633999999999999636e+04 4.986349314681461689e-05
1.634999999999999636e+04 4.930435701001213017e-05
1.635999999999999636e+04 4.891087730883187512e-05
1.636999999999999636e+04 4.866512705034295244e-05
1.637999999999999636e+04 4.860293116860406294e-05
1.638999999999999636e+04 4.868977816971903187e-05
1.639999999999999636e+04 4.903220728715097288e-05
1.640999999999999636e+04 4.944582292681329360e-05
1.641999999999999636e+04 4.999297454696346478e-05
1.642999999999999636e+04 5.081858963442326431e-05
1.643999999999999636e+04 5.178442298262128407e-05
1.644999999999999636e+04 5.301641997293359498e-05
1.645999999999999636e+04 5.433117879648889783e-05
1.646999999999999636e+04 5.587032734587607833e-05
1.647999999999999636e+04 5.782266949022630816e-05
1.648999999999999636e+04 5.986123277558378313e-05
1.649999999999999636e+04 6.231185612910033198e-05
1.650999999999999636e+04 6.495527827961512140e-05
1.651999999999999636e+04 6.793105204557742618e-05
1.652999999999999636e+04 7.121872348271341682e-05
1.653999999999999636e+04 7.503074128714155204e-05
1.654999999999999636e+04 7.907480982186173202e-05
1.655999999999999636e+04 8.353973961302893080e-05
1.656999999999999636e+04 8.842997433644757266e-05
1.657999999999999636e+04 9.379598113642891597e-05
1.658999999999999636e+04 9.948431414936770474e-05
1.659999999999999636e+04 1.055685029298478357e-04
1.660999999999999636e+04 1.119551606916305015e-04
1.661999999999999636e+04 1.184927698348352596e-04
1.662999999999999636e+04 1.251410130282987361e-04
1.663999999999999636e+04 1.317799038043946877e-04
1.664999999999999636e+04 1.381582838007327390e-04
1.665999999999999636e+04 1.441143760987140851e-04
1.666999999999999636e+04 1.494223725418380023e-04
1.667999999999999636e+04 1.539047755036470125e-04
1.668999999999999636e+04 1.574537100063952281e-04
1.669999999999999636e+04 1.598337662315615568e-04
1.670999999999999636e+04 1.609846261725635368e-04
1.671999999999999636e+04 1.611212304569675465e-04
1.672999999999999636e+04 1.601506884681549254e-04
1.673999999999999636e+04 1.582025273565314098e-04
1.674999999999999636e+04 1.555979091343130194e-04
1.675999999999999636e+04 1.525382463296079112e-04
1.676999999999999636e+04 1.488794417268980426e-04
1.677999999999999636e+04 1.450703923525853629e-04
1.678999999999999636e+04 1.413305866576865179e-04
1.679999999999999636e+04 1.375006460825445960e-04
1.680999999999999636e+04 1.338576408730742298e-04
1.681999999999999636e+04 1.305212828127950259e-04
1.682999999999999636e+04 1.275479696837352080e-04
1.683999999999999636e+04 1.248828145826226424e-04
1.684999999999999636e+04 1.225785057777864647e-04
1.685999999999999636e+04 1.204828005909724524e-04
1.686999999999999636e+04 1.187832451639845227e-04
1.687999999999999636e+04 1.175695442168952614e-04
1.688999999999999636e+04 1.167479584610244404e-04
1.689999999999999636e+04 1.162329685029667842e-04
1.690999999999999636e+04 1.160629320217954356e-04
1.691999999999999636e+04 1.164326430435956794e-04
1.692999999999999636e+04 1.172594353839038258e-04
1.693999999999999636e+04 1.181504395786315772e-04
1.694999999999999636e+04 1.195761175986882421e-04
1.695999999999999636e+04 1.213123184191084158e-04
1.696999999999999636e+04 1.232903024996059513e-04
1.697999999999999636e+04 1.257349225306943457e-04
1.698999999999999636e+04 1.287269945308773436e-04
1.699999999999999636e+04 1.316518473154950199e-04
1.700999999999999636e+04 1.349535993608834547e-04
1.701999999999999636e+04 1.384017408435789394e-04
1.702999999999999636e+04 1.419471905782768888e-04
1.703999999999999636e+04 1.458010135596162209e-04
1.704999999999999636e+04 1.496033315484702618e-04
1.705999999999999636e+04 1.532387861801388516e-04
1.706999999999999636e+04 1.566225785738886744e-04
1.707999999999999636e+04 1.597568429287410147e-04
1.708999999999999636e+04 1.625269002814351711e-04
1.709999999999999636e+04 1.647359799699736323e-04
1.710999999999999636e+04 1.661538027873624038e-04
1.711999999999999636e+04 1.671400578496572771e-04
1.712999999999999636e+04 1.670737152656573898e-04
1.713999999999999636e+04 1.664346159099299902e-04
1.714999999999999636e+04 1.655319151242866903e-04
1.715999999999999636e+04 1.633522194839727350e-04
1.716999999999999636e+04 1.609038366658515913e-04
1.717999999999999636e+04 1.580591425373171534e-04
1.718999999999999636e+04 1.547718635627511735e-04
1.719999999999999636e+04 1.511068177664794511e-04
1.720999999999999636e+04 1.475725960826131220e-04
1.721999999999999636e+04 1.437560894475183862e-04
1.722999999999999636e+04 1.400971623609277594e-04
1.723999999999999636e+04 1.365513271327965740e-04
1.724999999999999636e+04 1.332450399809557095e-04
1.725999999999999636e+04 1.301140233069662149e-04
1.726999999999999636e+04 1.271518166748141897e-04
1.727999999999999636e+04 1.245186580018137375e-04
1.728999999999999636e+04 1.221282014197467062e-04
1.729999999999999636e+04 1.201875194776730289e-04
1.730999999999999636e+04 1.185246319432534015e-04
1.731999999999999636e+04 1.172209984485208481e-04
1.732999999999999636e+04 1.162060277601534205e-04
1.733999999999999636e+04 1.154905863473755539e-04
1.734999999999999636e+04 1.150559657547790062e-04
1.735999999999999636e+04 1.149966635038771203e-04
1.736999999999999636e+04 1.152697777474721483e-04
1.737999999999999636e+04 1.159323942267536999e-04
1.738999999999999636e+04 1.168722573826283686e-04
1.739999999999999636e+04 1.180730446023472123e-04
1.740999999999999636e+04 1.194664581705813468e-04
1.741999999999999636e+04 1.214163099884209773e-04
1.742999999999999636e+04 1.234091827767205135e-04
1.743999999999999636e+04 1.259978843272339250e-04
1.744999999999999636e+04 1.286251240465520788e-04
1.745999999999999636e+04 1.312877586818992650e-04
1.746999999999999636e+04 1.344131730634329442e-04
1.747999999999999636e+04 1.379316721304103474e-04
1.748999999999999636e+04 1.411214980830914742e-04
1.749999999999999636e+04 1.444842279805640952e-04
1.750999999999999636e+04 1.475955060911861695e-04
1.751999999999999636e+04 1.510577197998293198e-04
1.752999999999999636e+04 1.539402635314139015e-04
1.753999999999999636e+04 1.566948790494388183e-04
1.754999999999999636e+04 1.590938744684801203e-04
1.755999999999999636e+04 1.610772072019110951e-04
1.756999999999999636e+04 1.624814907813470859e-04
1.757999999999999636e+04 1.631688861970987975e-04
1.758999999999999636e+04 1.633544101635241250e-04
1.759999999999999636e+04 1.628774317732618849e-04
1.760999999999999636e+04 1.621329988546378349e-04
1.761999999999999636e+04 1.603314179355072404e-04
1.762999999999999636e+04 1.585378818633846880e-04
1.763999999999999636e+04 1.559276850313735178e-04
1.764999999999999636e+04 1.534330867725328096e-04
1.765999999999999636e+04 1.502320780290984355e-04
1.766999999999999636e+04 1.472712003274090733e-04
1.767999999999999636e+04 1.441237178344579337e-04
1.768999999999999636e+04 1.410307238209085345e-04
1.769999999999999636e+04 1.376713898861626790e-04
1.770999999999999636e+04 1.346676040906455516e-04
1.771999999999999636e+04 1.318489994464640410e-04
1.772999999999999636e+04 1.294288278397006341e-04
1.773999999999999636e+04 1.271873866898158426e-04
1.774999999999999636e+04 1.249694221696262455e-04
1.775999999999999636e+04 1.231121031090665150e-04
1.776999999999999636e+04 1.214561923506835418e-04
1.777999999999999636e+04 1.201297518211703435e-04
1.778999999999999636e+04 1.190928846777640065e-04
1.779999999999999636e+04 1.184284963125731234e-04
1.780999999999999636e+04 1.180051299201093854e-04
1.781999999999999636e+04 1.178517792207051660e-04
1.782999999999999636e+04 1.178630873593435610e-04
1.783999999999999636e+04 1.182494207060428914e-04
1.784999999999999636e+04 1.189657085532956366e-04
1.785999999999999636e+04 1.199788522972842846e-04
1.786999999999999636e+04 1.213357630648017644e-04
1.787999999999999636e+04 1.229020459627587286e-04
1.788999999999999636e+04 1.245998816740931403e-04
1.789999999999999636e+04 1.265785062326455043e-04
1.790999999999999636e+04 1.288009145155980830e-04
1.791999999999999636e+04 1.310441960408233869e-04
1.792999999999999636e+04 1.337392068289966528e-04
1.793999999999999636e+04 1.363638629813605481e-04
1.794999999999999636e+04 1.392727719066809530e-04
1.795999999999999636e+04 1.418324074229809252e-04
1.796999999999999636e+04 1.446332488326029016e-04
1.797999999999999636e+04 1.469551417946429674e-04
1.798999999999999636e+04 1.495051257851601461e-04
1.799999999999999636e+04 1.514451034114011033e-04
1.800999999999999636e+04 1.532141320359285100e-04
1.801999999999999636e+04 1.546693899993903051e-04
1.802999999999999636e+04 1.558968285098936524e-04
1.803999999999999636e+04 1.560758655276861561e-04
1.804999999999999636e+04 1.559404407211880880e-04
1.805999999999999636e+04 1.552281459729617575e-04
1.806999999999999636e+04 1.542492255768613553e-04
1.807999999999999636e+04 1.529290538686993764e-04
1.808999999999999636e+04 1.508206724250849560e-04
1.809999999999999636e+04 1.485402421972492463e-04
1.810999999999999636e+04 1.459146937091741964e-04
1.811999999999999636e+04 1.431319467424284407e-04
1.812999999999999636e+04 1.401738994019894637e-04
1.813999999999999636e+04 1.371075609088456566e-04
1.814999999999999636e+04 1.341116456602039759e-04
1.815999999999999636e+04 1.310290282779972215e-04
1.816999999999999636e+04 1.281083496942572893e-04
1.817999999999999636e+04 1.254475847327644531e-04
1.818999999999999636e+04 1.228079438448364668e-04
1.819999999999999636e+04 1.203950667932426102e-04
1.820999999999999636e+04 1.181216893187437303e-04
1.821999999999999636e+04 1.161290490495635634e-04
1.822999999999999636e+04 1.145553236482370254e-04
1.823999999999999636e+04 1.130356806698892586e-04
1.824999999999999636e+04 1.117254583429016151e-04
1.825999999999999636e+04 1.108992346886037794e-04
1.826999999999999636e+04 1.102266538658835954e-04
1.827999999999999636e+04 1.098860591385908186e-04
1.828999999999999636e+04 1.096317068837372353e-04
1.829999999999999636e+04 1.096917771025730093e-04
1.830999999999999636e+04 1.102500766357756028e-04
1.831999999999999636e+04 1.109643821630254990e-04
1.832999999999999636e+04 1.121008908351071658e-04
1.833999999999999636e+04 1.133423920168441843e-04
1.834999999999999636e+04 1.149846514487431711e-04
1.835999999999999636e+04 1.167952163016344904e-04
1.836999999999999636e+04 1.188619837062426153e-04
1.837999999999999636e+04 1.213422611378116425e-04
1.838999999999999636e+04 1.239113830121517932e-04
1.839999999999999636e+04 1.269002530676712241e-04
1.840999999999999636e+04 1.302619522798393800e-04
1.841999999999999636e+04 1.335901895137879905e-04
1.842999999999999636e+04 1.371598849151680309e-04
1.843999999999999636e+04 1.409223949943195370e-04
1.844999999999999636e+04 1.446983416295890548e-04
1.845999999999999636e+04 1.483750820088186421e-04
1.846999999999999636e+04 1.522719914958451358e-04
1.847999999999999636e+04 1.560938469790036946e-04
1.848999999999999636e+04 1.593928240579164761e-04
1.849999999999999636e+04 1.627440066445045121e-04
1.850999999999999636e+04 1.655858189380826520e-04
1.851999999999999636e+04 1.677577641533661130e-04
1.852999999999999636e+04 1.691944100002045837e-04
1.853999999999999636e+04 1.701638654399861990e-04
1.854999999999999636e+04 1.706114227410096616e-04
1.855999999999999636e+04 1.702562876883349915e-04
1.856999999999999636e+04 1.691249589185261427e-04
1.857999999999999636e+04 1.675822458004826111e-04
1.858999999999999636e+04 1.652541712209179374e-04
1.859999999999999636e+04 1.624767028863772697e-04
1.860999999999999636e+04 1.594436173500787433e-04
1.861999999999999636e+04 1.560584944130801268e-04
1.862999999999999636e+04 1.526275888320237362e-04
1.863999999999999636e+04 1.487389924709851808e-04
1.864999999999999636e+04 1.449469144870403105e-04
1.865999999999999636e+04 1.412937063468210845e-04
1.866999999999999636e+04 1.375377625072966370e-04
1.867999999999999636e+04 1.337977386719046014e-04
1.868999999999999636e+04 1.305201376857476406e-04
1.869999999999999636e+04 1.275001039607219575e-04
1.870999999999999636e+04 1.244487913299378683e-04
1.871999999999999636e+04 1.217928238109109427e-04
1.872999999999999636e+04 1.192451035975116737e-04
1.873999999999999636e+04 1.172329327075725177e-04
1.874999999999999636e+04 1.157249998804795523e-04
1.875999999999999636e+04 1.142218710173113940e-04
1.876999999999999636e+04 1.128479326041340405e-04
1.877999999999999636e+04 1.119790930263183716e-04
1.878999999999999636e+04 1.114138951247091219e-04
1.879999999999999636e+04 1.110221777551515220e-04
1.880999999999999636e+04 1.107819488715815903e-04
1.881999999999999636e+04 1.108830729445384053e-04
1.882999999999999636e+04 1.113963222417630470e-04
1.883999999999999636e+04 1.122331205777757043e-04
1.884999999999999636e+04 1.132314951545287756e-04
1.885999999999999636e+04 1.145836698263754744e-04
1.886999999999999636e+04 1.161494218794520834e-04
1.887999999999999636e+04 1.180319387804048626e-04
1.888999999999999636e+04 1.199842614397811147e-04
1.889999999999999636e+04 1.222780482727631169e-04
1.890999999999999636e+04 1.249920818018855899e-04
1.891999999999999636e+04 1.279242342506330414e-04
1.892999999999999636e+04 1.310327642462188287e-04
1.893999999999999636e+04 1.344122560013805623e-04
1.894999999999999636e+04 1.378220558365955836e-04
1.895999999999999636e+04 1.414013787055836671e-04
1.896999999999999636e+04 1.448544339104522525e-04
1.897999999999999636e+04 1.482469082036187724e-04
1.898999999999999636e+04 1.516609450068167719e-04
1.899999999999999636e+04 1.553331926958298448e-04
1.900999999999999636e+04 1.582886651317491297e-04
1.901999999999999636e+04 1.610615657574472062e-04
1.902999999999999636e+04 1.635940042732203200e-04
1.903999999999999636e+04 1.653036962117219262e-04
1.904999999999999636e+04 1.668213678695058203e-04
1.905999999999999636e+04 1.677031555101440451e-04
1.906999999999999636e+04 1.678604913543322035e-04
1.907999999999999636e+04 1.673478689185085790e-04
1.908999999999999636e+04 1.662678926614950955e-04
1.909999999999999636e+04 1.646260645992205776e-04
1.910999999999999636e+04 1.623941357875781800e-04
1.911999999999999636e+04 1.594444151691292322e-04
1.912999999999999636e+04 1.565553477706201437e-04
1.913999999999999636e+04 1.532755024840943441e-04
1.914999999999999636e+04 1.496379749583314519e-04
1.915999999999999636e+04 1.459613434400662698e-04
1.916999999999999636e+04 1.422350039254085782e-04
1.917999999999999636e+04 1.386471867027425835e-04
1.918999999999999636e+04 1.347617249848357616e-04
1.919999999999999636e+04 1.312507554278563018e-04
1.920999999999999636e+04 1.281047334651566714e-04
1.921999999999999636e+04 1.247969793268643567e-04
1.922999999999999636e+04 1.217649516587210871e-04
1.923999999999999636e+04 1.188397389757254519e-04
1.924999999999999636e+04 1.165330242775362569e-04
1.925999999999999636e+04 1.144045449745686305e-04
1.926999999999999636e+04 1.124409639353840827e-04
1.927999999999999636e+04 1.104162813514767517e-04
1.928999999999999636e+04 1.091602595099563759e-04
1.929999999999999636e+04 1.080090015068411221e-04
1.930999999999999636e+04 1.071856329830720290e-04
1.931999999999999636e+04 1.065071237547472830e-04
1.932999999999999636e+04 1.059188160964231307e-04
1.933999999999999636e+04 1.059839868072935855e-04
1.934999999999999636e+04 1.059601446566900234e-04
1.935999999999999636e+04 1.063059114083943045e-04
1.936999999999999636e+04 1.067558177848550285e-04
1.937999999999999636e+04 1.077672798868034988e-04
1.938999999999999636e+04 1.089866015209797442e-04
1.939999999999999636e+04 1.103373400988060080e-04
1.940999999999999636e+04 1.120380543821070129e-04
1.941999999999999636e+04 1.140484230186401392e-04
1.942999999999999636e+04 1.162173539454293777e-04
1.943999999999999636e+04 1.186833436383161145e-04
1.944999999999999636e+04 1.214358399555515562e-04
1.945999999999999636e+04 1.244950321171254940e-04
1.946999999999999636e+04 1.278581353318745668e-04
1.947999999999999636e+04 1.314894472019566870e-04
1.948999999999999636e+04 1.352127122801967168e-04
1.949999999999999636e+04 1.391617432909735886e-04
1.950999999999999636e+04 1.430880946130084911e-04
1.951999999999999636e+04 1.474570546273109293e-04
1.952999999999999636e+04 1.516149883295652442e-04
1.953999999999999636e+04 1.557326149688710527e-04
1.954999999999999636e+04 1.600153267053287841e-04
1.955999999999999636e+04 1.637653876174563765e-04
1.956999999999999636e+04 1.675511904867614510e-04
1.957999999999999636e+04 1.709452813711850698e-04
1.958999999999999636e+04 1.736784044342589231e-04
1.959999999999999636e+04 1.756558607827264130e-04
1.960999999999999636e+04 1.771370357048548526e-04
1.961999999999999636e+04 1.780300658650935185e-04
1.962999999999999636e+04 1.783212197434110784e-04
1.963999999999999636e+04 1.775956436980546938e-04
1.964999999999999636e+04 1.763567488632747664e-04
1.965999999999999636e+04 1.743681333523523216e-04
1.966999999999999636e+04 1.718086182118752929e-04
1.967999999999999636e+04 1.688631797914525855e-04
1.968999999999999636e+04 1.651327074504137791e-04
1.969999999999999636e+04 1.615015448119590127e-04
1.970999999999999636e+04 1.576217945912192252e-04
1.971999999999999636e+04 1.534478012509246279e-04
1.972999999999999636e+04 1.493496086426345654e-04
1.973999999999999636e+04 1.454076059359071479e-04
1.974999999999999636e+04 1.411329955775264013e-04
1.975999999999999636e+04 1.375230608024150415e-04
1.976999999999999636e+04 1.338436459902345567e-04
1.977999999999999636e+04 1.300934551462964821e-04
1.978999999999999636e+04 1.268434444934771459e-04
1.979999999999999636e+04 1.236953158631139583e-04
1.980999999999999636e+04 1.209644330129480103e-04
1.981999999999999636e+04 1.186791369259318355e-04
1.982999999999999636e+04 1.163114116266840100e-04
1.983999999999999636e+04 1.142880646539441594e-04
1.984999999999999636e+04 1.124448587879284077e-04
1.985999999999999636e+04 1.110605108518202612e-04
1.986999999999999636e+04 1.097498732715354022e-04
1.987999999999999636e+04 1.086041766906501946e-04
1.988999999999999636e+04 1.077884414351917505e-04
1.989999999999999636e+04 1.073940816239470444e-04
1.990999999999999636e+04 1.071920855459880447e-04
1.991999999999999636e+04 1.070024349490598719e-04
1.992999999999999636e+04 1.073955969268771608e-04
1.993999999999999636e+04 1.078090013473665380e-04
1.994999999999999636e+04 1.083390652167522941e-04
1.995999999999999636e+04 1.091870099835134429e-04
1.996999999999999636e+04 1.103855188635333368e-04
1.997999999999999636e+04 1.117725613515982886e-04
1.998999999999999636e+04 1.132716492917946668e-04
1.999999999999999636e+04 1.151801396196156652e-04
2.000999999999999636e+04 1.171405405079437614e-04
2.001999999999999636e+04 1.193608155077367886e-04
2.002999999999999636e+04 1.215756341822554982e-04
2.003999999999999636e+04 1.244047006054349374e-04
2.004999999999999636e+04 1.269965798832827376e-04
2.005999999999999636e+04 1.299756698085226671e-04
2.006999999999999636e+04 1.330596056020927668e-04
2.007999999999999636e+04 1.362053354808514063e-04
2.008999999999999636e+04 1.392544693603188727e-04
2.009999999999999636e+04 1.424527625901854410e-04
2.010999999999999636e+04 1.454503742023074715e-04
2.011999999999999636e+04 1.482491090491527472e-04
2.012999999999999636e+04 1.511843738601242903e-04
2.013999999999999636e+04 1.539159412129510762e-04
2.014999999999999636e+04 1.562936457584691071e-04
2.015999999999999636e+04 1.582275851628034543e-04
2.016999999999999636e+04 1.598004507234145456e-04
2.017999999999999636e+04 1.607303797895360436e-04
2.018999999999999636e+04 1.612702392764754568e-04
2.019999999999999636e+04 1.611996899504040189e-04
2.020999999999999636e+04 1.608199153942342424e-04
2.021999999999999636e+04 1.600730437104807614e-04
2.022999999999999636e+04 1.585822745418911950e-04
2.023999999999999636e+04 1.567120124876158268e-04
2.024999999999999636e+04 1.546257095888211100e-04
2.025999999999999636e+04 1.519100147645809432e-04
2.026999999999999636e+04 1.490306498170560141e-04
2.027999999999999636e+04 1.462637331570291110e-04
2.028999999999999636e+04 1.431600357405011126e-04
2.029999999999999636e+04 1.400194805298644505e-04
2.030999999999999636e+04 1.366586841971747786e-04
2.031999999999999636e+04 1.333206793191349111e-04
2.032999999999999636e+04 1.302538570200661755e-04
2.033999999999999636e+04 1.272242801310799541e-04
2.034999999999999636e+04 1.243166492204453278e-04
2.035999999999999636e+04 1.216804568875434105e-04
2.036999999999999636e+04 1.188633847285040904e-04
2.037999999999999636e+04 1.165297184131543461e-04
2.038999999999999636e+04 1.143796682379920782e-04
2.039999999999999636e+04 1.122595962478814416e-04
2.040999999999999636e+04 1.103791734982928214e-04
2.041999999999999636e+04 1.087816876657264734e-04
2.042999999999999636e+04 1.075264815912324151e-04
2.043999999999999636e+04 1.060803141322270402e-04
2.044999999999999636e+04 1.052553998320858642e-04
2.045999999999999636e+04 1.042520489854593967e-04
2.046999999999999636e+04 1.035882260676403952e-04
2.047999999999999636e+04 1.033814841020226611e-04
2.048999999999999636e+04 1.032273688869320746e-04
2.049999999999999636e+04 1.031371049660801244e-04
2.050999999999999636e+04 1.036104484705549961e-04
2.051999999999999636e+04 1.040878363067825686e-04
2.052999999999999636e+04 1.047047542390139156e-04
2.053999999999999636e+04 1.056894650844129548e-04
2.054999999999999636e+04 1.068297454742718477e-04
2.055999999999999636e+04 1.080433702303515122e-04
2.056999999999999636e+04 1.096196405943208565e-04
2.057999999999999636e+04 1.112286122380755035e-04
2.058999999999999636e+04 1.130160266110299386e-04
2.059999999999999636e+04 1.152887858395126961e-04
2.060999999999999636e+04 1.178300491444479395e-04
2.061999999999999636e+04 1.199896023858839918e-04
2.062999999999999636e+04 1.228839908001051913e-04
2.063999999999999636e+04 1.257835361376041458e-04
2.064999999999999636e+04 1.287330018938716042e-04
2.065999999999999636e+04 1.318091246878443166e-04
2.066999999999999636e+04 1.353086924183918556e-04
2.067999999999999636e+04 1.383815552568167374e-04
2.068999999999999636e+04 1.414410331279006945e-04
2.069999999999999636e+04 1.445103097559415290e-04
2.070999999999999636e+04 1.472002825704165827e-04
2.071999999999999636e+04 1.501523791365780302e-04
2.072999999999999636e+04 1.522161648701757198e-04
2.073999999999999636e+04 1.540659594163189294e-04
2.074999999999999636e+04 1.562259975504177198e-04
2.075999999999999636e+04 1.570877151319783293e-04
2.076999999999999636e+04 1.574394197629427970e-04
2.077999999999999636e+04 1.577756884133603335e-04
2.078999999999999636e+04 1.564526890608861618e-04
2.079999999999999636e+04 1.554599150437276285e-04
2.080999999999999636e+04 1.537796433755909682e-04
2.081999999999999636e+04 1.512358916257621529e-04
2.082999999999999636e+04 1.485746984021217565e-04
2.083999999999999636e+04 1.450899704692289237e-04
2.084999999999999636e+04 1.418650512189805249e-04
2.085999999999999636e+04 1.376382332757851760e-04
2.086999999999999636e+04 1.334177487546017640e-04
2.087999999999999636e+04 1.295672087867716187e-04
2.088999999999999636e+04 1.252318422939117091e-04
2.089999999999999636e+04 1.209804801977716935e-04
2.090999999999999636e+04 1.165449667072359361e-04
2.091999999999999636e+04 1.126361422354518207e-04
2.092999999999999636e+04 1.086818282939985733e-04
2.093999999999999636e+04 1.051009440485827087e-04
2.094999999999999636e+04 1.013762509456461259e-04
2.095999999999999636e+04 9.788063489614855825e-05
2.096999999999999636e+04 9.460071409720562509e-05
2.097999999999999636e+04 9.158841110812718678e-05
2.098999999999999636e+04 8.991540219317907924e-05
2.099999999999999636e+04 0.000000000000000000e+00
