3.639999999999999545e+03 0.000000000000000000e+00
3.649999999999999545e+03 7.392309275583749137e-18
3.659999999999999545e+03 0.000000000000000000e+00
3.669999999999999545e+03 0.000000000000000000e+00
3.679999999999999545e+03 0.000000000000000000e+00
3.689999999999999545e+03 0.000000000000000000e+00
3.699999999999999545e+03 0.000000000000000000e+00
3.709999999999999545e+03 0.000000000000000000e+00
3.719999999999999545e+03 0.000000000000000000e+00
3.729999999999999545e+03 0.000000000000000000e+00
3.739999999999999545e+03 0.000000000000000000e+00
3.749999999999999545e+03 0.000000000000000000e+00
3.759999999999999545e+03 0.000000000000000000e+00
3.769999999999999545e+03 0.000000000000000000e+00
3.779999999999999545e+03 0.000000000000000000e+00
3.789999999999999545e+03 0.000000000000000000e+00
3.799999999999999545e+03 0.000000000000000000e+00
3.809999999999999545e+03 0.000000000000000000e+00
3.819999999999999545e+03 0.000000000000000000e+00
3.829999999999999545e+03 0.000000000000000000e+00
3.839999999999999091e+03 0.000000000000000000e+00
3.849999999999999091e+03 0.000000000000000000e+00
3.859999999999999091e+03 1.649880493568999953e-11
3.869999999999999091e+03 2.569024530054937962e-12
3.879999999999999091e+03 0.000000000000000000e+00
3.889999999999999091e+03 0.000000000000000000e+00
3.899999999999999091e+03 1.832211939933812782e-12
3.909999999999999091e+03 0.000000000000000000e+00
3.919999999999999091e+03 0.000000000000000000e+00
3.929999999999999091e+03 0.000000000000000000e+00
3.939999999999999091e+03 0.000000000000000000e+00
3.949999999999999091e+03 0.000000000000000000e+00
3.959999999999999091e+03 1.095776775664900093e-12
3.969999999999999091e+03 3.959087600418999972e-13
3.979999999999999091e+03 1.409167506194175070e-13
3.989999999999999091e+03 0.000000000000000000e+00
3.999999999999999091e+03 0.000000000000000000e+00
4.009999999999999091e+03 7.592905538233312329e-14
4.019999999999999091e+03 2.150226285731562516e-13
4.029999999999999091e+03 9.495210778751250326e-14
4.039999999999999091e+03 3.139824148699612822e-13
4.049999999999999091e+03 3.110724086135574979e-14
4.059999999999999091e+03 5.605459643064749309e-15
4.069999999999999091e+03 2.272494871519031455e-13
4.079999999999999091e+03 2.086056900639775157e-13
4.089999999999999091e+03 8.262989756315438018e-14
4.099999999999999091e+03 0.000000000000000000e+00
4.109999999999999091e+03 0.000000000000000000e+00
4.119999999999999091e+03 0.000000000000000000e+00
4.129999999999999091e+03 0.000000000000000000e+00
4.139999999999999091e+03 0.000000000000000000e+00
4.149999999999999091e+03 0.000000000000000000e+00
4.159999999999999091e+03 0.000000000000000000e+00
4.169999999999999091e+03 0.000000000000000000e+00
4.179999999999999091e+03 0.000000000000000000e+00
4.189999999999999091e+03 0.000000000000000000e+00
4.199999999999999091e+03 0.000000000000000000e+00
4.209999999999999091e+03 0.000000000000000000e+00
4.219999999999999091e+03 0.000000000000000000e+00
4.229999999999999091e+03 0.000000000000000000e+00
4.239999999999999091e+03 0.000000000000000000e+00
4.249999999999999091e+03 0.000000000000000000e+00
4.259999999999999091e+03 0.000000000000000000e+00
4.269999999999999091e+03 0.000000000000000000e+00
4.279999999999999091e+03 0.000000000000000000e+00
4.289999999999999091e+03 0.000000000000000000e+00
4.299999999999999091e+03 0.000000000000000000e+00
4.309999999999999091e+03 1.097347306406793766e-13
4.319999999999999091e+03 1.558223492556018815e-14
4.329999999999999091e+03 1.506844388684075097e-14
4.339999999999999091e+03 9.176379011811374925e-14
4.349999999999999091e+03 2.181888618164106534e-13
4.359999999999999091e+03 2.158168424280750320e-14
4.369999999999999091e+03 4.244769970632843695e-13
4.379999999999999091e+03 1.302870779796258576e-13
4.389999999999999091e+03 1.366896470671760023e-12
4.399999999999999091e+03 1.753836673161011422e-13
4.409999999999999091e+03 8.238626822928861107e-12
4.419999999999999091e+03 0.000000000000000000e+00
4.429999999999999091e+03 0.000000000000000000e+00
4.439999999999999091e+03 0.000000000000000000e+00
4.449999999999999091e+03 0.000000000000000000e+00
4.459999999999999091e+03 0.000000000000000000e+00
4.469999999999999091e+03 0.000000000000000000e+00
4.479999999999999091e+03 2.496421892296246211e-11
4.489999999999999091e+03 0.000000000000000000e+00
4.499999999999999091e+03 0.000000000000000000e+00
4.509999999999999091e+03 5.663243161096802452e-11
4.519999999999999091e+03 7.956059217019191697e-12
4.529999999999999091e+03 0.000000000000000000e+00
4.539999999999999091e+03 0.000000000000000000e+00
4.549999999999999091e+03 0.000000000000000000e+00
4.559999999999999091e+03 0.000000000000000000e+00
4.569999999999999091e+03 0.000000000000000000e+00
4.579999999999999091e+03 2.248999267019181347e-11
4.589999999999999091e+03 0.000000000000000000e+00
4.599999999999999091e+03 0.000000000000000000e+00
4.609999999999999091e+03 5.350286219489662497e-09
4.619999999999999091e+03 1.373472715694369125e-09
4.629999999999999091e+03 7.176996152908071672e-09
4.639999999999999091e+03 0.000000000000000000e+00
4.649999999999999091e+03 0.000000000000000000e+00
4.659999999999999091e+03 0.000000000000000000e+00
4.669999999999999091e+03 0.000000000000000000e+00
4.679999999999999091e+03 0.000000000000000000e+00
4.689999999999999091e+03 1.101050656844599076e-09
4.699999999999999091e+03 4.487386984492217253e-09
4.709999999999999091e+03 6.420246097792310480e-08
4.719999999999999091e+03 2.656774428555192786e-09
4.729999999999999091e+03 0.000000000000000000e+00
4.739999999999999091e+03 4.885556150205412939e-08
4.749999999999999091e+03 1.658126439566445156e-08
4.759999999999999091e+03 9.502318126532625284e-08
4.769999999999999091e+03 2.513665759425974514e-07
4.779999999999999091e+03 2.840345418689716213e-07
4.789999999999999091e+03 6.274140110070832085e-06
4.799999999999999091e+03 2.559365034698017418e-06
4.809999999999999091e+03 1.963174061206827165e-06
4.819999999999999091e+03 4.007686032805910260e-06
4.829999999999999091e+03 9.248017064588786869e-07
4.839999999999999091e+03 1.859793018134687445e-07
4.849999999999999091e+03 2.235569625126705186e-07
4.859999999999999091e+03 4.679320747267529862e-07
4.869999999999999091e+03 4.634137041105197816e-07
4.879999999999999091e+03 5.528245718116143780e-07
4.889999999999999091e+03 3.123023804401514611e-08
4.899999999999999091e+03 9.210735060906170878e-09
4.909999999999999091e+03 1.605001040935079189e-08
4.919999999999999091e+03 4.143194553238365530e-08
4.929999999999999091e+03 1.402848513156657047e-07
4.939999999999999091e+03 1.853057950984913791e-07
4.949999999999999091e+03 9.390474166841460545e-07
4.959999999999999091e+03 9.724082289136101483e-07
4.969999999999999091e+03 7.303900175075254393e-07
4.979999999999999091e+03 2.891746194319610361e-07
4.989999999999999091e+03 2.443756432758473364e-07
4.999999999999999091e+03 1.649952114222216255e-07
5.009999999999999091e+03 7.334874467723119213e-08
5.019999999999999091e+03 1.100326259614404363e-07
5.029999999999999091e+03 9.551554900287400756e-08
5.039999999999999091e+03 1.234883373341252538e-07
5.049999999999999091e+03 1.454092752694916487e-08
5.059999999999999091e+03 3.404869170238132346e-09
5.069999999999999091e+03 2.455301286427441829e-09
5.079999999999999091e+03 4.845877685312164052e-09
5.089999999999999091e+03 2.922481568418780760e-09
5.099999999999999091e+03 4.973622098208666436e-10
5.109999999999999091e+03 2.124899327762630905e-10
5.119999999999999091e+03 9.081485052610390429e-10
5.129999999999999091e+03 4.721408314220587801e-10
5.139999999999999091e+03 1.092718425062271026e-09
5.149999999999999091e+03 1.396815621621566813e-08
5.159999999999999091e+03 1.166549653731315130e-08
5.169999999999999091e+03 1.833996954152258672e-08
5.179999999999999091e+03 5.886580766626464714e-09
5.189999999999999091e+03 1.264903245895327604e-09
5.199999999999999091e+03 1.216770623185551119e-09
5.209999999999999091e+03 1.179340379604788427e-09
5.219999999999999091e+03 6.307062364562479176e-10
5.229999999999999091e+03 6.973816144477095818e-10
5.239999999999999091e+03 2.605279334273297387e-09
5.249999999999999091e+03 2.064668838204097199e-08
5.259999999999999091e+03 8.693019737219238307e-09
5.269999999999999091e+03 2.166056165045620129e-08
5.279999999999999091e+03 2.949377299254624625e-09
5.289999999999999091e+03 2.912139734955095254e-09
5.299999999999999091e+03 1.175195122529881374e-08
5.309999999999999091e+03 6.089354111470840220e-10
5.319999999999999091e+03 5.537896089758134280e-10
5.329999999999999091e+03 4.586924161262686696e-09
5.339999999999999091e+03 2.200237783185829756e-09
5.349999999999999091e+03 5.931193773695506015e-10
5.359999999999999091e+03 1.595065509456313218e-09
5.369999999999999091e+03 1.687090310466024611e-09
5.379999999999999091e+03 2.636063264961306208e-10
5.389999999999999091e+03 1.122242367526576997e-09
5.399999999999999091e+03 6.307533225059149439e-11
5.409999999999999091e+03 3.939227823492674899e-12
5.419999999999999091e+03 2.005001326635125637e-12
5.429999999999999091e+03 8.665638566536000201e-13
5.439999999999999091e+03 1.406910566195400136e-12
5.449999999999999091e+03 1.083590879925312592e-12
5.459999999999999091e+03 2.904416472470625239e-14
5.469999999999999091e+03 7.966420544971875221e-15
5.479999999999999091e+03 1.157063713942500119e-14
5.489999999999999091e+03 1.689557532759687642e-14
5.499999999999999091e+03 1.129858160885999974e-15
5.509999999999999091e+03 1.352469264645187522e-15
5.519999999999999091e+03 2.999810827125000351e-14
5.529999999999999091e+03 2.683117098077500449e-15
5.539999999999999091e+03 1.881848515015000458e-15
5.549999999999999091e+03 2.579245483355625239e-15
5.559999999999999091e+03 0.000000000000000000e+00
5.569999999999999091e+03 0.000000000000000000e+00
5.579999999999999091e+03 0.000000000000000000e+00
5.589999999999999091e+03 0.000000000000000000e+00
5.599999999999999091e+03 0.000000000000000000e+00
5.609999999999999091e+03 0.000000000000000000e+00
5.619999999999999091e+03 0.000000000000000000e+00
5.629999999999999091e+03 0.000000000000000000e+00
5.639999999999999091e+03 0.000000000000000000e+00
5.649999999999999091e+03 1.812781932635625199e-15
5.659999999999999091e+03 4.209792785887500477e-15
5.669999999999999091e+03 0.000000000000000000e+00
5.679999999999999091e+03 0.000000000000000000e+00
5.689999999999999091e+03 1.650623316125000042e-15
5.699999999999999091e+03 7.096993120822499913e-15
5.709999999999999091e+03 5.524432569088124962e-15
5.719999999999999091e+03 1.009282075987499951e-15
5.729999999999999091e+03 0.000000000000000000e+00
5.739999999999999091e+03 0.000000000000000000e+00
5.749999999999999091e+03 0.000000000000000000e+00
5.759999999999999091e+03 9.630517668406249101e-17
5.769999999999999091e+03 6.839030499183750317e-17
5.779999999999999091e+03 1.419962146477875155e-16
5.789999999999999091e+03 2.733703045920000424e-16
5.799999999999999091e+03 3.436062607467000459e-16
5.809999999999999091e+03 1.541621941444374772e-14
5.819999999999999091e+03 1.407593031649000233e-15
5.829999999999999091e+03 5.245471095235000497e-16
5.839999999999999091e+03 1.331610067609499953e-15
5.849999999999999091e+03 3.707607501290000540e-15
5.859999999999999091e+03 4.535556617182500941e-15
5.869999999999999091e+03 3.895936732620625187e-14
5.879999999999999091e+03 1.361239502906500200e-13
5.889999999999999091e+03 4.036461428068125037e-13
5.899999999999999091e+03 4.845076292980000339e-13
5.909999999999999091e+03 5.228489244431250117e-13
5.919999999999999091e+03 1.940369448009999969e-12
5.929999999999999091e+03 5.479351627154999974e-12
5.939999999999999091e+03 7.588529654186250390e-12
5.949999999999999091e+03 5.931860136033125853e-12
5.959999999999999091e+03 8.684617512655001432e-12
5.969999999999999091e+03 1.431002587100624902e-11
5.979999999999999091e+03 1.169844210788750115e-11
5.989999999999999091e+03 7.598877343294999682e-12
5.999999999999999091e+03 6.715624154268751568e-12
6.009999999999999091e+03 1.054132878211875066e-11
6.019999999999999091e+03 7.213722280205000262e-12
6.029999999999999091e+03 4.116283666083750310e-12
6.039999999999999091e+03 3.174844634237500388e-12
6.049999999999999091e+03 7.743185926481249163e-13
6.059999999999999091e+03 2.096105559275000006e-13
6.069999999999999091e+03 2.831127724792500121e-13
6.079999999999999091e+03 5.082920479428750431e-13
6.089999999999999091e+03 7.628658036299999844e-13
6.099999999999999091e+03 3.172507924320000378e-12
6.109999999999999091e+03 3.572757812933750173e-12
6.119999999999999091e+03 5.385090134248125322e-12
6.129999999999999091e+03 7.007015535388751555e-12
6.139999999999999091e+03 5.029057329541874715e-12
6.149999999999999091e+03 4.802155219259999735e-12
6.159999999999999091e+03 8.079092962045001139e-12
6.169999999999999091e+03 1.039844277100562505e-11
6.179999999999999091e+03 6.060067709626875726e-12
6.189999999999999091e+03 6.974188013380000473e-12
6.199999999999999091e+03 7.792899242205000102e-12
6.209999999999999091e+03 9.904973673660625408e-12
6.219999999999999091e+03 1.827061607377125199e-11
6.229999999999999091e+03 2.244222512881562887e-11
6.239999999999999091e+03 1.617343980980000220e-11
6.249999999999999091e+03 1.080357408929312533e-11
6.259999999999999091e+03 4.461646806503251009e-12
6.269999999999999091e+03 3.639894647141374886e-12
6.279999999999999091e+03 2.085007020295500454e-12
6.289999999999999091e+03 5.151772383100000073e-13
6.299999999999999091e+03 5.227448629073125708e-13
6.309999999999999091e+03 3.185211748428499933e-12
6.319999999999999091e+03 5.081833556072437482e-12
6.329999999999999091e+03 5.867836925540624739e-12
6.339999999999999091e+03 5.148100832148749629e-12
6.349999999999999091e+03 6.298707824849999887e-12
6.359999999999999091e+03 5.058232003807500535e-12
6.369999999999999091e+03 5.552061355093750388e-12
6.379999999999999091e+03 5.481205868433749692e-12
6.389999999999999091e+03 9.967646391263751937e-12
6.399999999999999091e+03 2.071926782820562576e-11
6.409999999999999091e+03 2.729161051863749977e-11
6.419999999999999091e+03 1.252766569702812506e-11
6.429999999999999091e+03 8.044532418448750996e-12
6.439999999999999091e+03 9.792465026469999844e-12
6.449999999999999091e+03 1.365072550121874861e-11
6.459999999999999091e+03 3.353500459610000478e-11
6.469999999999999091e+03 5.948631005362500314e-11
6.479999999999999091e+03 7.785951464431876115e-11
6.489999999999999091e+03 5.435569663553749258e-11
6.499999999999999091e+03 4.294151548334375063e-11
6.509999999999999091e+03 4.536637916658750404e-11
6.519999999999999091e+03 3.939491542113750810e-11
6.529999999999999091e+03 4.243018010847000606e-11
6.539999999999999091e+03 4.458425289780000213e-11
6.549999999999999091e+03 3.575988415518750858e-11
6.559999999999999091e+03 2.460608290678124944e-11
6.569999999999999091e+03 1.207036108986312627e-11
6.579999999999999091e+03 1.523092438659312692e-11
6.589999999999999091e+03 8.779544884110000959e-12
6.599999999999999091e+03 1.185905941142124765e-11
6.609999999999999091e+03 9.369154529699999553e-12
6.619999999999999091e+03 4.651495988317500244e-12
6.629999999999999091e+03 2.008131842821562364e-12
6.639999999999999091e+03 1.996414391800062953e-12
6.649999999999999091e+03 1.228296697594750064e-12
6.659999999999999091e+03 6.651017315005001507e-12
6.669999999999999091e+03 8.057181924176874618e-12
6.679999999999999091e+03 6.577383523016251260e-12
6.689999999999999091e+03 1.384230382188500127e-11
6.699999999999999091e+03 1.193424673052500194e-11
6.709999999999999091e+03 1.060830435479062584e-11
6.719999999999999091e+03 7.218901021237499567e-12
6.729999999999999091e+03 9.166699837028124979e-12
6.739999999999999091e+03 7.088626267463124591e-12
6.749999999999999091e+03 3.128528785974375125e-12
6.759999999999999091e+03 5.831869237705000269e-13
6.769999999999999091e+03 1.069547455685625096e-12
6.779999999999999091e+03 7.630257026472500581e-13
6.789999999999999091e+03 1.036230589719500121e-12
6.799999999999999091e+03 7.197729778662500629e-13
6.809999999999999091e+03 6.061338276166249906e-14
6.819999999999999091e+03 3.633046330891250326e-15
6.829999999999999091e+03 0.000000000000000000e+00
6.839999999999999091e+03 1.047198390812875265e-13
6.849999999999999091e+03 2.317663711518750197e-13
6.859999999999999091e+03 2.442824089527500180e-13
6.869999999999999091e+03 6.014372199465000145e-13
6.879999999999999091e+03 1.806798543373687653e-12
6.889999999999999091e+03 1.757945959901250232e-12
6.899999999999999091e+03 5.068649555156250501e-12
6.909999999999999091e+03 6.357811321785000491e-12
6.919999999999999091e+03 2.321327229103750313e-11
6.929999999999999091e+03 2.730960585487750039e-11
6.939999999999999091e+03 5.224315360792500747e-11
6.949999999999999091e+03 8.165161134755626133e-11
6.959999999999999091e+03 5.361034260907499874e-11
6.969999999999999091e+03 4.814519005161250175e-11
6.979999999999999091e+03 6.472773519975000109e-11
6.989999999999999091e+03 3.878595106758749777e-11
6.999999999999999091e+03 2.070085827377312850e-11
7.009999999999999091e+03 1.906425473943374873e-11
7.019999999999999091e+03 1.745606474263749978e-11
7.029999999999999091e+03 2.285238411825687814e-12
7.039999999999999091e+03 1.035868429148437603e-12
7.049999999999999091e+03 2.871580727520750302e-12
7.059999999999999091e+03 0.000000000000000000e+00
7.069999999999999091e+03 7.700902623837500980e-12
7.079999999999999091e+03 4.993069607750000380e-13
7.089999999999999091e+03 0.000000000000000000e+00
7.099999999999999091e+03 3.582101891490500355e-12
7.109999999999999091e+03 5.289028796646875001e-12
7.119999999999999091e+03 4.459547246608124435e-12
7.129999999999999091e+03 1.514049464646250041e-12
7.139999999999999091e+03 6.610244828687500359e-12
7.149999999999999091e+03 1.961993362452375284e-11
7.159999999999999091e+03 8.616084514887501294e-12
7.169999999999999091e+03 5.483836496796875340e-12
7.179999999999999091e+03 2.058177022398000309e-12
7.189999999999999091e+03 2.371137592442063021e-12
7.199999999999999091e+03 6.724115436360000541e-12
7.209999999999999091e+03 8.740480727514376169e-12
7.219999999999999091e+03 1.162811896469999926e-12
7.229999999999999091e+03 4.825649181150000683e-12
7.239999999999999091e+03 2.843612438458312500e-13
7.249999999999999091e+03 7.457764514200000855e-12
7.259999999999999091e+03 3.950320474432499923e-12
7.269999999999999091e+03 1.517724422592000142e-12
7.279999999999999091e+03 4.068511711592999868e-12
7.289999999999999091e+03 1.662328640755125415e-12
7.299999999999999091e+03 2.457892883360250418e-13
7.309999999999999091e+03 1.022634006726937423e-12
7.319999999999999091e+03 1.061640494564125124e-11
7.329999999999999091e+03 0.000000000000000000e+00
7.339999999999999091e+03 9.034668918170000074e-12
7.349999999999999091e+03 0.000000000000000000e+00
7.359999999999999091e+03 2.869209438575812816e-11
7.369999999999999091e+03 1.260168605243625000e-11
7.379999999999999091e+03 1.330335868890000240e-11
7.389999999999999091e+03 1.819999883233875056e-11
7.399999999999999091e+03 3.026242217372500514e-11
7.409999999999999091e+03 2.580208672796999774e-11
7.419999999999999091e+03 7.149765850342501004e-12
7.429999999999999091e+03 1.701447078607500282e-11
7.439999999999999091e+03 1.853556492173750217e-11
7.449999999999999091e+03 2.615544019613874795e-11
7.459999999999999091e+03 8.890973099400000627e-12
7.469999999999999091e+03 0.000000000000000000e+00
7.479999999999999091e+03 6.109187437788750130e-12
7.489999999999999091e+03 3.963909651843750062e-14
7.499999999999999091e+03 2.048302477439312593e-13
7.509999999999999091e+03 1.644629102417000057e-12
7.519999999999999091e+03 0.000000000000000000e+00
7.529999999999999091e+03 0.000000000000000000e+00
7.539999999999999091e+03 8.387828735842499985e-12
7.549999999999999091e+03 0.000000000000000000e+00
7.559999999999999091e+03 1.364631273869062694e-12
7.569999999999999091e+03 2.292985438493750169e-12
7.579999999999999091e+03 0.000000000000000000e+00
7.589999999999999091e+03 0.000000000000000000e+00
7.599999999999999091e+03 2.456847584548437213e-12
7.609999999999999091e+03 1.854534198581750146e-12
7.619999999999999091e+03 3.298439609586187233e-12
7.629999999999999091e+03 9.798232615692499774e-13
7.639999999999999091e+03 0.000000000000000000e+00
7.649999999999999091e+03 0.000000000000000000e+00
7.659999999999999091e+03 0.000000000000000000e+00
7.669999999999999091e+03 4.773657695625000707e-13
7.679999999999998181e+03 4.250752352000000422e-13
7.689999999999998181e+03 1.024417763101249953e-12
7.699999999999998181e+03 1.072660333437000093e-12
7.709999999999998181e+03 0.000000000000000000e+00
7.719999999999998181e+03 0.000000000000000000e+00
7.729999999999998181e+03 3.464659237390312706e-13
7.739999999999998181e+03 5.237286044646250325e-12
7.749999999999998181e+03 0.000000000000000000e+00
7.759999999999998181e+03 2.137001937137375399e-13
7.769999999999998181e+03 1.093567067041749936e-12
7.779999999999998181e+03 0.000000000000000000e+00
7.789999999999998181e+03 4.773689740877750307e-12
7.799999999999998181e+03 5.210790076747500931e-12
7.809999999999998181e+03 1.867176419351250243e-11
7.819999999999998181e+03 4.786286938719999925e-11
7.829999999999998181e+03 2.225866768212500097e-11
7.839999999999998181e+03 1.785780947859999980e-11
7.849999999999998181e+03 2.172791537008750190e-12
7.859999999999998181e+03 0.000000000000000000e+00
7.869999999999998181e+03 2.714382002338125294e-12
7.879999999999998181e+03 5.304420911999999462e-12
7.889999999999998181e+03 2.017865329409999831e-12
7.899999999999998181e+03 0.000000000000000000e+00
7.909999999999998181e+03 1.512388418494187607e-12
7.919999999999998181e+03 5.163909145815001132e-12
7.929999999999998181e+03 1.488839676389625220e-12
7.939999999999998181e+03 0.000000000000000000e+00
7.949999999999998181e+03 1.486681697757375079e-12
7.959999999999998181e+03 1.209392555231000344e-12
7.969999999999998181e+03 1.700189852832625040e-12
7.979999999999998181e+03 1.156681234936500177e-11
7.989999999999998181e+03 1.638301742694749853e-11
7.999999999999998181e+03 1.668324310547124932e-11
8.009999999999998181e+03 3.542037220760865498e-12
8.019999999999998181e+03 0.000000000000000000e+00
8.029999999999998181e+03 1.449322364679879790e-13
8.039999999999998181e+03 2.091004472290413630e-12
8.049999999999998181e+03 5.812869699804170925e-12
8.059999999999998181e+03 0.000000000000000000e+00
8.069999999999998181e+03 0.000000000000000000e+00
8.079999999999998181e+03 0.000000000000000000e+00
8.089999999999998181e+03 2.246425182652029533e-12
8.099999999999998181e+03 0.000000000000000000e+00
8.109999999999998181e+03 0.000000000000000000e+00
8.119999999999998181e+03 5.085502020132789675e-11
8.129999999999998181e+03 4.669023075373444409e-11
8.139999999999998181e+03 6.731185525149887833e-11
8.149999999999998181e+03 1.778075405375251743e-11
8.159999999999998181e+03 0.000000000000000000e+00
8.169999999999998181e+03 3.437720921675292270e-13
8.179999999999998181e+03 0.000000000000000000e+00
8.189999999999998181e+03 7.536381061853705421e-12
8.199999999999998181e+03 0.000000000000000000e+00
8.209999999999998181e+03 0.000000000000000000e+00
8.219999999999998181e+03 0.000000000000000000e+00
8.229999999999998181e+03 0.000000000000000000e+00
8.239999999999998181e+03 2.524115542387549929e-12
8.249999999999998181e+03 6.244735797642050078e-12
8.259999999999998181e+03 8.852419886897076102e-12
8.269999999999998181e+03 7.901573892228046653e-11
8.279999999999998181e+03 8.815442475436413123e-11
8.289999999999998181e+03 0.000000000000000000e+00
8.299999999999998181e+03 2.436048602227206725e-12
8.309999999999998181e+03 1.971996364998284004e-11
8.319999999999998181e+03 9.306767868259118508e-12
8.329999999999998181e+03 1.551264596718577323e-11
8.339999999999998181e+03 1.142914616934553251e-11
8.349999999999998181e+03 3.058490527938395514e-11
8.359999999999998181e+03 1.994226779190653687e-11
8.369999999999998181e+03 3.130901697243957720e-11
8.379999999999998181e+03 0.000000000000000000e+00
8.389999999999998181e+03 0.000000000000000000e+00
8.399999999999998181e+03 0.000000000000000000e+00
8.409999999999998181e+03 3.608899475615101379e-13
8.419999999999998181e+03 5.351553052139311506e-12
8.429999999999998181e+03 1.977843001214701822e-11
8.439999999999998181e+03 0.000000000000000000e+00
8.449999999999998181e+03 0.000000000000000000e+00
8.459999999999998181e+03 0.000000000000000000e+00
8.469999999999998181e+03 9.748225552106969465e-11
8.479999999999998181e+03 9.143067129799965529e-11
8.489999999999998181e+03 1.350300605500113436e-11
8.499999999999998181e+03 3.318480440109807806e-12
8.509999999999998181e+03 1.805257429533526170e-11
8.519999999999998181e+03 0.000000000000000000e+00
8.529999999999998181e+03 4.492061107960390775e-12
8.539999999999998181e+03 6.395926687227921290e-12
8.549999999999998181e+03 2.332438532853743856e-11
8.559999999999998181e+03 3.383764668680215705e-11
8.569999999999998181e+03 0.000000000000000000e+00
8.579999999999998181e+03 0.000000000000000000e+00
8.589999999999998181e+03 1.367038871132957855e-12
8.599999999999998181e+03 4.206358680391414502e-11
8.609999999999998181e+03 3.026530324299139939e-11
8.619999999999998181e+03 1.892046399042262562e-11
8.629999999999998181e+03 3.118663754181600455e-12
8.639999999999998181e+03 3.305123067933254779e-12
8.649999999999998181e+03 4.569503383379078079e-12
8.659999999999998181e+03 3.586951140589463071e-12
8.669999999999998181e+03 1.889608846699514828e-12
8.679999999999998181e+03 0.000000000000000000e+00
8.689999999999998181e+03 0.000000000000000000e+00
8.699999999999998181e+03 0.000000000000000000e+00
8.709999999999998181e+03 0.000000000000000000e+00
8.719999999999998181e+03 1.108815417576087101e-11
8.729999999999998181e+03 0.000000000000000000e+00
8.739999999999998181e+03 7.884045142317266168e-12
8.749999999999998181e+03 6.377657260677329476e-11
8.759999999999998181e+03 7.113795742861292990e-11
8.769999999999998181e+03 5.466724908932758530e-12
8.779999999999998181e+03 9.899977847407574722e-13
8.789999999999998181e+03 3.296778320006698642e-13
8.799999999999998181e+03 1.586521221806424574e-12
8.809999999999998181e+03 1.641806557784420521e-12
8.819999999999998181e+03 1.272680369274271602e-13
8.829999999999998181e+03 8.087677106591504295e-13
8.839999999999998181e+03 2.460107885399613434e-13
8.849999999999998181e+03 0.000000000000000000e+00
8.859999999999998181e+03 7.282301691149552916e-13
8.869999999999998181e+03 1.504870775778242531e-12
8.879999999999998181e+03 1.800581826319291918e-12
8.889999999999998181e+03 0.000000000000000000e+00
8.899999999999998181e+03 0.000000000000000000e+00
8.909999999999998181e+03 0.000000000000000000e+00
8.919999999999998181e+03 0.000000000000000000e+00
8.929999999999998181e+03 0.000000000000000000e+00
8.939999999999998181e+03 7.142387031264494367e-13
8.949999999999998181e+03 3.909543235842145215e-14
8.959999999999998181e+03 4.880186281027777911e-13
8.969999999999998181e+03 4.248210894365198557e-14
8.979999999999998181e+03 7.953940763138304309e-12
8.989999999999998181e+03 9.572250711396798485e-12
8.999999999999998181e+03 3.006503376090325923e-12
9.009999999999998181e+03 2.693646802789821822e-12
9.019999999999998181e+03 1.038154212161766314e-12
9.029999999999998181e+03 5.922278209427872877e-13
9.039999999999998181e+03 1.149827702205569105e-12
9.049999999999998181e+03 1.937554099211628923e-12
9.059999999999998181e+03 0.000000000000000000e+00
9.069999999999998181e+03 0.000000000000000000e+00
9.079999999999998181e+03 0.000000000000000000e+00
9.089999999999998181e+03 0.000000000000000000e+00
9.099999999999998181e+03 0.000000000000000000e+00
9.109999999999998181e+03 0.000000000000000000e+00
9.119999999999998181e+03 3.175008659130184540e-10
9.129999999999998181e+03 5.930537015053687036e-10
9.139999999999998181e+03 2.132352492420338032e-09
9.149999999999998181e+03 1.429126461922938038e-08
9.159999999999998181e+03 6.373075586000208977e-07
9.169999999999998181e+03 1.823785015051684095e-08
9.179999999999998181e+03 6.873222163984183329e-09
9.189999999999998181e+03 9.893261506934625941e-09
9.199999999999998181e+03 0.000000000000000000e+00
9.209999999999998181e+03 0.000000000000000000e+00
9.219999999999998181e+03 0.000000000000000000e+00
9.229999999999998181e+03 0.000000000000000000e+00
9.239999999999998181e+03 0.000000000000000000e+00
9.249999999999998181e+03 0.000000000000000000e+00
9.259999999999998181e+03 0.000000000000000000e+00
9.269999999999998181e+03 0.000000000000000000e+00
9.279999999999998181e+03 0.000000000000000000e+00
9.289999999999998181e+03 0.000000000000000000e+00
9.299999999999998181e+03 0.000000000000000000e+00
9.309999999999998181e+03 0.000000000000000000e+00
9.319999999999998181e+03 0.000000000000000000e+00
9.329999999999998181e+03 0.000000000000000000e+00
9.339999999999998181e+03 0.000000000000000000e+00
9.349999999999998181e+03 4.840506364278398101e-08
9.359999999999998181e+03 4.869830654757679225e-08
9.369999999999998181e+03 4.891418549097472005e-08
9.379999999999998181e+03 4.889516844290257893e-08
9.389999999999998181e+03 4.896132672728248197e-08
9.399999999999998181e+03 4.898896647376023654e-08
9.409999999999998181e+03 4.957758783864802883e-08
9.419999999999998181e+03 4.994855612016210250e-08
9.429999999999998181e+03 0.000000000000000000e+00
9.439999999999998181e+03 0.000000000000000000e+00
9.449999999999998181e+03 5.024728180146865625e-08
9.459999999999998181e+03 5.038424599885393999e-08
9.469999999999998181e+03 5.097686338911693020e-08
9.479999999999998181e+03 5.120340593136136244e-08
9.489999999999998181e+03 5.097437901863001529e-08
9.499999999999998181e+03 1.023197063168066256e-07
9.509999999999998181e+03 1.026973217338532216e-07
9.519999999999998181e+03 2.064278241159988567e-07
9.529999999999998181e+03 3.621821561960974615e-07
9.539999999999998181e+03 6.769747821858555875e-07
9.549999999999998181e+03 1.780776887320383938e-06
9.559999999999998181e+03 6.526191197828301260e-06
9.569999999999998181e+03 8.560478777025345108e-05
9.579999999999998181e+03 6.345435277600832205e-05
9.589999999999998181e+03 1.331505848494682059e-05
9.599999999999998181e+03 7.282399205815021365e-06
9.609999999999998181e+03 5.533835749535483474e-06
9.619999999999998181e+03 5.025860544601630186e-06
9.629999999999998181e+03 5.059428324367586085e-06
9.639999999999998181e+03 5.344529347354981424e-06
9.649999999999998181e+03 5.792323977801129323e-06
9.659999999999998181e+03 6.330426953655024375e-06
9.669999999999998181e+03 7.142137932720920479e-06
9.679999999999998181e+03 8.379615646372125712e-06
9.689999999999998181e+03 1.037437136984097915e-05
9.699999999999998181e+03 1.377325719342294129e-05
9.709999999999998181e+03 2.002033871795882365e-05
9.719999999999998181e+03 3.172942927256289079e-05
9.729999999999998181e+03 5.106376212553604256e-05
9.739999999999998181e+03 6.419375061967454393e-05
9.749999999999998181e+03 5.351447376950236494e-05
9.759999999999998181e+03 3.723180077217195670e-05
9.769999999999998181e+03 2.737494439193957472e-05
9.779999999999998181e+03 2.268834605052083301e-05
9.789999999999998181e+03 2.135844999895334048e-05
9.799999999999998181e+03 2.284722237883355500e-05
9.809999999999998181e+03 2.794119552923319454e-05
9.819999999999998181e+03 3.858173237361311195e-05
9.829999999999998181e+03 5.897341263384859125e-05
9.839999999999998181e+03 8.441526005910746533e-05
9.849999999999998181e+03 8.188240528645313347e-05
9.859999999999998181e+03 5.621858535198510676e-05
9.869999999999998181e+03 3.748088746260904314e-05
9.879999999999998181e+03 2.754312055777290201e-05
9.889999999999998181e+03 2.273171854691429045e-05
9.899999999999998181e+03 2.072168890754445822e-05
9.909999999999998181e+03 2.036523796673743295e-05
9.919999999999998181e+03 2.105403402944168112e-05
9.929999999999998181e+03 2.162529097886656845e-05
9.939999999999998181e+03 2.097534620387469254e-05
9.949999999999998181e+03 1.866048214327821096e-05
9.959999999999998181e+03 1.531690089896601347e-05
9.969999999999998181e+03 1.211814567245210610e-05
9.979999999999998181e+03 9.806369052190138362e-06
9.989999999999998181e+03 8.094875403078750369e-06
9.999999999999998181e+03 7.055349478185600313e-06
1.000999999999999818e+04 6.568905917624946926e-06
1.001999999999999818e+04 6.470011946074692870e-06
1.002999999999999818e+04 6.876316227053363307e-06
1.003999999999999818e+04 7.845184233337189157e-06
1.004999999999999818e+04 9.718270890917630445e-06
1.005999999999999818e+04 1.323706976152804348e-05
1.006999999999999818e+04 1.945261800826138336e-05
1.007999999999999818e+04 2.774024289008859151e-05
1.008999999999999818e+04 2.963003690691976672e-05
1.009999999999999818e+04 2.110041269867882124e-05
1.010999999999999818e+04 1.307621663767418947e-05
1.011999999999999818e+04 8.446051970674656192e-06
1.012999999999999818e+04 5.978301946981792576e-06
1.013999999999999818e+04 4.631839293443691507e-06
1.014999999999999818e+04 3.866585968262603389e-06
1.015999999999999818e+04 3.499306309943305458e-06
1.016999999999999818e+04 3.335651226769248629e-06
1.017999999999999818e+04 3.389584939285677337e-06
1.018999999999999818e+04 3.655696882067336489e-06
1.019999999999999818e+04 4.187657522742962684e-06
1.020999999999999818e+04 5.246905205184309116e-06
1.021999999999999818e+04 7.056460446083648734e-06
1.022999999999999818e+04 1.045546736507606206e-05
1.023999999999999818e+04 1.761962484341703694e-05
1.024999999999999818e+04 3.472050905012481992e-05
1.025999999999999818e+04 7.416178714877191456e-05
1.026999999999999818e+04 1.042493220345214292e-04
1.027999999999999818e+04 6.931906324167410953e-05
1.028999999999999818e+04 4.115450153229545659e-05
1.029999999999999818e+04 2.846941156328869278e-05
1.030999999999999818e+04 2.294576614285833742e-05
1.031999999999999818e+04 2.104843126197046655e-05
1.032999999999999818e+04 2.163942369422342405e-05
1.033999999999999818e+04 2.422971452427327319e-05
1.034999999999999818e+04 2.838771093730634417e-05
1.035999999999999818e+04 3.155864299597535750e-05
1.036999999999999818e+04 2.861684052972851284e-05
1.037999999999999818e+04 2.056758458014361845e-05
1.038999999999999818e+04 1.331432540181942885e-05
1.039999999999999818e+04 8.701750147567179991e-06
1.040999999999999818e+04 5.937072097523154000e-06
1.041999999999999818e+04 4.353849571729359814e-06
1.042999999999999818e+04 3.390847933668610882e-06
1.043999999999999818e+04 2.793737124811208560e-06
1.044999999999999818e+04 2.397564290392348183e-06
1.045999999999999818e+04 2.174430129187532050e-06
1.046999999999999818e+04 2.015142128528123687e-06
1.047999999999999818e+04 2.015921534494059939e-06
1.048999999999999818e+04 2.018033544869494690e-06
1.049999999999999818e+04 2.175312550727012350e-06
1.050999999999999818e+04 2.403093681056115687e-06
1.051999999999999818e+04 2.725972072074872362e-06
1.052999999999999818e+04 3.256285033010592444e-06
1.053999999999999818e+04 4.120677417171886620e-06
1.054999999999999818e+04 5.474065725771592697e-06
1.055999999999999818e+04 7.706796212189121996e-06
1.056999999999999818e+04 1.151189432148333976e-05
1.057999999999999818e+04 1.854891590014985374e-05
1.058999999999999818e+04 3.221751106259863287e-05
1.059999999999999818e+04 5.701411134232458813e-05
1.060999999999999818e+04 8.761378201309355258e-05
1.061999999999999818e+04 9.562637612196786291e-05
1.062999999999999818e+04 8.064297767649835789e-05
1.063999999999999818e+04 6.394036908838851530e-05
1.064999999999999818e+04 5.246799738230148848e-05
1.065999999999999818e+04 4.441191626357781302e-05
1.066999999999999818e+04 3.832848157483724819e-05
1.067999999999999818e+04 3.238746111405251319e-05
1.068999999999999818e+04 2.646150294173304625e-05
1.069999999999999818e+04 2.090193082965642816e-05
1.070999999999999818e+04 1.629158967961654803e-05
1.071999999999999818e+04 1.270511966057700591e-05
1.072999999999999818e+04 9.974991382649096248e-06
1.073999999999999818e+04 8.076403852337095689e-06
1.074999999999999818e+04 6.737511839967844977e-06
1.075999999999999818e+04 5.794254501019991423e-06
1.076999999999999818e+04 5.131326731319203504e-06
1.077999999999999818e+04 4.703767258267271286e-06
1.078999999999999818e+04 4.483859150508149264e-06
1.079999999999999818e+04 4.373456160354410372e-06
1.080999999999999818e+04 4.426098028427686319e-06
1.081999999999999818e+04 4.613423571893988865e-06
1.082999999999999818e+04 4.876304452079089014e-06
1.083999999999999818e+04 5.360306227828054313e-06
1.084999999999999818e+04 6.115882510760431923e-06
1.085999999999999818e+04 7.146328082171467095e-06
1.086999999999999818e+04 8.663945159860351889e-06
1.087999999999999818e+04 1.087277002426892195e-05
1.088999999999999818e+04 1.415071225562438693e-05
1.089999999999999818e+04 1.909923452684000015e-05
1.090999999999999818e+04 2.664661665207735764e-05
1.091999999999999818e+04 3.748556796463363498e-05
1.092999999999999818e+04 5.253468255639317592e-05
1.093999999999999818e+04 6.925792456347946470e-05
1.094999999999999818e+04 8.228875857312767514e-05
1.095999999999999818e+04 8.785161470523100832e-05
1.096999999999999818e+04 8.653066059754723144e-05
1.097999999999999818e+04 8.314846137872100595e-05
1.098999999999999818e+04 8.105300632735047966e-05
1.099999999999999818e+04 8.120828936004499785e-05
1.100999999999999818e+04 8.520117519428074024e-05
1.101999999999999818e+04 9.348972671429799011e-05
1.102999999999999818e+04 1.062733187575082939e-04
1.103999999999999818e+04 1.228294109477623907e-04
1.104999999999999818e+04 1.400456137019798512e-04
1.105999999999999818e+04 1.491459526155141096e-04
1.106999999999999818e+04 1.428789181606264502e-04
1.107999999999999818e+04 1.228617030390613085e-04
1.108999999999999818e+04 9.888585466421410150e-05
1.109999999999999818e+04 7.789994476100337820e-05
1.110999999999999818e+04 6.205551689625155118e-05
1.111999999999999818e+04 5.077758477105982060e-05
1.112999999999999818e+04 4.296595071998505062e-05
1.113999999999999818e+04 3.761447676136294886e-05
1.114999999999999818e+04 3.397887361674394063e-05
1.115999999999999818e+04 3.176298727487592526e-05
1.116999999999999818e+04 3.063832832532049054e-05
1.117999999999999818e+04 3.035218940107753114e-05
1.118999999999999818e+04 3.092081088100004366e-05
1.119999999999999818e+04 3.243959442536380894e-05
1.120999999999999818e+04 3.483762220769373244e-05
1.121999999999999818e+04 3.830288780623942031e-05
1.122999999999999818e+04 4.322209427253536918e-05
1.123999999999999818e+04 4.979967330719294066e-05
1.124999999999999818e+04 5.836299897957126685e-05
1.125999999999999818e+04 6.940964894231374375e-05
1.126999999999999818e+04 8.294465462981042607e-05
1.127999999999999818e+04 9.830387940961534332e-05
1.128999999999999818e+04 1.143924180347492305e-04
1.129999999999999818e+04 1.283103028310321112e-04
1.130999999999999818e+04 1.377511810865765366e-04
1.131999999999999818e+04 1.409190547619008894e-04
1.132999999999999818e+04 1.390162473579531564e-04
1.133999999999999818e+04 1.332763625856859114e-04
1.134999999999999818e+04 1.268139844149847025e-04
1.135999999999999818e+04 1.206946557521026769e-04
1.136999999999999818e+04 1.158761235223119398e-04
1.137999999999999818e+04 1.130019811736011453e-04
1.138999999999999818e+04 1.119780454379189888e-04
1.139999999999999818e+04 1.129710575232394809e-04
1.140999999999999818e+04 1.164121518811912271e-04
1.141999999999999818e+04 1.221517884706005538e-04
1.142999999999999818e+04 1.304935613969259345e-04
1.143999999999999818e+04 1.423090223139777824e-04
1.144999999999999818e+04 1.580392944068365383e-04
1.145999999999999818e+04 1.789176187484756413e-04
1.146999999999999818e+04 2.062939607508157620e-04
1.147999999999999818e+04 2.421730109815112058e-04
1.148999999999999818e+04 2.897898207197432919e-04
1.149999999999999818e+04 3.533043578886361840e-04
1.150999999999999818e+04 4.395103754395664783e-04
1.151999999999999818e+04 5.570086326298775243e-04
1.152999999999999818e+04 7.203057155272759617e-04
1.153999999999999818e+04 9.508700582839138635e-04
1.154999999999999818e+04 1.281478152714265019e-03
1.155999999999999818e+04 1.767040920430692054e-03
1.156999999999999818e+04 2.495122549625543220e-03
1.157999999999999818e+04 3.615351390218820085e-03
1.158999999999999818e+04 5.373163622923290451e-03
1.159999999999999818e+04 8.210041063842031875e-03
1.160999999999999818e+04 1.291260449249452547e-02
1.161999999999999818e+04 2.095543755205834385e-02
1.162999999999999818e+04 3.505386992691535836e-02
1.163999999999999818e+04 6.010062668372208317e-02
1.164999999999999818e+04 1.044529847570194597e-01
1.165999999999999818e+04 1.787632007194213668e-01
1.166999999999999818e+04 2.862424964352787149e-01
1.167999999999999818e+04 4.054439087658251450e-01
1.168999999999999818e+04 4.958951796967105419e-01
1.169999999999999818e+04 5.416890637904704375e-01
1.170999999999999818e+04 5.565476284734063306e-01
1.171999999999999818e+04 5.589513610222470730e-01
1.172999999999999818e+04 5.588197495760723887e-01
1.173999999999999818e+04 5.588562298850724419e-01
1.174999999999999818e+04 5.606644309696147133e-01
1.175999999999999818e+04 5.617885908010160634e-01
1.176999999999999818e+04 5.619924071528792364e-01
1.177999999999999818e+04 5.623744723045971394e-01
1.178999999999999818e+04 5.631304311693047238e-01
1.179999999999999818e+04 5.638520083415616835e-01
1.180999999999999818e+04 5.639022621655530587e-01
1.181999999999999818e+04 5.639723159210228154e-01
1.182999999999999818e+04 5.648417573230816169e-01
1.183999999999999818e+04 5.651839171004543472e-01
1.184999999999999818e+04 5.655580188376855277e-01
1.185999999999999818e+04 5.659263989270777451e-01
1.186999999999999818e+04 5.656871142676496156e-01
1.187999999999999818e+04 5.655142183480560414e-01
1.188999999999999818e+04 5.654544592614391130e-01
1.189999999999999818e+04 5.657553686431425755e-01
1.190999999999999818e+04 5.666208295533827766e-01
1.191999999999999818e+04 5.675403679218740116e-01
1.192999999999999818e+04 5.685339491528670353e-01
1.193999999999999818e+04 5.691302644447470138e-01
1.194999999999999818e+04 5.701251517854395434e-01
1.195999999999999818e+04 5.713814420109121217e-01
1.196999999999999818e+04 5.722595334826624525e-01
1.197999999999999818e+04 5.729339148177763352e-01
1.198999999999999818e+04 5.736671871435999881e-01
1.199999999999999818e+04 5.743310724864434391e-01
1.200999999999999818e+04 5.740737514725490209e-01
1.201999999999999818e+04 5.736845265000128924e-01
1.202999999999999818e+04 5.737189357917142907e-01
1.203999999999999818e+04 5.737991539766023052e-01
1.204999999999999818e+04 5.746507280937086515e-01
1.205999999999999818e+04 5.746511797092025420e-01
1.206999999999999818e+04 5.748426486193874974e-01
1.207999999999999818e+04 5.760833604959728627e-01
1.208999999999999818e+04 5.761847029637940931e-01
1.209999999999999818e+04 5.773758904760746269e-01
1.210999999999999818e+04 5.783659144499544436e-01
1.211999999999999818e+04 5.785463402628856500e-01
1.212999999999999818e+04 5.791663627729436437e-01
1.213999999999999818e+04 5.793925766957668255e-01
1.214999999999999818e+04 5.796586259098774896e-01
1.215999999999999818e+04 5.798520019854838115e-01
1.216999999999999818e+04 5.798646422780135978e-01
1.217999999999999818e+04 5.798946259517587798e-01
1.218999999999999818e+04 5.798042957443425571e-01
1.219999999999999818e+04 5.795865959696289149e-01
1.220999999999999818e+04 5.789399396723594604e-01
1.221999999999999818e+04 5.788940044846609956e-01
1.222999999999999818e+04 5.788040654435643306e-01
1.223999999999999818e+04 5.793793615779067041e-01
1.224999999999999818e+04 5.797688806301601883e-01
1.225999999999999818e+04 5.798816275956145683e-01
1.226999999999999818e+04 5.802898284504989235e-01
1.227999999999999818e+04 5.804889222327872522e-01
1.228999999999999818e+04 5.810620750244862576e-01
1.229999999999999818e+04 5.815665754243932728e-01
1.230999999999999818e+04 5.818988702095931886e-01
1.231999999999999818e+04 5.820090497811245545e-01
1.232999999999999818e+04 5.823817772911339397e-01
1.233999999999999818e+04 5.823546364742463455e-01
1.234999999999999818e+04 5.823474215949815402e-01
1.235999999999999818e+04 5.815354698842178927e-01
1.236999999999999818e+04 5.810860839235333364e-01
1.237999999999999818e+04 5.810882171625972870e-01
1.238999999999999818e+04 5.807144796805469023e-01
1.239999999999999818e+04 5.802497383319176194e-01
1.240999999999999818e+04 5.800581297733234942e-01
1.241999999999999818e+04 5.799765791518000091e-01
1.242999999999999818e+04 5.796921330519730908e-01
1.243999999999999818e+04 5.795212891635561636e-01
1.244999999999999818e+04 5.796850775012103441e-01
1.245999999999999818e+04 5.800459907186418240e-01
1.246999999999999818e+04 5.802721263872739899e-01
1.247999999999999818e+04 5.804148059833340589e-01
1.248999999999999818e+04 5.811039084908401486e-01
1.249999999999999818e+04 5.815240497349561943e-01
1.250999999999999818e+04 5.818204930816435194e-01
1.251999999999999818e+04 5.820378755850835750e-01
1.252999999999999818e+04 5.827512321058376799e-01
1.253999999999999818e+04 5.828687023322762784e-01
1.254999999999999818e+04 5.825279588219751670e-01
1.255999999999999818e+04 5.830645509763314749e-01
1.256999999999999818e+04 5.831850803530945759e-01
1.257999999999999818e+04 5.828119496438498581e-01
1.258999999999999818e+04 5.827943415732701471e-01
1.259999999999999818e+04 5.823455651441726832e-01
1.260999999999999818e+04 5.826714319652298579e-01
1.261999999999999818e+04 5.830483713477571106e-01
1.262999999999999818e+04 5.832278384507664226e-01
1.263999999999999818e+04 5.837131805997822775e-01
1.264999999999999818e+04 5.834765176983016666e-01
1.265999999999999818e+04 5.844433397994072132e-01
1.266999999999999818e+04 5.848095001113597924e-01
1.267999999999999818e+04 5.848259110846589781e-01
1.268999999999999818e+04 5.854896031660548061e-01
1.269999999999999818e+04 5.860358047678859705e-01
1.270999999999999818e+04 5.861935539494412817e-01
1.271999999999999818e+04 5.860860728586949620e-01
1.272999999999999818e+04 5.858874581562075745e-01
1.273999999999999818e+04 5.856463713670263527e-01
1.274999999999999818e+04 5.854862819648548600e-01
1.275999999999999818e+04 5.847729739640070701e-01
1.276999999999999818e+04 5.839261945724211200e-01
1.277999999999999818e+04 5.833720070779530031e-01
1.278999999999999818e+04 5.830095291098376098e-01
1.279999999999999818e+04 5.826561251998354507e-01
1.280999999999999818e+04 5.831494303593094397e-01
1.281999999999999818e+04 5.824917093635755272e-01
1.282999999999999818e+04 5.829980950286334229e-01
1.283999999999999818e+04 5.828562053821796374e-01
1.284999999999999818e+04 5.831172138465878785e-01
1.285999999999999818e+04 5.834141422793408527e-01
1.286999999999999818e+04 5.837780188249841462e-01
1.287999999999999818e+04 5.840568813456327169e-01
1.288999999999999818e+04 5.843753593937175417e-01
1.289999999999999818e+04 5.843910316234084412e-01
1.290999999999999818e+04 5.839524184862822098e-01
1.291999999999999818e+04 5.845251597788637676e-01
1.292999999999999818e+04 5.847134144214852780e-01
1.293999999999999818e+04 5.846381034432188706e-01
1.294999999999999818e+04 5.839966893586209240e-01
1.295999999999999818e+04 5.834641207071546987e-01
1.296999999999999818e+04 5.825079620894578758e-01
1.297999999999999818e+04 5.826450390005867286e-01
1.298999999999999818e+04 5.821906027376000381e-01
1.299999999999999818e+04 5.819815148210371047e-01
1.300999999999999818e+04 5.816383652140982852e-01
1.301999999999999818e+04 5.812845043792483901e-01
1.302999999999999818e+04 5.815118481082035551e-01
1.303999999999999818e+04 5.819377216417396248e-01
1.304999999999999818e+04 5.818827789719874799e-01
1.305999999999999818e+04 5.829949582843320099e-01
1.306999999999999818e+04 5.832499797294271593e-01
1.307999999999999818e+04 5.831013173033948727e-01
1.308999999999999818e+04 5.831952097367422150e-01
1.309999999999999818e+04 5.834195566557255352e-01
1.310999999999999818e+04 5.836187946704622931e-01
1.311999999999999818e+04 5.835840240143430613e-01
1.312999999999999818e+04 5.833056396313880398e-01
1.313999999999999818e+04 5.829308679746798560e-01
1.314999999999999818e+04 5.829377363717069827e-01
1.315999999999999818e+04 5.825161028129642871e-01
1.316999999999999818e+04 5.829105605517436173e-01
1.317999999999999818e+04 5.817250220582476095e-01
1.318999999999999818e+04 5.815908875053332761e-01
1.319999999999999818e+04 5.813775901492610476e-01
1.320999999999999818e+04 5.808617605013079999e-01
1.321999999999999818e+04 5.803555794108243848e-01
1.322999999999999818e+04 5.803949056738098022e-01
1.323999999999999818e+04 5.805585402314444865e-01
1.324999999999999818e+04 5.810896105175618054e-01
1.325999999999999818e+04 5.803993241512998003e-01
1.326999999999999818e+04 5.804953555516556563e-01
1.327999999999999818e+04 5.814937588385054035e-01
1.328999999999999818e+04 5.812834920374755354e-01
1.329999999999999818e+04 5.814745583305521714e-01
1.330999999999999818e+04 5.814484509876116647e-01
1.331999999999999818e+04 5.818402225505409087e-01
1.332999999999999818e+04 5.811239930821264776e-01
1.333999999999999818e+04 5.810040849688905551e-01
1.334999999999999818e+04 5.810759229855612107e-01
1.335999999999999818e+04 5.812238102282510921e-01
1.336999999999999818e+04 5.801092848584182837e-01
1.337999999999999818e+04 5.798892898735950041e-01
1.338999999999999818e+04 5.794846300564447938e-01
1.339999999999999818e+04 5.788952712449253468e-01
1.340999999999999818e+04 5.781627200343593120e-01
1.341999999999999818e+04 5.782016118414176065e-01
1.342999999999999818e+04 5.779946078592297365e-01
1.343999999999999818e+04 5.780041184942739108e-01
1.344999999999999818e+04 5.779269262442249255e-01
1.345999999999999818e+04 5.770227557833310650e-01
1.346999999999999818e+04 5.777946142606487090e-01
1.347999999999999818e+04 5.771812522490586961e-01
1.348999999999999818e+04 5.774334901208018067e-01
1.349999999999999818e+04 5.770401731454983807e-01
1.350999999999999818e+04 5.771046672842784497e-01
1.351999999999999818e+04 5.770138244539695371e-01
1.352999999999999818e+04 5.771899055679318158e-01
1.353999999999999818e+04 5.762043162262878715e-01
1.354999999999999818e+04 5.755033970683172129e-01
1.355999999999999818e+04 5.743645937345729369e-01
1.356999999999999818e+04 5.740060167407200487e-01
1.357999999999999818e+04 5.732642009927489957e-01
1.358999999999999818e+04 5.728710835339900775e-01
1.359999999999999818e+04 5.721747055401218418e-01
1.360999999999999818e+04 5.705830525474984150e-01
1.361999999999999818e+04 5.699714418316096376e-01
1.362999999999999818e+04 5.686487585832716851e-01
1.363999999999999818e+04 5.679827127084783323e-01
1.364999999999999818e+04 5.667835921587243142e-01
1.365999999999999818e+04 5.657993814515649422e-01
1.366999999999999818e+04 5.640167075250858142e-01
1.367999999999999818e+04 5.622168853060119931e-01
1.368999999999999818e+04 5.607897351447467260e-01
1.369999999999999818e+04 5.565478743225397151e-01
1.370999999999999818e+04 5.517405435214606246e-01
1.371999999999999818e+04 5.459639174686035101e-01
1.372999999999999818e+04 5.403813355374745830e-01
1.373999999999999818e+04 5.329968879920163882e-01
1.374999999999999818e+04 5.260964317770088217e-01
1.375999999999999818e+04 5.195062831220673694e-01
1.376999999999999818e+04 5.132565850824074571e-01
1.377999999999999818e+04 5.079251006052195594e-01
1.378999999999999818e+04 5.037030137314503220e-01
1.379999999999999818e+04 5.001010365924916101e-01
1.380999999999999818e+04 4.976937949373449466e-01
1.381999999999999818e+04 4.960873074559193907e-01
1.382999999999999818e+04 4.960165901292072355e-01
1.383999999999999818e+04 4.967214482956897048e-01
1.384999999999999818e+04 4.983745037903399289e-01
1.385999999999999818e+04 5.000224141371901743e-01
1.386999999999999818e+04 5.023516226503547122e-01
1.387999999999999818e+04 5.048130709708256170e-01
1.388999999999999818e+04 5.078402815826327243e-01
1.389999999999999818e+04 5.104218675361748003e-01
1.390999999999999818e+04 5.140273035050179073e-01
1.391999999999999818e+04 5.172610467475819984e-01
1.392999999999999818e+04 5.200041795274505940e-01
1.393999999999999818e+04 5.229321286563526350e-01
1.394999999999999818e+04 5.256210924343290847e-01
1.395999999999999818e+04 5.285528938827847023e-01
1.396999999999999818e+04 5.311259233547468428e-01
1.397999999999999818e+04 5.335848425083017377e-01
1.398999999999999818e+04 5.357289262588068590e-01
1.399999999999999818e+04 5.380109296672033192e-01
1.400999999999999818e+04 5.397688600518820712e-01
1.401999999999999818e+04 5.411921614910848444e-01
1.402999999999999818e+04 5.429758149980639104e-01
1.403999999999999818e+04 5.445018902949788631e-01
1.404999999999999818e+04 5.454268009182976495e-01
1.405999999999999818e+04 5.465158101357634468e-01
1.406999999999999818e+04 5.478861420534282267e-01
1.407999999999999818e+04 5.491317195775718973e-01
1.408999999999999818e+04 5.500275908669609581e-01
1.409999999999999818e+04 5.506964369781256474e-01
1.410999999999999818e+04 5.517889211861096710e-01
1.411999999999999818e+04 5.528084902722798510e-01
1.412999999999999818e+04 5.538568098298555231e-01
1.413999999999999818e+04 5.544616426751011184e-01
1.414999999999999818e+04 5.555763553396541043e-01
1.415999999999999818e+04 5.564654027762118149e-01
1.416999999999999818e+04 5.577453467124691144e-01
1.417999999999999818e+04 5.589632002208548833e-01
1.418999999999999818e+04 5.598114224746547629e-01
1.419999999999999818e+04 5.600286227352044843e-01
1.420999999999999818e+04 5.603084164839405856e-01
1.421999999999999818e+04 5.607658365156719116e-01
1.422999999999999818e+04 5.607481678134323966e-01
1.423999999999999818e+04 5.608472701867611709e-01
1.424999999999999818e+04 5.608236772379590063e-01
1.425999999999999818e+04 5.615329888269130487e-01
1.426999999999999818e+04 5.618296436281705608e-01
1.427999999999999818e+04 5.616012696310462848e-01
1.428999999999999818e+04 5.614484600494776823e-01
1.429999999999999818e+04 5.611470811728972441e-01
1.430999999999999818e+04 5.614633387855316737e-01
1.431999999999999818e+04 5.611680767530764502e-01
1.432999999999999818e+04 5.614665992130827288e-01
1.433999999999999818e+04 5.617377710618556286e-01
1.434999999999999818e+04 5.613693880303155526e-01
1.435999999999999818e+04 5.621361849414029388e-01
1.436999999999999818e+04 5.624686217577866687e-01
1.437999999999999818e+04 5.623106553226100424e-01
1.438999999999999818e+04 5.627008396319429506e-01
1.439999999999999818e+04 5.631282499167924449e-01
1.440999999999999818e+04 5.630954131948243679e-01
1.441999999999999818e+04 5.639671789569599136e-01
1.442999999999999818e+04 5.639198326246523951e-01
1.443999999999999818e+04 5.640761576638249064e-01
1.444999999999999818e+04 5.638890497275047542e-01
1.445999999999999818e+04 5.640313618994494682e-01
1.446999999999999818e+04 5.642761139613123866e-01
1.447999999999999818e+04 5.640998684751301617e-01
1.448999999999999818e+04 5.639183982202139456e-01
1.449999999999999818e+04 5.634338995711642983e-01
1.450999999999999818e+04 5.634535526720565457e-01
1.451999999999999818e+04 5.630449182727702562e-01
1.452999999999999818e+04 5.627098324856852907e-01
1.453999999999999818e+04 5.626906396525875875e-01
1.454999999999999818e+04 5.621176342276423821e-01
1.455999999999999818e+04 5.619286590380666579e-01
1.456999999999999818e+04 5.615474782034056700e-01
1.457999999999999818e+04 5.616491859362759964e-01
1.458999999999999818e+04 5.617597657950860190e-01
1.459999999999999818e+04 5.619695634859764866e-01
1.460999999999999818e+04 5.619792267567355060e-01
1.461999999999999818e+04 5.618246730163388714e-01
1.462999999999999818e+04 5.621690116733160103e-01
1.463999999999999818e+04 5.624135472696205618e-01
1.464999999999999818e+04 5.621464877037970487e-01
1.465999999999999818e+04 5.624045131093194927e-01
1.466999999999999818e+04 5.622984909574701984e-01
1.467999999999999818e+04 5.622938076731762713e-01
1.468999999999999818e+04 5.624989605149754990e-01
1.469999999999999818e+04 5.627223505827723127e-01
1.470999999999999818e+04 5.620741451609997386e-01
1.471999999999999818e+04 5.621923560526735919e-01
1.472999999999999818e+04 5.619655534023272336e-01
1.473999999999999818e+04 5.618269238297489698e-01
1.474999999999999818e+04 5.620739562861187810e-01
1.475999999999999818e+04 5.622881518150286695e-01
1.476999999999999818e+04 5.619310194587722185e-01
1.477999999999999818e+04 5.615495907312229029e-01
1.478999999999999818e+04 5.609000420382905805e-01
1.479999999999999818e+04 5.611204215479413948e-01
1.480999999999999818e+04 5.614621354518358753e-01
1.481999999999999818e+04 5.612237951342374798e-01
1.482999999999999818e+04 5.616259819843005818e-01
1.483999999999999818e+04 5.624369050745424703e-01
1.484999999999999818e+04 5.622036273700306008e-01
1.485999999999999818e+04 5.627564708573533636e-01
1.486999999999999818e+04 5.628546810402669243e-01
1.487999999999999818e+04 5.628182129347496510e-01
1.488999999999999818e+04 5.633060006765699956e-01
1.489999999999999818e+04 5.637849484378922860e-01
1.490999999999999818e+04 5.641992097731297617e-01
1.491999999999999818e+04 5.638788396568455985e-01
1.492999999999999818e+04 5.638696188509886298e-01
1.493999999999999818e+04 5.638261843486760405e-01
1.494999999999999818e+04 5.636752915668933328e-01
1.495999999999999818e+04 5.636478737393135763e-01
1.496999999999999818e+04 5.632124994197256207e-01
1.497999999999999818e+04 5.627232388947859265e-01
1.498999999999999818e+04 5.628030650214282948e-01
1.499999999999999818e+04 5.618438939275598454e-01
1.500999999999999818e+04 5.615791310062632213e-01
1.501999999999999818e+04 5.615365598222036292e-01
1.502999999999999818e+04 5.610990760055788451e-01
1.503999999999999818e+04 5.605021437890267411e-01
1.504999999999999818e+04 5.606861475400553019e-01
1.505999999999999818e+04 5.609766324253181446e-01
1.506999999999999818e+04 5.605115498236957761e-01
1.507999999999999818e+04 5.603649096033248567e-01
1.508999999999999818e+04 5.605453000757939508e-01
1.509999999999999818e+04 5.610573399016558493e-01
1.510999999999999818e+04 5.607525482654071025e-01
1.511999999999999818e+04 5.610946958924599715e-01
1.512999999999999818e+04 5.611389350346035476e-01
1.513999999999999818e+04 5.613256663537875557e-01
1.514999999999999818e+04 5.613995246413500118e-01
1.515999999999999818e+04 5.610132455890051162e-01
1.516999999999999818e+04 5.609938022303341265e-01
1.517999999999999818e+04 5.607967606949854078e-01
1.518999999999999818e+04 5.607244071075719871e-01
1.519999999999999818e+04 5.595582459525819674e-01
1.520999999999999818e+04 5.586622754776633393e-01
1.521999999999999818e+04 5.593622283149247698e-01
1.522999999999999818e+04 5.582045037983458524e-01
1.523999999999999818e+04 5.577424996524893430e-01
1.524999999999999818e+04 5.576007924088874912e-01
1.525999999999999818e+04 5.568321924098857956e-01
1.526999999999999818e+04 5.568889363117390801e-01
1.527999999999999818e+04 5.562381610778225349e-01
1.528999999999999818e+04 5.562936266751264958e-01
1.529999999999999818e+04 5.560046834774916569e-01
1.530999999999999818e+04 5.557874245655830547e-01
1.531999999999999818e+04 5.562785983168436754e-01
1.532999999999999818e+04 5.570915370406805955e-01
1.533999999999999818e+04 5.566346259291620191e-01
1.534999999999999818e+04 5.568320376588321574e-01
1.535999999999999636e+04 5.571127675414551117e-01
1.536999999999999636e+04 5.568311155608230978e-01
1.537999999999999636e+04 5.565270599493553627e-01
1.538999999999999636e+04 5.568258919551699604e-01
1.539999999999999636e+04 5.555603931091381842e-01
1.540999999999999636e+04 5.561165344498973928e-01
1.541999999999999636e+04 5.548080221031055359e-01
1.542999999999999636e+04 5.544772288382927572e-01
1.543999999999999636e+04 5.541348618624610811e-01
1.544999999999999636e+04 5.539604813679160911e-01
1.545999999999999636e+04 5.540520122846097628e-01
1.546999999999999636e+04 5.542593581084089838e-01
1.547999999999999636e+04 5.534552055503025869e-01
1.548999999999999636e+04 5.540618896384252867e-01
1.549999999999999636e+04 5.541230734930800983e-01
1.550999999999999636e+04 5.548405608854188875e-01
1.551999999999999636e+04 5.545241077367477622e-01
1.552999999999999636e+04 5.555759733122683786e-01
1.553999999999999636e+04 5.555546951878302941e-01
1.554999999999999636e+04 5.551019021084537819e-01
1.555999999999999636e+04 5.545687937458326777e-01
1.556999999999999636e+04 5.547609439432271694e-01
1.557999999999999636e+04 5.548021924811774586e-01
1.558999999999999636e+04 5.544952095838702189e-01
1.559999999999999636e+04 5.543419373960082330e-01
1.560999999999999636e+04 5.544274828683283252e-01
1.561999999999999636e+04 5.545661024670242023e-01
1.562999999999999636e+04 5.551616273193810125e-01
1.563999999999999636e+04 5.553470500686668032e-01
1.564999999999999636e+04 5.537553697649313378e-01
1.565999999999999636e+04 5.489295741674927731e-01
1.566999999999999636e+04 5.369013672615403632e-01
1.567999999999999636e+04 5.151633966598504477e-01
1.568999999999999636e+04 4.809265126296081161e-01
1.569999999999999636e+04 4.321656596047018239e-01
1.570999999999999636e+04 3.722321539491221798e-01
1.571999999999999636e+04 3.067031373612952305e-01
1.572999999999999636e+04 2.431739905502438015e-01
1.573999999999999636e+04 1.871616564257970738e-01
1.574999999999999636e+04 1.411338476252895768e-01
1.575999999999999636e+04 1.053146851213402624e-01
1.576999999999999636e+04 7.837020591775764600e-02
1.577999999999999636e+04 5.840040845437062533e-02
1.578999999999999636e+04 4.367064271936742237e-02
1.579999999999999636e+04 3.290146845448126828e-02
1.580999999999999636e+04 2.501154685339799372e-02
1.581999999999999636e+04 1.914121012737533822e-02
1.582999999999999636e+04 1.478455172703189990e-02
1.583999999999999636e+04 1.153741135946890171e-02
1.584999999999999636e+04 9.079417337136101371e-03
1.585999999999999636e+04 7.205642893426912263e-03
1.586999999999999636e+04 5.759540283327369004e-03
1.587999999999999636e+04 4.642351254159534854e-03
1.588999999999999636e+04 3.770513423520044198e-03
1.589999999999999636e+04 3.080872991707524385e-03
1.590999999999999636e+04 2.539533962890819663e-03
1.591999999999999636e+04 2.104382018775035473e-03
1.592999999999999636e+04 1.755970751496099651e-03
1.593999999999999636e+04 1.474155568217481310e-03
1.594999999999999636e+04 1.244311794396227950e-03
1.595999999999999636e+04 1.056968020164099917e-03
1.596999999999999636e+04 9.027480111426933055e-04
1.597999999999999636e+04 7.753438381096014204e-04
1.598999999999999636e+04 6.697384801711273776e-04
1.599999999999999636e+04 5.806624554559850111e-04
1.600999999999999636e+04 5.061801678817209578e-04
1.601999999999999636e+04 4.432395660082468934e-04
1.602999999999999636e+04 3.899912681194944481e-04
1.603999999999999636e+04 3.449711276589484225e-04
1.604999999999999636e+04 3.063971974108011128e-04
1.605999999999999636e+04 2.732499874392572991e-04
1.606999999999999636e+04 2.444954330603663312e-04
1.607999999999999636e+04 2.199210252602926477e-04
1.608999999999999636e+04 1.986123943092704854e-04
1.609999999999999636e+04 1.800195721797634343e-04
1.610999999999999636e+04 1.638493916045650556e-04
1.611999999999999636e+04 1.496164132534362847e-04
1.612999999999999636e+04 1.371533218283426682e-04
1.613999999999999636e+04 1.262370932496762550e-04
1.614999999999999636e+04 1.166200753414216372e-04
1.615999999999999636e+04 1.081950341743473425e-04
1.616999999999999636e+04 1.007086934413223338e-04
1.617999999999999636e+04 9.400598487526095422e-05
1.618999999999999636e+04 8.802367847366075163e-05
1.619999999999999636e+04 8.282363330555475675e-05
1.620999999999999636e+04 7.817913750810922668e-05
1.621999999999999636e+04 7.389852083731463200e-05
1.622999999999999636e+04 7.016824260814980680e-05
1.623999999999999636e+04 6.694570581234429729e-05
1.624999999999999636e+04 6.406357105477272318e-05
1.625999999999999636e+04 6.143742226735464276e-05
1.626999999999999636e+04 5.912599329523458424e-05
1.627999999999999636e+04 5.713641229106199143e-05
1.628999999999999636e+04 5.545014602919937926e-05
1.629999999999999636e+04 5.386017915848553513e-05
1.630999999999999636e+04 5.262863216106109275e-05
1.631999999999999636e+04 5.151916235880880349e-05
1.632999999999999636e+04 5.053060504909306130e-05
1.633999999999999636e+04 4.977503641527362548e-05
1.634999999999999636e+04 4.923164625840427064e-05
1.635999999999999636e+04 4.882096449766537918e-05
1.636999999999999636e+04 4.858330069767715861e-05
1.637999999999999636e+04 4.853698062397570251e-05
1.638999999999999636e+04 4.864816128975362641e-05
1.639999999999999636e+04 4.897341348918601980e-05
1.640999999999999636e+04 4.940047480792586092e-05
1.641999999999999636e+04 4.996025173843190136e-05
1.642999999999999636e+04 5.074031911893991042e-05
1.643999999999999636e+04 5.173672773801839345e-05
1.644999999999999636e+04 5.299980370256308421e-05
1.645999999999999636e+04 5.432005484898386340e-05
1.646999999999999636e+04 5.590514738036510826e-05
1.647999999999999636e+04 5.781905185208726337e-05
1.648999999999999636e+04 5.989023927552530093e-05
1.649999999999999636e+04 6.231115360730940143e-05
1.650999999999999636e+04 6.500732983142455202e-05
1.651999999999999636e+04 6.794971457724971714e-05
1.652999999999999636e+04 7.124070818117204549e-05
1.653999999999999636e+04 7.507215140607703620e-05
1.654999999999999636e+04 7.915425370419542337e-05
1.655999999999999636e+04 8.362317397974311029e-05
1.656999999999999636e+04 8.847507772418099594e-05
1.657999999999999636e+04 9.384774639387395104e-05
1.658999999999999636e+04 9.959164755404993500e-05
1.659999999999999636e+04 1.056663092157415816e-04
1.660999999999999636e+04 1.121100760085601863e-04
1.661999999999999636e+04 1.187430094693835408e-04
1.662999999999999636e+04 1.253228058457629256e-04
1.663999999999999636e+04 1.320200459763128174e-04
1.664999999999999636e+04 1.383901474773368287e-04
1.665999999999999636e+04 1.443877986180946678e-04
1.666999999999999636e+04 1.497399420899207204e-04
1.667999999999999636e+04 1.542721478425379111e-04
1.668999999999999636e+04 1.578797224414497458e-04
1.669999999999999636e+04 1.602381608894060930e-04
1.670999999999999636e+04 1.613808837608704777e-04
1.671999999999999636e+04 1.614759607794134474e-04
1.672999999999999636e+04 1.606036663178178907e-04
1.673999999999999636e+04 1.586437222071308015e-04
1.674999999999999636e+04 1.559847945985488947e-04
1.675999999999999636e+04 1.528890890780400214e-04
1.676999999999999636e+04 1.492877906542808795e-04
1.677999999999999636e+04 1.455683392742780505e-04
1.678999999999999636e+04 1.417144106987866710e-04
1.679999999999999636e+04 1.379494362267206565e-04
1.680999999999999636e+04 1.343139869572523880e-04
1.681999999999999636e+04 1.309700868881330017e-04
1.682999999999999636e+04 1.279643214638519536e-04
1.683999999999999636e+04 1.252267063583823315e-04
1.684999999999999636e+04 1.228968434354133323e-04
1.685999999999999636e+04 1.208718078778782173e-04
1.686999999999999636e+04 1.191803847696237627e-04
1.687999999999999636e+04 1.179041713508436717e-04
1.688999999999999636e+04 1.171216996452726581e-04
1.689999999999999636e+04 1.166884555329826643e-04
1.690999999999999636e+04 1.165335398865609035e-04
1.691999999999999636e+04 1.167232007368223607e-04
1.692999999999999636e+04 1.175592842774815229e-04
1.693999999999999636e+04 1.184197890964263229e-04
1.694999999999999636e+04 1.198165563150902326e-04
1.695999999999999636e+04 1.216001719807998282e-04
1.696999999999999636e+04 1.235827900364922915e-04
1.697999999999999636e+04 1.261131073951951846e-04
1.698999999999999636e+04 1.290363745695676260e-04
1.699999999999999636e+04 1.319665475510407393e-04
1.700999999999999636e+04 1.353169705600130177e-04
1.701999999999999636e+04 1.388120816867046130e-04
1.702999999999999636e+04 1.423945701719655284e-04
1.703999999999999636e+04 1.461348317801711009e-04
1.704999999999999636e+04 1.499055586409259264e-04
1.705999999999999636e+04 1.535584036410783074e-04
1.706999999999999636e+04 1.569505555408932831e-04
1.707999999999999636e+04 1.601993924446069243e-04
1.708999999999999636e+04 1.628753636142014536e-04
1.709999999999999636e+04 1.649294714641797279e-04
1.710999999999999636e+04 1.664681706137226865e-04
1.711999999999999636e+04 1.674347872290540221e-04
1.712999999999999636e+04 1.673433212374342499e-04
1.713999999999999636e+04 1.666235620734107575e-04
1.714999999999999636e+04 1.655342985956400530e-04
1.715999999999999636e+04 1.635030040988459470e-04
1.716999999999999636e+04 1.610513440278721082e-04
1.717999999999999636e+04 1.580917372843701810e-04
1.718999999999999636e+04 1.547885366224858636e-04
1.719999999999999636e+04 1.511433069532497776e-04
1.720999999999999636e+04 1.476716568044335028e-04
1.721999999999999636e+04 1.438425386364659516e-04
1.722999999999999636e+04 1.401271231817794827e-04
1.723999999999999636e+04 1.365722472532679421e-04
1.724999999999999636e+04 1.331524177393798327e-04
1.725999999999999636e+04 1.300739590859361305e-04
1.726999999999999636e+04 1.271704847569755719e-04
1.727999999999999636e+04 1.245349880521342070e-04
1.728999999999999636e+04 1.221002335153549068e-04
1.729999999999999636e+04 1.201469513915392649e-04
1.730999999999999636e+04 1.184803698102425456e-04
1.731999999999999636e+04 1.171016141663810305e-04
1.732999999999999636e+04 1.160659759639222756e-04
1.733999999999999636e+04 1.153188184752106170e-04
1.734999999999999636e+04 1.148538377010765895e-04
1.735999999999999636e+04 1.148948152736098947e-04
1.736999999999999636e+04 1.150263445962130480e-04
1.737999999999999636e+04 1.157434313173680176e-04
1.738999999999999636e+04 1.167278929371740536e-04
1.739999999999999636e+04 1.178854751736725995e-04
1.740999999999999636e+04 1.193927976163625907e-04
1.741999999999999636e+04 1.212859384209443608e-04
1.742999999999999636e+04 1.232852763812229441e-04
1.743999999999999636e+04 1.257032583272792311e-04
1.744999999999999636e+04 1.283833824919112523e-04
1.745999999999999636e+04 1.311295130057890104e-04
1.746999999999999636e+04 1.342858675779840557e-04
1.747999999999999636e+04 1.376961332156866687e-04
1.748999999999999636e+04 1.409303801306574413e-04
1.749999999999999636e+04 1.442776399330485289e-04
1.750999999999999636e+04 1.474426718428561848e-04
1.751999999999999636e+04 1.507529225310137212e-04
1.752999999999999636e+04 1.538492929950668311e-04
1.753999999999999636e+04 1.566701953350058498e-04
1.754999999999999636e+04 1.588519169163429021e-04
1.755999999999999636e+04 1.608276440803188068e-04
1.756999999999999636e+04 1.623724557060919583e-04
1.757999999999999636e+04 1.629304511581756109e-04
1.758999999999999636e+04 1.632913366550679509e-04
1.759999999999999636e+04 1.628188873393526695e-04
1.760999999999999636e+04 1.619344956271600525e-04
1.761999999999999636e+04 1.605395533124456819e-04
1.762999999999999636e+04 1.585477062412747021e-04
1.763999999999999636e+04 1.559775945788150441e-04
1.764999999999999636e+04 1.533372147914149593e-04
1.765999999999999636e+04 1.502558862648091715e-04
1.766999999999999636e+04 1.474381627523464646e-04
1.767999999999999636e+04 1.442263963944063511e-04
1.768999999999999636e+04 1.410517015361623615e-04
1.769999999999999636e+04 1.378513805360730626e-04
1.770999999999999636e+04 1.349515754511749273e-04
1.771999999999999636e+04 1.320720437541803786e-04
1.772999999999999636e+04 1.295936804915153817e-04
1.773999999999999636e+04 1.274364037281110055e-04
1.774999999999999636e+04 1.251884509884089523e-04
1.775999999999999636e+04 1.234228092925712022e-04
1.776999999999999636e+04 1.217109742267727119e-04
1.777999999999999636e+04 1.202508313030365355e-04
1.778999999999999636e+04 1.193658148078158976e-04
1.779999999999999636e+04 1.187978652709581901e-04
1.780999999999999636e+04 1.182459786553658159e-04
1.781999999999999636e+04 1.182236288585980852e-04
1.782999999999999636e+04 1.181792282002095914e-04
1.783999999999999636e+04 1.184464108922327790e-04
1.784999999999999636e+04 1.193636798924316224e-04
1.785999999999999636e+04 1.203365576543445983e-04
1.786999999999999636e+04 1.217143858784766402e-04
1.787999999999999636e+04 1.232422087731232434e-04
1.788999999999999636e+04 1.248905083882006020e-04
1.789999999999999636e+04 1.268803032792160631e-04
1.790999999999999636e+04 1.291987832070133689e-04
1.791999999999999636e+04 1.315645534710248462e-04
1.792999999999999636e+04 1.340398782882087035e-04
1.793999999999999636e+04 1.366994301318848898e-04
1.794999999999999636e+04 1.395797500797051614e-04
1.795999999999999636e+04 1.421938932280539529e-04
1.796999999999999636e+04 1.450166325600595713e-04
1.797999999999999636e+04 1.474383658894982312e-04
1.798999999999999636e+04 1.497259196800617006e-04
1.799999999999999636e+04 1.518071013641369245e-04
1.800999999999999636e+04 1.535174598004555640e-04
1.801999999999999636e+04 1.550462793118799053e-04
1.802999999999999636e+04 1.561087379597434063e-04
1.803999999999999636e+04 1.564609681169608411e-04
1.804999999999999636e+04 1.561859274167075404e-04
1.805999999999999636e+04 1.556379484660270183e-04
1.806999999999999636e+04 1.546619445319079029e-04
1.807999999999999636e+04 1.530965667757840467e-04
1.808999999999999636e+04 1.510815596153938594e-04
1.809999999999999636e+04 1.486991731502065688e-04
1.810999999999999636e+04 1.459799612520410383e-04
1.811999999999999636e+04 1.433279527452217784e-04
1.812999999999999636e+04 1.403467006422906191e-04
1.813999999999999636e+04 1.371906578077397630e-04
1.814999999999999636e+04 1.341817132186690553e-04
1.815999999999999636e+04 1.310425068181816845e-04
1.816999999999999636e+04 1.281240051603532053e-04
1.817999999999999636e+04 1.254781011465300829e-04
1.818999999999999636e+04 1.227049542113429527e-04
1.819999999999999636e+04 1.202534524418345151e-04
1.820999999999999636e+04 1.179730536684557509e-04
1.821999999999999636e+04 1.160351198085386287e-04
1.822999999999999636e+04 1.144056030800124426e-04
1.823999999999999636e+04 1.128962894310753500e-04
1.824999999999999636e+04 1.116095206060338903e-04
1.825999999999999636e+04 1.107511698032510606e-04
1.826999999999999636e+04 1.100888066891049402e-04
1.827999999999999636e+04 1.096100315361676143e-04
1.828999999999999636e+04 1.094582561844993765e-04
1.829999999999999636e+04 1.096896992755091467e-04
1.830999999999999636e+04 1.100434999851858115e-04
1.831999999999999636e+04 1.107640946220389083e-04
1.832999999999999636e+04 1.118663063865899025e-04
1.833999999999999636e+04 1.131137447223103083e-04
1.834999999999999636e+04 1.147404518307635750e-04
1.835999999999999636e+04 1.166061216068812231e-04
1.836999999999999636e+04 1.186654137277364131e-04
1.837999999999999636e+04 1.210285983121378378e-04
1.838999999999999636e+04 1.236912137098760409e-04
1.839999999999999636e+04 1.267026689794621523e-04
1.840999999999999636e+04 1.299522695915484314e-04
1.841999999999999636e+04 1.333019799554067009e-04
1.842999999999999636e+04 1.368533533552024784e-04
1.843999999999999636e+04 1.407271423516006368e-04
1.844999999999999636e+04 1.444944768230302812e-04
1.845999999999999636e+04 1.482920475132174637e-04
1.846999999999999636e+04 1.520297002676195301e-04
1.847999999999999636e+04 1.558894337394050266e-04
1.848999999999999636e+04 1.592843137564096219e-04
1.849999999999999636e+04 1.624798340204898646e-04
1.850999999999999636e+04 1.652155000034241585e-04
1.851999999999999636e+04 1.675513552119718382e-04
1.852999999999999636e+04 1.690469361396120982e-04
1.853999999999999636e+04 1.699509226969584817e-04
1.854999999999999636e+04 1.704500634680709099e-04
1.855999999999999636e+04 1.701646078434773939e-04
1.856999999999999636e+04 1.690805731945104384e-04
1.857999999999999636e+04 1.673593032623358788e-04
1.858999999999999636e+04 1.651940637796705006e-04
1.859999999999999636e+04 1.625568545521943677e-04
1.860999999999999636e+04 1.593391183425682078e-04
1.861999999999999636e+04 1.559821218284863844e-04
1.862999999999999636e+04 1.527023687341608562e-04
1.863999999999999636e+04 1.489236980433825608e-04
1.864999999999999636e+04 1.451104886292766869e-04
1.865999999999999636e+04 1.414174488442122228e-04
1.866999999999999636e+04 1.375688618298301249e-04
1.867999999999999636e+04 1.340009656528219509e-04
1.868999999999999636e+04 1.306758484220733646e-04
1.869999999999999636e+04 1.275533673843845008e-04
1.870999999999999636e+04 1.245745605310926416e-04
1.871999999999999636e+04 1.220329294310336279e-04
1.872999999999999636e+04 1.195201851362187546e-04
1.873999999999999636e+04 1.173769627870421036e-04
1.874999999999999636e+04 1.156924203715674739e-04
1.875999999999999636e+04 1.142985119905200035e-04
1.876999999999999636e+04 1.129655787763723284e-04
1.877999999999999636e+04 1.120821120112923332e-04
1.878999999999999636e+04 1.115087379472015454e-04
1.879999999999999636e+04 1.111613977777824484e-04
1.880999999999999636e+04 1.109462897153545624e-04
1.881999999999999636e+04 1.110386121034497980e-04
1.882999999999999636e+04 1.114838533346820533e-04
1.883999999999999636e+04 1.122962393134408464e-04
1.884999999999999636e+04 1.134614563790291894e-04
1.885999999999999636e+04 1.148240971016158211e-04
1.886999999999999636e+04 1.162788639607001417e-04
1.887999999999999636e+04 1.182133917868675440e-04
1.888999999999999636e+04 1.202856599394918388e-04
1.889999999999999636e+04 1.225467322467843547e-04
1.890999999999999636e+04 1.251963491418740478e-04
1.891999999999999636e+04 1.281260589783650243e-04
1.892999999999999636e+04 1.311052724611947589e-04
1.893999999999999636e+04 1.345269129567042328e-04
1.894999999999999636e+04 1.377935499133741283e-04
1.895999999999999636e+04 1.414385045736821765e-04
1.896999999999999636e+04 1.449697258346336357e-04
1.897999999999999636e+04 1.484040895297382347e-04
1.898999999999999636e+04 1.517549630746872573e-04
1.899999999999999636e+04 1.551165030144910188e-04
1.900999999999999636e+04 1.581267852918732464e-04
1.901999999999999636e+04 1.609769301393904615e-04
1.902999999999999636e+04 1.637257204592271437e-04
1.903999999999999636e+04 1.653019491743520128e-04
1.904999999999999636e+04 1.665789226977697690e-04
1.905999999999999636e+04 1.675585145361776324e-04
1.906999999999999636e+04 1.677090539369354468e-04
1.907999999999999636e+04 1.671084087533600032e-04
1.908999999999999636e+04 1.660509776356513048e-04
1.909999999999999636e+04 1.644547004378813827e-04
1.910999999999999636e+04 1.620959432286940831e-04
1.911999999999999636e+04 1.594204629697541559e-04
1.912999999999999636e+04 1.562973415911271134e-04
1.913999999999999636e+04 1.530348935169056727e-04
1.914999999999999636e+04 1.493490607003127870e-04
1.915999999999999636e+04 1.455383512510572536e-04
1.916999999999999636e+04 1.419228188610515036e-04
1.917999999999999636e+04 1.383319818102273033e-04
1.918999999999999636e+04 1.345088910259354688e-04
1.919999999999999636e+04 1.308239498959843435e-04
1.920999999999999636e+04 1.276677329170833157e-04
1.921999999999999636e+04 1.244825392597923431e-04
1.922999999999999636e+04 1.213122639846876590e-04
1.923999999999999636e+04 1.187307168787104161e-04
1.924999999999999636e+04 1.161370689199118947e-04
1.925999999999999636e+04 1.138717159925601571e-04
1.926999999999999636e+04 1.119184331200974940e-04
1.927999999999999636e+04 1.102077010525139299e-04
1.928999999999999636e+04 1.088448313533802245e-04
1.929999999999999636e+04 1.076946418156555564e-04
1.930999999999999636e+04 1.067227552897430197e-04
1.931999999999999636e+04 1.059740706703949769e-04
1.932999999999999636e+04 1.055577886739895115e-04
1.933999999999999636e+04 1.053764421500453927e-04
1.934999999999999636e+04 1.055228843694209535e-04
1.935999999999999636e+04 1.058258404380671463e-04
1.936999999999999636e+04 1.064467356981362993e-04
1.937999999999999636e+04 1.074770542838585237e-04
1.938999999999999636e+04 1.088039212791627888e-04
1.939999999999999636e+04 1.102186924707767045e-04
1.940999999999999636e+04 1.116490841141973522e-04
1.941999999999999636e+04 1.137575105981698939e-04
1.942999999999999636e+04 1.159655572308381237e-04
1.943999999999999636e+04 1.184458172764789503e-04
1.944999999999999636e+04 1.212219060147937848e-04
1.945999999999999636e+04 1.242716360756057235e-04
1.946999999999999636e+04 1.276181458388206175e-04
1.947999999999999636e+04 1.312458835922586809e-04
1.948999999999999636e+04 1.350365025127432217e-04
1.949999999999999636e+04 1.389553535008936373e-04
1.950999999999999636e+04 1.429567135559050282e-04
1.951999999999999636e+04 1.471304395526822116e-04
1.952999999999999636e+04 1.514436416672255048e-04
1.953999999999999636e+04 1.556526279471388873e-04
1.954999999999999636e+04 1.598003472574092510e-04
1.955999999999999636e+04 1.639120295547650196e-04
1.956999999999999636e+04 1.676628971207406321e-04
1.957999999999999636e+04 1.709011606840704558e-04
1.958999999999999636e+04 1.735565876246540444e-04
1.959999999999999636e+04 1.757480280969089261e-04
1.960999999999999636e+04 1.774816221914786267e-04
1.961999999999999636e+04 1.780655613171599995e-04
1.962999999999999636e+04 1.783660316494116405e-04
1.963999999999999636e+04 1.778568021890347618e-04
1.964999999999999636e+04 1.768698640829179190e-04
1.965999999999999636e+04 1.745607929218193316e-04
1.966999999999999636e+04 1.723358135801592928e-04
1.967999999999999636e+04 1.691756554679873202e-04
1.968999999999999636e+04 1.655433916403777181e-04
1.969999999999999636e+04 1.620437903044145826e-04
1.970999999999999636e+04 1.580006425533294647e-04
1.971999999999999636e+04 1.540652294618240767e-04
1.972999999999999636e+04 1.500365415760118043e-04
1.973999999999999636e+04 1.459052114422612894e-04
1.974999999999999636e+04 1.418392540974835819e-04
1.975999999999999636e+04 1.380462924557165308e-04
1.976999999999999636e+04 1.343417925696892745e-04
1.977999999999999636e+04 1.307749511847287513e-04
1.978999999999999636e+04 1.274455320851539423e-04
1.979999999999999636e+04 1.242765769452410809e-04
1.980999999999999636e+04 1.215184224534688245e-04
1.981999999999999636e+04 1.191529028548827753e-04
1.982999999999999636e+04 1.169099347404418433e-04
1.983999999999999636e+04 1.148110866571240584e-04
1.984999999999999636e+04 1.130688835172384782e-04
1.985999999999999636e+04 1.115537193049864447e-04
1.986999999999999636e+04 1.102847365669854131e-04
1.987999999999999636e+04 1.091850016457381441e-04
1.988999999999999636e+04 1.084196329390642446e-04
1.989999999999999636e+04 1.080348036831102856e-04
1.990999999999999636e+04 1.077836047658183239e-04
1.991999999999999636e+04 1.076343204499767412e-04
1.992999999999999636e+04 1.078571482677097900e-04
1.993999999999999636e+04 1.083368329128412511e-04
1.994999999999999636e+04 1.089786193024008240e-04
1.995999999999999636e+04 1.098885040234672249e-04
1.996999999999999636e+04 1.110694454693984465e-04
1.997999999999999636e+04 1.124041512073403802e-04
1.998999999999999636e+04 1.139674450609965355e-04
1.999999999999999636e+04 1.157271758440119031e-04
2.000999999999999636e+04 1.177079997035958823e-04
2.001999999999999636e+04 1.200255033343495723e-04
2.002999999999999636e+04 1.223203413733725303e-04
2.003999999999999636e+04 1.251118962093699424e-04
2.004999999999999636e+04 1.278199252023872140e-04
2.005999999999999636e+04 1.308117916785487720e-04
2.006999999999999636e+04 1.338888061053427714e-04
2.007999999999999636e+04 1.369657987318939802e-04
2.008999999999999636e+04 1.399946350647580256e-04
2.009999999999999636e+04 1.432362882721317603e-04
2.010999999999999636e+04 1.462851055828571134e-04
2.011999999999999636e+04 1.491859848293781792e-04
2.012999999999999636e+04 1.520173976630770059e-04
2.013999999999999636e+04 1.546515750961282513e-04
2.014999999999999636e+04 1.568605324938836894e-04
2.015999999999999636e+04 1.589207074383182697e-04
2.016999999999999636e+04 1.604980414914848835e-04
2.017999999999999636e+04 1.614023283351405944e-04
2.018999999999999636e+04 1.620014086974110609e-04
2.019999999999999636e+04 1.618297656810344977e-04
2.020999999999999636e+04 1.614368837443824062e-04
2.021999999999999636e+04 1.606746424521160021e-04
2.022999999999999636e+04 1.591208690909260510e-04
2.023999999999999636e+04 1.572951848346486759e-04
2.024999999999999636e+04 1.550577888255060032e-04
2.025999999999999636e+04 1.524388074527705732e-04
2.026999999999999636e+04 1.495307054188709807e-04
2.027999999999999636e+04 1.466505385937817837e-04
2.028999999999999636e+04 1.435429071997290781e-04
2.029999999999999636e+04 1.403094234964078109e-04
2.030999999999999636e+04 1.370762012308889672e-04
2.031999999999999636e+04 1.336614210299946206e-04
2.032999999999999636e+04 1.304998491784459703e-04
2.033999999999999636e+04 1.274332667731696198e-04
2.034999999999999636e+04 1.245275910510431597e-04
2.035999999999999636e+04 1.217972320321680015e-04
2.036999999999999636e+04 1.191969494983870486e-04
2.037999999999999636e+04 1.168383660112868119e-04
2.038999999999999636e+04 1.145523280114552609e-04
2.039999999999999636e+04 1.124684860057935875e-04
2.040999999999999636e+04 1.105778491995294978e-04
2.041999999999999636e+04 1.089203369659335030e-04
2.042999999999999636e+04 1.075031376020634281e-04
2.043999999999999636e+04 1.061948021827769983e-04
2.044999999999999636e+04 1.051752125577557205e-04
2.045999999999999636e+04 1.043034345196593968e-04
2.046999999999999636e+04 1.036951350649861482e-04
2.047999999999999636e+04 1.033640360846769488e-04
2.048999999999999636e+04 1.032238743658353070e-04
2.049999999999999636e+04 1.032051100187516218e-04
2.050999999999999636e+04 1.034995640550881658e-04
2.051999999999999636e+04 1.039365727078966933e-04
2.052999999999999636e+04 1.045298953221358488e-04
2.053999999999999636e+04 1.055867018526597458e-04
2.054999999999999636e+04 1.067561042397818241e-04
2.055999999999999636e+04 1.079140926753288204e-04
2.056999999999999636e+04 1.094463600762734943e-04
2.057999999999999636e+04 1.111977159892830119e-04
2.058999999999999636e+04 1.130909127392929495e-04
2.059999999999999636e+04 1.152500668444006839e-04
2.060999999999999636e+04 1.177301952241947060e-04
2.061999999999999636e+04 1.200073117868603997e-04
2.062999999999999636e+04 1.227982134387582030e-04
2.063999999999999636e+04 1.256093783517828969e-04
2.064999999999999636e+04 1.286711820400860101e-04
2.065999999999999636e+04 1.318189447594809787e-04
2.066999999999999636e+04 1.351407414059226683e-04
2.067999999999999636e+04 1.382842262355758116e-04
2.068999999999999636e+04 1.412308535394664832e-04
2.069999999999999636e+04 1.443248980930260091e-04
2.070999999999999636e+04 1.473668453726469237e-04
2.071999999999999636e+04 1.501443330476544280e-04
2.072999999999999636e+04 1.523327264449830028e-04
2.073999999999999636e+04 1.542514600100801283e-04
2.074999999999999636e+04 1.561645312967462670e-04
2.075999999999999636e+04 1.571691967941461906e-04
2.076999999999999636e+04 1.576126630244848511e-04
2.077999999999999636e+04 1.576381395221136000e-04
2.078999999999999636e+04 1.569709409515970583e-04
2.079999999999999636e+04 1.557960488854614990e-04
2.080999999999999636e+04 1.541250260001230808e-04
2.081999999999999636e+04 1.515926658740338712e-04
2.082999999999999636e+04 1.487814416799732053e-04
2.083999999999999636e+04 1.455240390019195439e-04
2.084999999999999636e+04 1.421112499041792682e-04
2.085999999999999636e+04 1.380954266965727945e-04
2.086999999999999636e+04 1.340508632346713858e-04
2.087999999999999636e+04 1.300070535018546297e-04
2.088999999999999636e+04 1.258700434434588042e-04
2.089999999999999636e+04 1.215441298584954172e-04
2.090999999999999636e+04 1.172928225334469673e-04
2.091999999999999636e+04 1.132351606283814142e-04
2.092999999999999636e+04 1.093547218258341004e-04
2.093999999999999636e+04 1.054689728438721518e-04
2.094999999999999636e+04 1.020128903603231601e-04
2.095999999999999636e+04 9.849923861711298682e-05
2.096999999999999636e+04 9.528927996618568024e-05
2.097999999999999636e+04 9.214329263576181604e-05
2.098999999999999636e+04 9.008714156220529699e-05
2.099999999999999636e+04 0.000000000000000000e+00
