3.639999999999999545e+03 0.000000000000000000e+00
3.649999999999999545e+03 6.236729678051249946e-18
3.659999999999999545e+03 0.000000000000000000e+00
3.669999999999999545e+03 0.000000000000000000e+00
3.679999999999999545e+03 0.000000000000000000e+00
3.689999999999999545e+03 0.000000000000000000e+00
3.699999999999999545e+03 0.000000000000000000e+00
3.709999999999999545e+03 0.000000000000000000e+00
3.719999999999999545e+03 0.000000000000000000e+00
3.729999999999999545e+03 0.000000000000000000e+00
3.739999999999999545e+03 0.000000000000000000e+00
3.749999999999999545e+03 0.000000000000000000e+00
3.759999999999999545e+03 0.000000000000000000e+00
3.769999999999999545e+03 0.000000000000000000e+00
3.779999999999999545e+03 0.000000000000000000e+00
3.789999999999999545e+03 0.000000000000000000e+00
3.799999999999999545e+03 0.000000000000000000e+00
3.809999999999999545e+03 0.000000000000000000e+00
3.819999999999999545e+03 0.000000000000000000e+00
3.829999999999999545e+03 0.000000000000000000e+00
3.839999999999999091e+03 0.000000000000000000e+00
3.849999999999999091e+03 0.000000000000000000e+00
3.859999999999999091e+03 1.769291078420249743e-11
3.869999999999999091e+03 2.621975284405750586e-12
3.879999999999999091e+03 0.000000000000000000e+00
3.889999999999999091e+03 0.000000000000000000e+00
3.899999999999999091e+03 1.286061075725562696e-12
3.909999999999999091e+03 0.000000000000000000e+00
3.919999999999999091e+03 0.000000000000000000e+00
3.929999999999999091e+03 0.000000000000000000e+00
3.939999999999999091e+03 0.000000000000000000e+00
3.949999999999999091e+03 0.000000000000000000e+00
3.959999999999999091e+03 1.095160421266100044e-12
3.969999999999999091e+03 3.976929029324999702e-13
3.979999999999999091e+03 1.409963383239862546e-13
3.989999999999999091e+03 0.000000000000000000e+00
3.999999999999999091e+03 0.000000000000000000e+00
4.009999999999999091e+03 7.393555983560688050e-14
4.019999999999999091e+03 2.072549511729812667e-13
4.029999999999999091e+03 9.344701561060688770e-14
4.039999999999999091e+03 3.133892876643112530e-13
4.049999999999999091e+03 3.085614461224662425e-14
4.059999999999999091e+03 5.520139712843000127e-15
4.069999999999999091e+03 2.248136139095394105e-13
4.079999999999999091e+03 2.075648842087056407e-13
4.089999999999999091e+03 8.235106532432062403e-14
4.099999999999999091e+03 0.000000000000000000e+00
4.109999999999999091e+03 0.000000000000000000e+00
4.119999999999999091e+03 0.000000000000000000e+00
4.129999999999999091e+03 0.000000000000000000e+00
4.139999999999999091e+03 0.000000000000000000e+00
4.149999999999999091e+03 0.000000000000000000e+00
4.159999999999999091e+03 0.000000000000000000e+00
4.169999999999999091e+03 0.000000000000000000e+00
4.179999999999999091e+03 0.000000000000000000e+00
4.189999999999999091e+03 0.000000000000000000e+00
4.199999999999999091e+03 0.000000000000000000e+00
4.209999999999999091e+03 0.000000000000000000e+00
4.219999999999999091e+03 0.000000000000000000e+00
4.229999999999999091e+03 0.000000000000000000e+00
4.239999999999999091e+03 0.000000000000000000e+00
4.249999999999999091e+03 0.000000000000000000e+00
4.259999999999999091e+03 0.000000000000000000e+00
4.269999999999999091e+03 0.000000000000000000e+00
4.279999999999999091e+03 0.000000000000000000e+00
4.289999999999999091e+03 0.000000000000000000e+00
4.299999999999999091e+03 0.000000000000000000e+00
4.309999999999999091e+03 1.035634606188393910e-13
4.319999999999999091e+03 1.483988524971356450e-14
4.329999999999999091e+03 1.467884520823174773e-14
4.339999999999999091e+03 9.043674838906749466e-14
4.349999999999999091e+03 2.146345840031881319e-13
4.359999999999999091e+03 2.130019488394743888e-14
4.369999999999999091e+03 4.234281610013437553e-13
4.379999999999999091e+03 1.311446120113263637e-13
4.389999999999999091e+03 1.370171537826070201e-12
4.399999999999999091e+03 1.743967123927376256e-13
4.409999999999999091e+03 8.154865256646412025e-12
4.419999999999999091e+03 0.000000000000000000e+00
4.429999999999999091e+03 0.000000000000000000e+00
4.439999999999999091e+03 0.000000000000000000e+00
4.449999999999999091e+03 0.000000000000000000e+00
4.459999999999999091e+03 0.000000000000000000e+00
4.469999999999999091e+03 0.000000000000000000e+00
4.479999999999999091e+03 2.494411428161974961e-11
4.489999999999999091e+03 0.000000000000000000e+00
4.499999999999999091e+03 0.000000000000000000e+00
4.509999999999999091e+03 5.610084010095942202e-11
4.519999999999999091e+03 7.878464301027190293e-12
4.529999999999999091e+03 0.000000000000000000e+00
4.539999999999999091e+03 0.000000000000000000e+00
4.549999999999999091e+03 0.000000000000000000e+00
4.559999999999999091e+03 0.000000000000000000e+00
4.569999999999999091e+03 0.000000000000000000e+00
4.579999999999999091e+03 2.211345490570470850e-11
4.589999999999999091e+03 0.000000000000000000e+00
4.599999999999999091e+03 0.000000000000000000e+00
4.609999999999999091e+03 5.346260537842349860e-09
4.619999999999999091e+03 1.384294177356943282e-09
4.629999999999999091e+03 7.230306224701415573e-09
4.639999999999999091e+03 0.000000000000000000e+00
4.649999999999999091e+03 0.000000000000000000e+00
4.659999999999999091e+03 0.000000000000000000e+00
4.669999999999999091e+03 0.000000000000000000e+00
4.679999999999999091e+03 0.000000000000000000e+00
4.689999999999999091e+03 1.101417695818072400e-09
4.699999999999999091e+03 4.485806985721802302e-09
4.709999999999999091e+03 6.406329456857977663e-08
4.719999999999999091e+03 2.651466609119745143e-09
4.729999999999999091e+03 0.000000000000000000e+00
4.739999999999999091e+03 4.882199583013764469e-08
4.749999999999999091e+03 1.654118235003981393e-08
4.759999999999999091e+03 9.437373012814940975e-08
4.769999999999999091e+03 2.483844143083563909e-07
4.779999999999999091e+03 2.796108527158466225e-07
4.789999999999999091e+03 6.178633172678541223e-06
4.799999999999999091e+03 2.529038021267873337e-06
4.809999999999999091e+03 1.948717472672691051e-06
4.819999999999999091e+03 3.988471614826948696e-06
4.829999999999999091e+03 9.211796520993536318e-07
4.839999999999999091e+03 1.853377269868102981e-07
4.849999999999999091e+03 2.229106151025333214e-07
4.859999999999999091e+03 4.663953924661394967e-07
4.869999999999999091e+03 4.619952929942731104e-07
4.879999999999999091e+03 5.510551462301112507e-07
4.889999999999999091e+03 3.117658379920731433e-08
4.899999999999999091e+03 9.209780972663608834e-09
4.909999999999999091e+03 1.608699827208459804e-08
4.919999999999999091e+03 4.160205248612875296e-08
4.929999999999999091e+03 1.411965130005675094e-07
4.939999999999999091e+03 1.869915212815221672e-07
4.949999999999999091e+03 9.490828645460952027e-07
4.959999999999999091e+03 9.793064590856366376e-07
4.969999999999999091e+03 7.294511986554292921e-07
4.979999999999999091e+03 2.856498895992512342e-07
4.989999999999999091e+03 2.396065423919116782e-07
4.999999999999999091e+03 1.616193830521535912e-07
5.009999999999999091e+03 7.238352993140386783e-08
5.019999999999999091e+03 1.096196505008898620e-07
5.029999999999999091e+03 9.568788088459600410e-08
5.039999999999999091e+03 1.234223825292065326e-07
5.049999999999999091e+03 1.442875120477043807e-08
5.059999999999999091e+03 3.351851304279546452e-09
5.069999999999999091e+03 2.412064838180257344e-09
5.079999999999999091e+03 4.779606715758104980e-09
5.089999999999999091e+03 2.905668226831001726e-09
5.099999999999999091e+03 4.984448355396672292e-10
5.109999999999999091e+03 2.138155677268365972e-10
5.119999999999999091e+03 9.155372360163121632e-10
5.129999999999999091e+03 4.765673868767123091e-10
5.139999999999999091e+03 1.103544974490303125e-09
5.149999999999999091e+03 1.409929441910475758e-08
5.159999999999999091e+03 1.175685456788465213e-08
5.169999999999999091e+03 1.842801066902568900e-08
5.179999999999999091e+03 5.904695147485689603e-09
5.189999999999999091e+03 1.269181520141150000e-09
5.199999999999999091e+03 1.221653376148370352e-09
5.209999999999999091e+03 1.180742327251613250e-09
5.219999999999999091e+03 6.269406447349093832e-10
5.229999999999999091e+03 6.856287829253108805e-10
5.239999999999999091e+03 2.536027568654500271e-09
5.249999999999999091e+03 2.001705004139147851e-08
5.259999999999999091e+03 8.445872530913894177e-09
5.269999999999999091e+03 2.117437214980986118e-08
5.279999999999999091e+03 2.901623254150194218e-09
5.289999999999999091e+03 2.882185984706605813e-09
5.299999999999999091e+03 1.171542723328591316e-08
5.309999999999999091e+03 6.145199188744158623e-10
5.319999999999999091e+03 5.697534445837610244e-10
5.329999999999999091e+03 4.863948534023600274e-09
5.339999999999999091e+03 2.451730900496092523e-09
5.349999999999999091e+03 7.120946609926222621e-10
5.359999999999999091e+03 2.087351290143639077e-09
5.369999999999999091e+03 2.387105935906972758e-09
5.379999999999999091e+03 4.009466425048962690e-10
5.389999999999999091e+03 1.887793948933311898e-09
5.399999999999999091e+03 1.282008720579125108e-10
5.409999999999999091e+03 1.066884071340858643e-11
5.419999999999999091e+03 7.407626438425282673e-12
5.429999999999999091e+03 4.116304262177800001e-12
5.439999999999999091e+03 8.415177687971995773e-12
5.449999999999999091e+03 8.489269091079875843e-12
5.459999999999999091e+03 2.841108861337687897e-13
5.469999999999999091e+03 7.463739643106250230e-14
5.479999999999999091e+03 8.093828299375000660e-14
5.489999999999999091e+03 8.656321941540001026e-14
5.499999999999999091e+03 4.190209454585000002e-15
5.509999999999999091e+03 3.969064859174624855e-15
5.519999999999999091e+03 6.667464333075001428e-14
5.529999999999999091e+03 4.680635216503750660e-15
5.539999999999999091e+03 2.472572178912500283e-15
5.549999999999999091e+03 2.960281272357500385e-15
5.559999999999999091e+03 0.000000000000000000e+00
5.569999999999999091e+03 0.000000000000000000e+00
5.579999999999999091e+03 0.000000000000000000e+00
5.589999999999999091e+03 0.000000000000000000e+00
5.599999999999999091e+03 0.000000000000000000e+00
5.609999999999999091e+03 0.000000000000000000e+00
5.619999999999999091e+03 0.000000000000000000e+00
5.629999999999999091e+03 0.000000000000000000e+00
5.639999999999999091e+03 0.000000000000000000e+00
5.649999999999999091e+03 2.062052344345000135e-15
5.659999999999999091e+03 4.331503425440625016e-15
5.669999999999999091e+03 0.000000000000000000e+00
5.679999999999999091e+03 0.000000000000000000e+00
5.689999999999999091e+03 2.703458616578125122e-15
5.699999999999999091e+03 1.225358320548249813e-14
5.709999999999999091e+03 1.230295866188812683e-14
5.719999999999999091e+03 2.914026038595000137e-15
5.729999999999999091e+03 0.000000000000000000e+00
5.739999999999999091e+03 0.000000000000000000e+00
5.749999999999999091e+03 0.000000000000000000e+00
5.759999999999999091e+03 3.328946558875000449e-16
5.769999999999999091e+03 1.769982431805000009e-16
5.779999999999999091e+03 2.479254484014000473e-16
5.789999999999999091e+03 6.648286715280001447e-16
5.799999999999999091e+03 1.230775995515500076e-15
5.809999999999999091e+03 2.582368463504374779e-14
5.819999999999999091e+03 2.061037273415750520e-15
5.829999999999999091e+03 3.086934956910000029e-16
5.839999999999999091e+03 0.000000000000000000e+00
5.849999999999999091e+03 4.592268631142500369e-16
5.859999999999999091e+03 2.360352778875000413e-15
5.869999999999999091e+03 9.493911554868125845e-14
5.879999999999999091e+03 1.597227699309375058e-13
5.889999999999999091e+03 2.528997912118124916e-13
5.899999999999999091e+03 3.368613708460000153e-13
5.909999999999999091e+03 1.627104263203124968e-13
5.919999999999999091e+03 1.213463293612500100e-13
5.929999999999999091e+03 3.598458522960000402e-13
5.939999999999999091e+03 1.063568414601000157e-12
5.949999999999999091e+03 2.542712238622500102e-12
5.959999999999999091e+03 9.005592070475001140e-12
5.969999999999999091e+03 1.832933377012499851e-11
5.979999999999999091e+03 1.236967236986250147e-11
5.989999999999999091e+03 9.097706952608749000e-12
5.999999999999999091e+03 9.805734251184376519e-12
6.009999999999999091e+03 2.335708790215937739e-11
6.019999999999999091e+03 1.323080993435250043e-11
6.029999999999999091e+03 1.066622718952874999e-11
6.039999999999999091e+03 7.351493486128751643e-12
6.049999999999999091e+03 3.314725155656249700e-12
6.059999999999999091e+03 1.020174635639250078e-12
6.069999999999999091e+03 6.803493034012500776e-13
6.079999999999999091e+03 2.585140155241874859e-13
6.089999999999999091e+03 7.833904127069999217e-14
6.099999999999999091e+03 1.460353990536000096e-13
6.109999999999999091e+03 4.364952952622500711e-14
6.119999999999999091e+03 4.489124051776875414e-13
6.129999999999999091e+03 1.338029212992500080e-12
6.139999999999999091e+03 2.274380196007500049e-12
6.149999999999999091e+03 7.728274822170000761e-12
6.159999999999999091e+03 1.631454796993000225e-11
6.169999999999999091e+03 1.536903217578312561e-11
6.179999999999999091e+03 7.316197037073750935e-12
6.189999999999999091e+03 7.127509366670001064e-12
6.199999999999999091e+03 2.814711120165000146e-12
6.209999999999999091e+03 3.494777044797062716e-12
6.219999999999999091e+03 1.394698150571687793e-11
6.229999999999999091e+03 3.708289112981688311e-11
6.239999999999999091e+03 3.673684162489250745e-11
6.249999999999999091e+03 1.822145300988687444e-11
6.259999999999999091e+03 4.766046423769312595e-12
6.269999999999999091e+03 5.903604998830000346e-12
6.279999999999999091e+03 4.205033497595000548e-12
6.289999999999999091e+03 1.199811253452000016e-12
6.299999999999999091e+03 8.375339636759375405e-13
6.309999999999999091e+03 2.106298120043249981e-12
6.319999999999999091e+03 2.622293587021500025e-12
6.329999999999999091e+03 3.233881729110374903e-12
6.339999999999999091e+03 2.302702533605250099e-12
6.349999999999999091e+03 1.426082700726250100e-12
6.359999999999999091e+03 1.187525796072000069e-12
6.369999999999999091e+03 2.528862059434375117e-12
6.379999999999999091e+03 4.115018714056249883e-12
6.389999999999999091e+03 9.847466286035001865e-12
6.399999999999999091e+03 3.051709598491312935e-11
6.409999999999999091e+03 4.571885020968125093e-11
6.419999999999999091e+03 1.025321199740687403e-11
6.429999999999999091e+03 9.235620986733750797e-12
6.439999999999999091e+03 8.089334269274999645e-12
6.449999999999999091e+03 7.941085442718749364e-12
6.459999999999999091e+03 1.160154450070000042e-11
6.469999999999999091e+03 2.078729962968750114e-11
6.479999999999999091e+03 4.165105908673500244e-11
6.489999999999999091e+03 4.739863213741249493e-11
6.499999999999999091e+03 4.998895070259999524e-11
6.509999999999999091e+03 6.035263123758751090e-11
6.519999999999999091e+03 5.124314272087500503e-11
6.529999999999999091e+03 3.840553111704750263e-11
6.539999999999999091e+03 5.558284781700000868e-11
6.549999999999999091e+03 5.069329492386250669e-11
6.559999999999999091e+03 4.569203903020312387e-11
6.569999999999999091e+03 2.834058289061563236e-11
6.579999999999999091e+03 1.923758113676875250e-11
6.589999999999999091e+03 1.196562405129000187e-11
6.599999999999999091e+03 1.473488475577124987e-11
6.609999999999999091e+03 1.075110377243000139e-11
6.619999999999999091e+03 3.788076010761000054e-12
6.629999999999999091e+03 4.430103593641250518e-12
6.639999999999999091e+03 1.572447351677125165e-12
6.649999999999999091e+03 0.000000000000000000e+00
6.659999999999999091e+03 1.800832003582500305e-12
6.669999999999999091e+03 3.025948420538749945e-12
6.679999999999999091e+03 3.086239922642187844e-12
6.689999999999999091e+03 8.243728557006249701e-12
6.699999999999999091e+03 8.633810470350626404e-12
6.709999999999999091e+03 7.802915418506251136e-12
6.719999999999999091e+03 8.085293999265000408e-12
6.729999999999999091e+03 1.096351047222812572e-11
6.739999999999999091e+03 8.850220866405625270e-12
6.749999999999999091e+03 2.649326557815000488e-12
6.759999999999999091e+03 8.831241477712501413e-13
6.769999999999999091e+03 1.485820856404499924e-12
6.779999999999999091e+03 1.082599412929999942e-12
6.789999999999999091e+03 1.372409952442375136e-12
6.799999999999999091e+03 9.134570366600002424e-13
6.809999999999999091e+03 2.348042795463749962e-13
6.819999999999999091e+03 2.389853642373749938e-14
6.829999999999999091e+03 6.497144118447500980e-15
6.839999999999999091e+03 1.338376775076250214e-13
6.849999999999999091e+03 3.721849192162500129e-13
6.859999999999999091e+03 5.528715167924375728e-15
6.869999999999999091e+03 2.317602486107562771e-13
6.879999999999999091e+03 1.140455445625125113e-12
6.889999999999999091e+03 2.646704306124375360e-13
6.899999999999999091e+03 1.616962923843750219e-12
6.909999999999999091e+03 0.000000000000000000e+00
6.919999999999999091e+03 3.316518243036250249e-12
6.929999999999999091e+03 5.841834563950000527e-12
6.939999999999999091e+03 2.026676470749000236e-11
6.949999999999999091e+03 5.116485444210000851e-11
6.959999999999999091e+03 4.321865192662499967e-11
6.969999999999999091e+03 8.443205020827501186e-11
6.979999999999999091e+03 1.386446456849999864e-10
6.989999999999999091e+03 9.815689077494998732e-11
6.999999999999999091e+03 7.756217034562501173e-11
7.009999999999999091e+03 6.061950107836875459e-11
7.019999999999999091e+03 5.186180030893750353e-11
7.029999999999999091e+03 1.273597547022937661e-11
7.039999999999999091e+03 1.051613006554687574e-11
7.049999999999999091e+03 1.456738760197000052e-11
7.059999999999999091e+03 3.985796376995999508e-12
7.069999999999999091e+03 6.699159942956249995e-12
7.079999999999999091e+03 1.363620393778125176e-12
7.089999999999999091e+03 0.000000000000000000e+00
7.099999999999999091e+03 3.589434117974688356e-12
7.109999999999999091e+03 4.923142747621875060e-12
7.119999999999999091e+03 0.000000000000000000e+00
7.129999999999999091e+03 9.211495696287500744e-13
7.139999999999999091e+03 0.000000000000000000e+00
7.149999999999999091e+03 3.445332754615500397e-12
7.159999999999999091e+03 0.000000000000000000e+00
7.169999999999999091e+03 3.203002783060938047e-12
7.179999999999999091e+03 6.614456340436876064e-12
7.189999999999999091e+03 5.275682298350625797e-12
7.199999999999999091e+03 1.849845705624000198e-11
7.209999999999999091e+03 1.958484823084125372e-11
7.219999999999999091e+03 1.458237892938750137e-12
7.229999999999999091e+03 7.954153278750000549e-12
7.239999999999999091e+03 4.903275691218188182e-12
7.249999999999999091e+03 9.798358237850001257e-12
7.259999999999999091e+03 2.351953299202499921e-13
7.269999999999999091e+03 3.879199861083750158e-13
7.279999999999999091e+03 8.506088678009999784e-13
7.289999999999999091e+03 5.217937601152501000e-13
7.299999999999999091e+03 5.787657797985000287e-13
7.309999999999999091e+03 6.889879314294374598e-12
7.319999999999999091e+03 1.330472834351500038e-11
7.329999999999999091e+03 0.000000000000000000e+00
7.339999999999999091e+03 1.090227382328874945e-12
7.349999999999999091e+03 0.000000000000000000e+00
7.359999999999999091e+03 1.324957408050062504e-11
7.369999999999999091e+03 2.727154657371374797e-12
7.379999999999999091e+03 5.620828221225001106e-12
7.389999999999999091e+03 6.791959281161250002e-12
7.399999999999999091e+03 2.441806257252250211e-11
7.409999999999999091e+03 2.161287712316249849e-11
7.419999999999999091e+03 0.000000000000000000e+00
7.429999999999999091e+03 1.495955052317250025e-11
7.439999999999999091e+03 4.182042105797500968e-11
7.449999999999999091e+03 3.790359614809249845e-11
7.459999999999999091e+03 1.207610288864000176e-11
7.469999999999999091e+03 1.172233795687500053e-12
7.479999999999999091e+03 7.700924345231250811e-12
7.489999999999999091e+03 0.000000000000000000e+00
7.499999999999999091e+03 2.039119883916500343e-13
7.509999999999999091e+03 7.164657002159999783e-12
7.519999999999999091e+03 0.000000000000000000e+00
7.529999999999999091e+03 3.722778717109375187e-13
7.539999999999999091e+03 8.964568446907499203e-12
7.549999999999999091e+03 0.000000000000000000e+00
7.559999999999999091e+03 3.498736444481250543e-12
7.569999999999999091e+03 7.255775600828126026e-12
7.579999999999999091e+03 0.000000000000000000e+00
7.589999999999999091e+03 2.259800506516000326e-13
7.599999999999999091e+03 1.291741196159749982e-12
7.609999999999999091e+03 2.729501734322999928e-13
7.619999999999999091e+03 2.917448248951687568e-12
7.629999999999999091e+03 9.353169422624999965e-13
7.639999999999999091e+03 0.000000000000000000e+00
7.649999999999999091e+03 0.000000000000000000e+00
7.659999999999999091e+03 0.000000000000000000e+00
7.669999999999999091e+03 1.645429487073750048e-13
7.679999999999998181e+03 0.000000000000000000e+00
7.689999999999998181e+03 0.000000000000000000e+00
7.699999999999998181e+03 3.214414435669500568e-12
7.709999999999998181e+03 2.414656922514374841e-13
7.719999999999998181e+03 0.000000000000000000e+00
7.729999999999998181e+03 2.185302400253437770e-14
7.739999999999998181e+03 1.892953770810375116e-12
7.749999999999998181e+03 0.000000000000000000e+00
7.759999999999998181e+03 4.968528878919376008e-13
7.769999999999998181e+03 1.554063106596000118e-13
7.779999999999998181e+03 0.000000000000000000e+00
7.789999999999998181e+03 1.782356620409312553e-11
7.799999999999998181e+03 8.860632775312501370e-12
7.809999999999998181e+03 2.611510730823749978e-11
7.819999999999998181e+03 7.060389917839999668e-11
7.829999999999998181e+03 2.010765322081250205e-11
7.839999999999998181e+03 3.355126185775000341e-12
7.849999999999998181e+03 0.000000000000000000e+00
7.859999999999998181e+03 3.064114272690625629e-13
7.869999999999998181e+03 2.850122714136250824e-12
7.879999999999998181e+03 7.133257702812499431e-12
7.889999999999998181e+03 4.025035046864999567e-12
7.899999999999998181e+03 0.000000000000000000e+00
7.909999999999998181e+03 5.159799842736875806e-12
7.919999999999998181e+03 9.662372643376251149e-12
7.929999999999998181e+03 0.000000000000000000e+00
7.939999999999998181e+03 0.000000000000000000e+00
7.949999999999998181e+03 2.938000040726625000e-12
7.959999999999998181e+03 5.652088622355001150e-12
7.969999999999998181e+03 5.506237922040624221e-12
7.979999999999998181e+03 1.380282821158500318e-11
7.989999999999998181e+03 2.335123742891624935e-11
7.999999999999998181e+03 2.326902992351437293e-11
8.009999999999998181e+03 6.398163540546400673e-12
8.019999999999998181e+03 3.234499036005478353e-12
8.029999999999998181e+03 1.472337434978081711e-12
8.039999999999998181e+03 2.463333886614314927e-12
8.049999999999998181e+03 9.215150544560877398e-12
8.059999999999998181e+03 0.000000000000000000e+00
8.069999999999998181e+03 2.459941992000150565e-12
8.079999999999998181e+03 4.308137089698043649e-12
8.089999999999998181e+03 3.474044417852950428e-12
8.099999999999998181e+03 0.000000000000000000e+00
8.109999999999998181e+03 0.000000000000000000e+00
8.119999999999998181e+03 8.635942368302581409e-11
8.129999999999998181e+03 7.867629463261198987e-11
8.139999999999998181e+03 9.097583380291950597e-11
8.149999999999998181e+03 2.628230474477930158e-12
8.159999999999998181e+03 0.000000000000000000e+00
8.169999999999998181e+03 1.741700840545544537e-12
8.179999999999998181e+03 0.000000000000000000e+00
8.189999999999998181e+03 0.000000000000000000e+00
8.199999999999998181e+03 0.000000000000000000e+00
8.209999999999998181e+03 0.000000000000000000e+00
8.219999999999998181e+03 0.000000000000000000e+00
8.229999999999998181e+03 3.410668395843296992e-12
8.239999999999998181e+03 1.060690204960541984e-11
8.249999999999998181e+03 9.798862835287213641e-12
8.259999999999998181e+03 2.066855132747854207e-12
8.269999999999998181e+03 7.228810461160608186e-11
8.279999999999998181e+03 1.202103058873852790e-10
8.289999999999998181e+03 0.000000000000000000e+00
8.299999999999998181e+03 1.411516861738499905e-12
8.309999999999998181e+03 0.000000000000000000e+00
8.319999999999998181e+03 2.333094662353004000e-11
8.329999999999998181e+03 8.887344405875177619e-12
8.339999999999998181e+03 3.297898283521980568e-11
8.349999999999998181e+03 9.797854944327656780e-11
8.359999999999998181e+03 1.010564736671285868e-11
8.369999999999998181e+03 6.370061761069795743e-11
8.379999999999998181e+03 1.524210399821464751e-12
8.389999999999998181e+03 4.068017863793787971e-13
8.399999999999998181e+03 0.000000000000000000e+00
8.409999999999998181e+03 1.927332513915473104e-12
8.419999999999998181e+03 7.465715379499431549e-12
8.429999999999998181e+03 4.126332427519027129e-12
8.439999999999998181e+03 0.000000000000000000e+00
8.449999999999998181e+03 0.000000000000000000e+00
8.459999999999998181e+03 0.000000000000000000e+00
8.469999999999998181e+03 1.187539799557163694e-10
8.479999999999998181e+03 9.657141122371012036e-11
8.489999999999998181e+03 3.241233573469950487e-11
8.499999999999998181e+03 0.000000000000000000e+00
8.509999999999998181e+03 4.892824242829670422e-11
8.519999999999998181e+03 0.000000000000000000e+00
8.529999999999998181e+03 1.018265877671337686e-11
8.539999999999998181e+03 6.821641235635797340e-12
8.549999999999998181e+03 2.164007300645212754e-11
8.559999999999998181e+03 9.636264439786344293e-12
8.569999999999998181e+03 0.000000000000000000e+00
8.579999999999998181e+03 0.000000000000000000e+00
8.589999999999998181e+03 0.000000000000000000e+00
8.599999999999998181e+03 4.183437942731259967e-11
8.609999999999998181e+03 2.104952119269404280e-11
8.619999999999998181e+03 4.951586927155513032e-11
8.629999999999998181e+03 5.225053137088854713e-13
8.639999999999998181e+03 0.000000000000000000e+00
8.649999999999998181e+03 1.346947130736504805e-11
8.659999999999998181e+03 1.638133109669905040e-11
8.669999999999998181e+03 8.506485977311846760e-12
8.679999999999998181e+03 0.000000000000000000e+00
8.689999999999998181e+03 0.000000000000000000e+00
8.699999999999998181e+03 0.000000000000000000e+00
8.709999999999998181e+03 0.000000000000000000e+00
8.719999999999998181e+03 3.117835656921071282e-11
8.729999999999998181e+03 0.000000000000000000e+00
8.739999999999998181e+03 2.002176484080245768e-11
8.749999999999998181e+03 1.497101908175767022e-11
8.759999999999998181e+03 9.123727757681760921e-11
8.769999999999998181e+03 2.870067315351433270e-11
8.779999999999998181e+03 5.052586415355772736e-12
8.789999999999998181e+03 6.820156099752003600e-13
8.799999999999998181e+03 1.790528903992296568e-12
8.809999999999998181e+03 3.682802129786783571e-12
8.819999999999998181e+03 1.975554688923155589e-13
8.829999999999998181e+03 3.270251823367358595e-13
8.839999999999998181e+03 7.638055401774927687e-13
8.849999999999998181e+03 0.000000000000000000e+00
8.859999999999998181e+03 1.921236081766454446e-13
8.869999999999998181e+03 2.610714589323409510e-12
8.879999999999998181e+03 3.724370162488619709e-12
8.889999999999998181e+03 0.000000000000000000e+00
8.899999999999998181e+03 0.000000000000000000e+00
8.909999999999998181e+03 0.000000000000000000e+00
8.919999999999998181e+03 0.000000000000000000e+00
8.929999999999998181e+03 6.222322585132137705e-13
8.939999999999998181e+03 6.555865179151422651e-13
8.949999999999998181e+03 0.000000000000000000e+00
8.959999999999998181e+03 0.000000000000000000e+00
8.969999999999998181e+03 0.000000000000000000e+00
8.979999999999998181e+03 3.286423706223962758e-12
8.989999999999998181e+03 1.068985011633027901e-12
8.999999999999998181e+03 6.655432537256407574e-14
9.009999999999998181e+03 1.422936912747522164e-13
9.019999999999998181e+03 1.564589074448083196e-13
9.029999999999998181e+03 6.507555492495212565e-14
9.039999999999998181e+03 1.698292117098400558e-13
9.049999999999998181e+03 1.158874476941771851e-13
9.059999999999998181e+03 0.000000000000000000e+00
9.069999999999998181e+03 0.000000000000000000e+00
9.079999999999998181e+03 0.000000000000000000e+00
9.089999999999998181e+03 0.000000000000000000e+00
9.099999999999998181e+03 0.000000000000000000e+00
9.109999999999998181e+03 0.000000000000000000e+00
9.119999999999998181e+03 5.953127354326385819e-12
9.129999999999998181e+03 1.200506145007314871e-11
9.139999999999998181e+03 4.851928580058173955e-11
9.149999999999998181e+03 4.394270775880189039e-10
9.159999999999998181e+03 2.762189518556708512e-08
9.169999999999998181e+03 1.161612984367482328e-09
9.179999999999998181e+03 6.378890718683762690e-10
9.189999999999998181e+03 1.326430467866969790e-09
9.199999999999998181e+03 0.000000000000000000e+00
9.209999999999998181e+03 0.000000000000000000e+00
9.219999999999998181e+03 0.000000000000000000e+00
9.229999999999998181e+03 0.000000000000000000e+00
9.239999999999998181e+03 0.000000000000000000e+00
9.249999999999998181e+03 0.000000000000000000e+00
9.259999999999998181e+03 0.000000000000000000e+00
9.269999999999998181e+03 0.000000000000000000e+00
9.279999999999998181e+03 0.000000000000000000e+00
9.289999999999998181e+03 0.000000000000000000e+00
9.299999999999998181e+03 0.000000000000000000e+00
9.309999999999998181e+03 0.000000000000000000e+00
9.319999999999998181e+03 0.000000000000000000e+00
9.329999999999998181e+03 0.000000000000000000e+00
9.339999999999998181e+03 0.000000000000000000e+00
9.349999999999998181e+03 4.832489002250820216e-08
9.359999999999998181e+03 4.854041787173013882e-08
9.369999999999998181e+03 4.860053163575583735e-08
9.379999999999998181e+03 4.842908764047820690e-08
9.389999999999998181e+03 4.842160257555282668e-08
9.399999999999998181e+03 4.839721484297428491e-08
9.409999999999998181e+03 4.890196280544801480e-08
9.419999999999998181e+03 4.926641840790186475e-08
9.429999999999998181e+03 0.000000000000000000e+00
9.439999999999998181e+03 0.000000000000000000e+00
9.449999999999998181e+03 4.968089035458353410e-08
9.459999999999998181e+03 4.989523310616694014e-08
9.469999999999998181e+03 5.056221873037952648e-08
9.479999999999998181e+03 5.087267224717633352e-08
9.489999999999998181e+03 5.073528851535041911e-08
9.499999999999998181e+03 1.019749767081190448e-07
9.509999999999998181e+03 1.024976411128070575e-07
9.519999999999998181e+03 2.062017004801673667e-07
9.529999999999998181e+03 3.620626072653568221e-07
9.539999999999998181e+03 6.763892926069853020e-07
9.549999999999998181e+03 1.781037259045951672e-06
9.559999999999998181e+03 6.531601903191867451e-06
9.569999999999998181e+03 8.572625821714741068e-05
9.579999999999998181e+03 6.356258763664162986e-05
9.589999999999998181e+03 1.334809788334473838e-05
9.599999999999998181e+03 7.298499599287334336e-06
9.609999999999998181e+03 5.539695708594931142e-06
9.619999999999998181e+03 5.034540271919115351e-06
9.629999999999998181e+03 5.064975989977548691e-06
9.639999999999998181e+03 5.349372319071485390e-06
9.649999999999998181e+03 5.797246390119242004e-06
9.659999999999998181e+03 6.332974197415880969e-06
9.669999999999998181e+03 7.141935218071635089e-06
9.679999999999998181e+03 8.377420212876457691e-06
9.689999999999998181e+03 1.036809768231211020e-05
9.699999999999998181e+03 1.377297004474783212e-05
9.709999999999998181e+03 2.001589740205141635e-05
9.719999999999998181e+03 3.175811025900144262e-05
9.729999999999998181e+03 5.112985837916933008e-05
9.739999999999998181e+03 6.430779032107253508e-05
9.749999999999998181e+03 5.361479983513779690e-05
9.759999999999998181e+03 3.731274551972017437e-05
9.769999999999998181e+03 2.744916977674702056e-05
9.779999999999998181e+03 2.275242190251123021e-05
9.789999999999998181e+03 2.141829647080054322e-05
9.799999999999998181e+03 2.291299465740672176e-05
9.809999999999998181e+03 2.802908848489614308e-05
9.819999999999998181e+03 3.866584412869731056e-05
9.829999999999998181e+03 5.906599097287789187e-05
9.839999999999998181e+03 8.448977366910475728e-05
9.849999999999998181e+03 8.193579043803363756e-05
9.859999999999998181e+03 5.619461819088747531e-05
9.869999999999998181e+03 3.744792726913765633e-05
9.879999999999998181e+03 2.751209946450573727e-05
9.889999999999998181e+03 2.267556970906309328e-05
9.899999999999998181e+03 2.066062592696442604e-05
9.909999999999998181e+03 2.029794157847466618e-05
9.919999999999998181e+03 2.096869404216458006e-05
9.929999999999998181e+03 2.152926691997426897e-05
9.939999999999998181e+03 2.088892061906905983e-05
9.949999999999998181e+03 1.857463635196545434e-05
9.959999999999998181e+03 1.524847758629913519e-05
9.969999999999998181e+03 1.205680578687516962e-05
9.979999999999998181e+03 9.759425518484921838e-06
9.989999999999998181e+03 8.060936809033124271e-06
9.999999999999998181e+03 7.025902625834850530e-06
1.000999999999999818e+04 6.547352545844796252e-06
1.001999999999999818e+04 6.446349516791010249e-06
1.002999999999999818e+04 6.854619962833704645e-06
1.003999999999999818e+04 7.827207509026209130e-06
1.004999999999999818e+04 9.699809648056365941e-06
1.005999999999999818e+04 1.321390836185826965e-05
1.006999999999999818e+04 1.942559665073425592e-05
1.007999999999999818e+04 2.770757701271299813e-05
1.008999999999999818e+04 2.961611513367283112e-05
1.009999999999999818e+04 2.110367738483816046e-05
1.010999999999999818e+04 1.307198043262121874e-05
1.011999999999999818e+04 8.441036443284785507e-06
1.012999999999999818e+04 5.978506115057958090e-06
1.013999999999999818e+04 4.630765302658394804e-06
1.014999999999999818e+04 3.866850982714741272e-06
1.015999999999999818e+04 3.500241471514838640e-06
1.016999999999999818e+04 3.336497922128223455e-06
1.017999999999999818e+04 3.392284041195339913e-06
1.018999999999999818e+04 3.657729669472019791e-06
1.019999999999999818e+04 4.189815615959473707e-06
1.020999999999999818e+04 5.253573656294605814e-06
1.021999999999999818e+04 7.059374107374508740e-06
1.022999999999999818e+04 1.045541485635942190e-05
1.023999999999999818e+04 1.762162909716968523e-05
1.024999999999999818e+04 3.471568308635396933e-05
1.025999999999999818e+04 7.412349443665360190e-05
1.026999999999999818e+04 1.042208795322616935e-04
1.027999999999999818e+04 6.927965771706626078e-05
1.028999999999999818e+04 4.110579899241566628e-05
1.029999999999999818e+04 2.844022112447007535e-05
1.030999999999999818e+04 2.291351452013255666e-05
1.031999999999999818e+04 2.101329916628762930e-05
1.032999999999999818e+04 2.160713060506810667e-05
1.033999999999999818e+04 2.418719836851232138e-05
1.034999999999999818e+04 2.833429008942632340e-05
1.035999999999999818e+04 3.149865934257324454e-05
1.036999999999999818e+04 2.855950423273502894e-05
1.037999999999999818e+04 2.052756146828387904e-05
1.038999999999999818e+04 1.329330643397725261e-05
1.039999999999999818e+04 8.689120060597742555e-06
1.040999999999999818e+04 5.929714480322308916e-06
1.041999999999999818e+04 4.350016884733595447e-06
1.042999999999999818e+04 3.387700210808292944e-06
1.043999999999999818e+04 2.792192512005604894e-06
1.044999999999999818e+04 2.397785799118956447e-06
1.045999999999999818e+04 2.174264981830409931e-06
1.046999999999999818e+04 2.015252054267123205e-06
1.047999999999999818e+04 2.016625495796829453e-06
1.048999999999999818e+04 2.017672105676451206e-06
1.049999999999999818e+04 2.174592931672993707e-06
1.050999999999999818e+04 2.402772947330540113e-06
1.051999999999999818e+04 2.726419826452412985e-06
1.052999999999999818e+04 3.255035928592248462e-06
1.053999999999999818e+04 4.119661098135555597e-06
1.054999999999999818e+04 5.473081725240021021e-06
1.055999999999999818e+04 7.701778602187307559e-06
1.056999999999999818e+04 1.150420704176267983e-05
1.057999999999999818e+04 1.852823574457683364e-05
1.058999999999999818e+04 3.216999442263382013e-05
1.059999999999999818e+04 5.692118088587462397e-05
1.060999999999999818e+04 8.745146896829978148e-05
1.061999999999999818e+04 9.541995372630527618e-05
1.062999999999999818e+04 8.042392714792109874e-05
1.063999999999999818e+04 6.376652071671067533e-05
1.064999999999999818e+04 5.233056242237776260e-05
1.065999999999999818e+04 4.429830597905926401e-05
1.066999999999999818e+04 3.822514317799651179e-05
1.067999999999999818e+04 3.228926771145252273e-05
1.068999999999999818e+04 2.638140451528132497e-05
1.069999999999999818e+04 2.083641282979612028e-05
1.070999999999999818e+04 1.623862491878707976e-05
1.071999999999999818e+04 1.267032805235064386e-05
1.072999999999999818e+04 9.943324115563575562e-06
1.073999999999999818e+04 8.053281523057394568e-06
1.074999999999999818e+04 6.723116439221144287e-06
1.075999999999999818e+04 5.780673934162749841e-06
1.076999999999999818e+04 5.120164917398231077e-06
1.077999999999999818e+04 4.695876361387989709e-06
1.078999999999999818e+04 4.477312143648598538e-06
1.079999999999999818e+04 4.370657880462435125e-06
1.080999999999999818e+04 4.425041654376140751e-06
1.081999999999999818e+04 4.612794689504010667e-06
1.082999999999999818e+04 4.877253491205706014e-06
1.083999999999999818e+04 5.363207707940117488e-06
1.084999999999999818e+04 6.121779481321986855e-06
1.085999999999999818e+04 7.153599025313085992e-06
1.086999999999999818e+04 8.675210912363390850e-06
1.087999999999999818e+04 1.089076318956908519e-05
1.088999999999999818e+04 1.417870574213524083e-05
1.089999999999999818e+04 1.913660114974683458e-05
1.090999999999999818e+04 2.670477087405507717e-05
1.091999999999999818e+04 3.756597345980185258e-05
1.092999999999999818e+04 5.267443371737102949e-05
1.093999999999999818e+04 6.943660381103488059e-05
1.094999999999999818e+04 8.246998067344224557e-05
1.095999999999999818e+04 8.806948348680071188e-05
1.096999999999999818e+04 8.671264043632428596e-05
1.097999999999999818e+04 8.326452456733315530e-05
1.098999999999999818e+04 8.116071439000878060e-05
1.099999999999999818e+04 8.129274847793793366e-05
1.100999999999999818e+04 8.525992545739870807e-05
1.101999999999999818e+04 9.347779787273202158e-05
1.102999999999999818e+04 1.062488319397418042e-04
1.103999999999999818e+04 1.227909278136612493e-04
1.104999999999999818e+04 1.398792277430114953e-04
1.105999999999999818e+04 1.489000300085933893e-04
1.106999999999999818e+04 1.425405929200489153e-04
1.107999999999999818e+04 1.226008492652991429e-04
1.108999999999999818e+04 9.865184095798844159e-05
1.109999999999999818e+04 7.762928589872582089e-05
1.110999999999999818e+04 6.184425341317226828e-05
1.111999999999999818e+04 5.062794150850834473e-05
1.112999999999999818e+04 4.284044124905888050e-05
1.113999999999999818e+04 3.746325357761741729e-05
1.114999999999999818e+04 3.387772883621152452e-05
1.115999999999999818e+04 3.166680133755220012e-05
1.116999999999999818e+04 3.054096530377414527e-05
1.117999999999999818e+04 3.027400782857483995e-05
1.118999999999999818e+04 3.084720566501589938e-05
1.119999999999999818e+04 3.236615372647742449e-05
1.120999999999999818e+04 3.475491682938152468e-05
1.121999999999999818e+04 3.824647126075660032e-05
1.122999999999999818e+04 4.316384521173457215e-05
1.123999999999999818e+04 4.974235403088967967e-05
1.124999999999999818e+04 5.831182380465221198e-05
1.125999999999999818e+04 6.932997652263333122e-05
1.126999999999999818e+04 8.286841630840596805e-05
1.127999999999999818e+04 9.821634206359295522e-05
1.128999999999999818e+04 1.143848077613263950e-04
1.129999999999999818e+04 1.282123506801480044e-04
1.130999999999999818e+04 1.376787919166323597e-04
1.131999999999999818e+04 1.408750880824537069e-04
1.132999999999999818e+04 1.390193084009428229e-04
1.133999999999999818e+04 1.332178523743658954e-04
1.134999999999999818e+04 1.267464555339995011e-04
1.135999999999999818e+04 1.205814238840364490e-04
1.136999999999999818e+04 1.157410461283263803e-04
1.137999999999999818e+04 1.129601161859134049e-04
1.138999999999999818e+04 1.118665063204196891e-04
1.139999999999999818e+04 1.128777418625087717e-04
1.140999999999999818e+04 1.162134764408812341e-04
1.141999999999999818e+04 1.219700412652548709e-04
1.142999999999999818e+04 1.303035869138071757e-04
1.143999999999999818e+04 1.420671775169939229e-04
1.144999999999999818e+04 1.577404973345881349e-04
1.145999999999999818e+04 1.785631687806329070e-04
1.146999999999999818e+04 2.058825723122300830e-04
1.147999999999999818e+04 2.417839193587119611e-04
1.148999999999999818e+04 2.893728629777303257e-04
1.149999999999999818e+04 3.526336036674273893e-04
1.150999999999999818e+04 4.393183459088556065e-04
1.151999999999999818e+04 5.564339906961387897e-04
1.152999999999999818e+04 7.193139913775155238e-04
1.153999999999999818e+04 9.501677984698435461e-04
1.154999999999999818e+04 1.280921929829191694e-03
1.155999999999999818e+04 1.766586180216600868e-03
1.156999999999999818e+04 2.495343754182582831e-03
1.157999999999999818e+04 3.617753962597276655e-03
1.158999999999999818e+04 5.374987057699622331e-03
1.159999999999999818e+04 8.213483971786349896e-03
1.160999999999999818e+04 1.292860119875165713e-02
1.161999999999999818e+04 2.096479547301245347e-02
1.162999999999999818e+04 3.506524205133054739e-02
1.163999999999999818e+04 6.015138070441834739e-02
1.164999999999999818e+04 1.045158892064339956e-01
1.165999999999999818e+04 1.788720496094630685e-01
1.166999999999999818e+04 2.863654133492045117e-01
1.167999999999999818e+04 4.057021052041723808e-01
1.168999999999999818e+04 4.961674263204013946e-01
1.169999999999999818e+04 5.415255535691850808e-01
1.170999999999999818e+04 5.562729963138031142e-01
1.171999999999999818e+04 5.591152511917094614e-01
1.172999999999999818e+04 5.587797019443978552e-01
1.173999999999999818e+04 5.584384282661531973e-01
1.174999999999999818e+04 5.600990074668003027e-01
1.175999999999999818e+04 5.611218401348651019e-01
1.176999999999999818e+04 5.611504060569089125e-01
1.177999999999999818e+04 5.612694653101507614e-01
1.178999999999999818e+04 5.617933598430480124e-01
1.179999999999999818e+04 5.624093626827914028e-01
1.180999999999999818e+04 5.624092932572132275e-01
1.181999999999999818e+04 5.620208385401466167e-01
1.182999999999999818e+04 5.624760962354271587e-01
1.183999999999999818e+04 5.627410892322256553e-01
1.184999999999999818e+04 5.631039778683003538e-01
1.185999999999999818e+04 5.633170848020180310e-01
1.186999999999999818e+04 5.633780580462925958e-01
1.187999999999999818e+04 5.628460786513592717e-01
1.188999999999999818e+04 5.626388118649993109e-01
1.189999999999999818e+04 5.628719848516708923e-01
1.190999999999999818e+04 5.636004287843441318e-01
1.191999999999999818e+04 5.645941969384289383e-01
1.192999999999999818e+04 5.654134430861141869e-01
1.193999999999999818e+04 5.664024349304391803e-01
1.194999999999999818e+04 5.672701206769015236e-01
1.195999999999999818e+04 5.683624382335336067e-01
1.196999999999999818e+04 5.694556397530748937e-01
1.197999999999999818e+04 5.701823328115761536e-01
1.198999999999999818e+04 5.708017274006459418e-01
1.199999999999999818e+04 5.713812978095874628e-01
1.200999999999999818e+04 5.713562885173740780e-01
1.201999999999999818e+04 5.711648564364489866e-01
1.202999999999999818e+04 5.712666743160735860e-01
1.203999999999999818e+04 5.712118228845235457e-01
1.204999999999999818e+04 5.721873514988979892e-01
1.205999999999999818e+04 5.725441325221990452e-01
1.206999999999999818e+04 5.729452903499917538e-01
1.207999999999999818e+04 5.742662328738959987e-01
1.208999999999999818e+04 5.745633652118692369e-01
1.209999999999999818e+04 5.755567341864453734e-01
1.210999999999999818e+04 5.765999882717597336e-01
1.211999999999999818e+04 5.772574356840234344e-01
1.212999999999999818e+04 5.781537160122434127e-01
1.213999999999999818e+04 5.783748835687434475e-01
1.214999999999999818e+04 5.787880233803515129e-01
1.215999999999999818e+04 5.793961558466780293e-01
1.216999999999999818e+04 5.795512841713968966e-01
1.217999999999999818e+04 5.797707569292551710e-01
1.218999999999999818e+04 5.795900642298431604e-01
1.219999999999999818e+04 5.794130026251347321e-01
1.220999999999999818e+04 5.790129801952207389e-01
1.221999999999999818e+04 5.790302592502072354e-01
1.222999999999999818e+04 5.789951487989102308e-01
1.223999999999999818e+04 5.795741186751861562e-01
1.224999999999999818e+04 5.800140687119470506e-01
1.225999999999999818e+04 5.802558301723780287e-01
1.226999999999999818e+04 5.806250401282267992e-01
1.227999999999999818e+04 5.809586965619976118e-01
1.228999999999999818e+04 5.814219326183874825e-01
1.229999999999999818e+04 5.820333082586492957e-01
1.230999999999999818e+04 5.824403427696028812e-01
1.231999999999999818e+04 5.823486228029405298e-01
1.232999999999999818e+04 5.825363019121971853e-01
1.233999999999999818e+04 5.825448726303590341e-01
1.234999999999999818e+04 5.826631558372301622e-01
1.235999999999999818e+04 5.818104411157390965e-01
1.236999999999999818e+04 5.812798728765388168e-01
1.237999999999999818e+04 5.810244817042725662e-01
1.238999999999999818e+04 5.806278947702846471e-01
1.239999999999999818e+04 5.801374583568428278e-01
1.240999999999999818e+04 5.798433649166043757e-01
1.241999999999999818e+04 5.795447871251303562e-01
1.242999999999999818e+04 5.792463562543642697e-01
1.243999999999999818e+04 5.790150726292478955e-01
1.244999999999999818e+04 5.790181304608833512e-01
1.245999999999999818e+04 5.792323191463805143e-01
1.246999999999999818e+04 5.795089287085861685e-01
1.247999999999999818e+04 5.797483586946808876e-01
1.248999999999999818e+04 5.803751936556705848e-01
1.249999999999999818e+04 5.805763199163584964e-01
1.250999999999999818e+04 5.807935678151598946e-01
1.251999999999999818e+04 5.809991273976107262e-01
1.252999999999999818e+04 5.816841884994871092e-01
1.253999999999999818e+04 5.819839348369351129e-01
1.254999999999999818e+04 5.818589886177775172e-01
1.255999999999999818e+04 5.824614889017344366e-01
1.256999999999999818e+04 5.825276490046472633e-01
1.257999999999999818e+04 5.821582342992527304e-01
1.258999999999999818e+04 5.822978072501989733e-01
1.259999999999999818e+04 5.819617187367488453e-01
1.260999999999999818e+04 5.821301756431809249e-01
1.261999999999999818e+04 5.823956662534020001e-01
1.262999999999999818e+04 5.827667963578662125e-01
1.263999999999999818e+04 5.835266009499757711e-01
1.264999999999999818e+04 5.834420496961779667e-01
1.265999999999999818e+04 5.841815960961226351e-01
1.266999999999999818e+04 5.847654581667242057e-01
1.267999999999999818e+04 5.852177283600931146e-01
1.268999999999999818e+04 5.860153824559287683e-01
1.269999999999999818e+04 5.864362135038524437e-01
1.270999999999999818e+04 5.866558952011042827e-01
1.271999999999999818e+04 5.868573967627865873e-01
1.272999999999999818e+04 5.866756312853754762e-01
1.273999999999999818e+04 5.864517624556138120e-01
1.274999999999999818e+04 5.864119708853879898e-01
1.275999999999999818e+04 5.857095899654720661e-01
1.276999999999999818e+04 5.850008149197900575e-01
1.277999999999999818e+04 5.842235689869191839e-01
1.278999999999999818e+04 5.838742975635435872e-01
1.279999999999999818e+04 5.833715852333940521e-01
1.280999999999999818e+04 5.841740807232691512e-01
1.281999999999999818e+04 5.836189666627290551e-01
1.282999999999999818e+04 5.837380507651596107e-01
1.283999999999999818e+04 5.839799251095142418e-01
1.284999999999999818e+04 5.842280309099916469e-01
1.285999999999999818e+04 5.842164432502907623e-01
1.286999999999999818e+04 5.847515259768427676e-01
1.287999999999999818e+04 5.849902023737568735e-01
1.288999999999999818e+04 5.850695674180894645e-01
1.289999999999999818e+04 5.848122335273110428e-01
1.290999999999999818e+04 5.846158594649267792e-01
1.291999999999999818e+04 5.851986079553684883e-01
1.292999999999999818e+04 5.852295203912470933e-01
1.293999999999999818e+04 5.851368907677605424e-01
1.294999999999999818e+04 5.844694097706814029e-01
1.295999999999999818e+04 5.840117944489380264e-01
1.296999999999999818e+04 5.830437631515469343e-01
1.297999999999999818e+04 5.828296782607585991e-01
1.298999999999999818e+04 5.821497179527929111e-01
1.299999999999999818e+04 5.823040734252828976e-01
1.300999999999999818e+04 5.815785884395766603e-01
1.301999999999999818e+04 5.814455632843771316e-01
1.302999999999999818e+04 5.817501962525072345e-01
1.303999999999999818e+04 5.821926968045790796e-01
1.304999999999999818e+04 5.819657253009014042e-01
1.305999999999999818e+04 5.827829036615460589e-01
1.306999999999999818e+04 5.831990488551006546e-01
1.307999999999999818e+04 5.832412060226755957e-01
1.308999999999999818e+04 5.829394581917511919e-01
1.309999999999999818e+04 5.831776252033560315e-01
1.310999999999999818e+04 5.836309855028057880e-01
1.311999999999999818e+04 5.837264980403793491e-01
1.312999999999999818e+04 5.832526706351496282e-01
1.313999999999999818e+04 5.828011157979480217e-01
1.314999999999999818e+04 5.825759419966756170e-01
1.315999999999999818e+04 5.826549417671398334e-01
1.316999999999999818e+04 5.825330459013394746e-01
1.317999999999999818e+04 5.816888495382770419e-01
1.318999999999999818e+04 5.815395271607699534e-01
1.319999999999999818e+04 5.809002121108516326e-01
1.320999999999999818e+04 5.808399954226762807e-01
1.321999999999999818e+04 5.804078015978217930e-01
1.322999999999999818e+04 5.804707300099738454e-01
1.323999999999999818e+04 5.802518014463199370e-01
1.324999999999999818e+04 5.811250062990831466e-01
1.325999999999999818e+04 5.803157312423055103e-01
1.326999999999999818e+04 5.804465003874357265e-01
1.327999999999999818e+04 5.815669978757201930e-01
1.328999999999999818e+04 5.812939528911543752e-01
1.329999999999999818e+04 5.814682069089035510e-01
1.330999999999999818e+04 5.814045010826393023e-01
1.331999999999999818e+04 5.820883814436291770e-01
1.332999999999999818e+04 5.816202763141495868e-01
1.333999999999999818e+04 5.813139726570372146e-01
1.334999999999999818e+04 5.811797206365606483e-01
1.335999999999999818e+04 5.812550682853070416e-01
1.336999999999999818e+04 5.801323568229540539e-01
1.337999999999999818e+04 5.799984269948723625e-01
1.338999999999999818e+04 5.798590689999888470e-01
1.339999999999999818e+04 5.797636731377622255e-01
1.340999999999999818e+04 5.787335660658387004e-01
1.341999999999999818e+04 5.786015254334180291e-01
1.342999999999999818e+04 5.783708840596216705e-01
1.343999999999999818e+04 5.786047796642469487e-01
1.344999999999999818e+04 5.785987266129247741e-01
1.345999999999999818e+04 5.777727008733831715e-01
1.346999999999999818e+04 5.781860068810986686e-01
1.347999999999999818e+04 5.775655191102172514e-01
1.348999999999999818e+04 5.777946069368248283e-01
1.349999999999999818e+04 5.777599275990078498e-01
1.350999999999999818e+04 5.779459451351852683e-01
1.351999999999999818e+04 5.776229507491974502e-01
1.352999999999999818e+04 5.778258945508680799e-01
1.353999999999999818e+04 5.768336041760306898e-01
1.354999999999999818e+04 5.760178171362212440e-01
1.355999999999999818e+04 5.750934016479927191e-01
1.356999999999999818e+04 5.746487510121361941e-01
1.357999999999999818e+04 5.737807287242635557e-01
1.358999999999999818e+04 5.730506747501112885e-01
1.359999999999999818e+04 5.726210393227456619e-01
1.360999999999999818e+04 5.711818115943255725e-01
1.361999999999999818e+04 5.706184361986997855e-01
1.362999999999999818e+04 5.688779860128367893e-01
1.363999999999999818e+04 5.685082445452345201e-01
1.364999999999999818e+04 5.671237639621909965e-01
1.365999999999999818e+04 5.664602144099317726e-01
1.366999999999999818e+04 5.645652309965412119e-01
1.367999999999999818e+04 5.626803571923497671e-01
1.368999999999999818e+04 5.611958626065024491e-01
1.369999999999999818e+04 5.567809061399819903e-01
1.370999999999999818e+04 5.523973009233043019e-01
1.371999999999999818e+04 5.465908030052539779e-01
1.372999999999999818e+04 5.411366012947784743e-01
1.373999999999999818e+04 5.337673195429365469e-01
1.374999999999999818e+04 5.270478231623723087e-01
1.375999999999999818e+04 5.206722752191776937e-01
1.376999999999999818e+04 5.143507723373621499e-01
1.377999999999999818e+04 5.088294507656800914e-01
1.378999999999999818e+04 5.047743139856976091e-01
1.379999999999999818e+04 5.015272005008647449e-01
1.380999999999999818e+04 4.987308664684102499e-01
1.381999999999999818e+04 4.972007798932133182e-01
1.382999999999999818e+04 4.971768316393247455e-01
1.383999999999999818e+04 4.980885349140781182e-01
1.384999999999999818e+04 4.996291126514237901e-01
1.385999999999999818e+04 5.012555295944299827e-01
1.386999999999999818e+04 5.037171767377328635e-01
1.387999999999999818e+04 5.064248145784390198e-01
1.388999999999999818e+04 5.091875849336421345e-01
1.389999999999999818e+04 5.116843507550892234e-01
1.390999999999999818e+04 5.152388365369863221e-01
1.391999999999999818e+04 5.184924485477462319e-01
1.392999999999999818e+04 5.213671805098741840e-01
1.393999999999999818e+04 5.243411341897578071e-01
1.394999999999999818e+04 5.269825434490071903e-01
1.395999999999999818e+04 5.295888932088906875e-01
1.396999999999999818e+04 5.317432236100485543e-01
1.397999999999999818e+04 5.344433800019294800e-01
1.398999999999999818e+04 5.365603433869864380e-01
1.399999999999999818e+04 5.387656663384693401e-01
1.400999999999999818e+04 5.404179300570354227e-01
1.401999999999999818e+04 5.415394539295224074e-01
1.402999999999999818e+04 5.432325302102984921e-01
1.403999999999999818e+04 5.448076751743685664e-01
1.404999999999999818e+04 5.455813526399238000e-01
1.405999999999999818e+04 5.464049066708381863e-01
1.406999999999999818e+04 5.479412474495507501e-01
1.407999999999999818e+04 5.489960406293731277e-01
1.408999999999999818e+04 5.495618642399154874e-01
1.409999999999999818e+04 5.504840249960848420e-01
1.410999999999999818e+04 5.514995996510067000e-01
1.411999999999999818e+04 5.523131449775363633e-01
1.412999999999999818e+04 5.535239934466256173e-01
1.413999999999999818e+04 5.539872198627777689e-01
1.414999999999999818e+04 5.549648616900058062e-01
1.415999999999999818e+04 5.555826128104841555e-01
1.416999999999999818e+04 5.569359609058103233e-01
1.417999999999999818e+04 5.580124614248719306e-01
1.418999999999999818e+04 5.588146786817737022e-01
1.419999999999999818e+04 5.590814577815237385e-01
1.420999999999999818e+04 5.593248410712103880e-01
1.421999999999999818e+04 5.597506025745210279e-01
1.422999999999999818e+04 5.597084768087345896e-01
1.423999999999999818e+04 5.599010991519717262e-01
1.424999999999999818e+04 5.599741641211868348e-01
1.425999999999999818e+04 5.608269953462253765e-01
1.426999999999999818e+04 5.610014551789108683e-01
1.427999999999999818e+04 5.608236984013380555e-01
1.428999999999999818e+04 5.606104127036785068e-01
1.429999999999999818e+04 5.601404894588664085e-01
1.430999999999999818e+04 5.605713450172302714e-01
1.431999999999999818e+04 5.605510990480191413e-01
1.432999999999999818e+04 5.606811876217394630e-01
1.433999999999999818e+04 5.612460746891940744e-01
1.434999999999999818e+04 5.608348341457158881e-01
1.435999999999999818e+04 5.614425156733980904e-01
1.436999999999999818e+04 5.621761286195445795e-01
1.437999999999999818e+04 5.621776274233486470e-01
1.438999999999999818e+04 5.627070494997283845e-01
1.439999999999999818e+04 5.631124548765016335e-01
1.440999999999999818e+04 5.631880265606747926e-01
1.441999999999999818e+04 5.638667285187937139e-01
1.442999999999999818e+04 5.640196123820654384e-01
1.443999999999999818e+04 5.642486130840236314e-01
1.444999999999999818e+04 5.639888052056750700e-01
1.445999999999999818e+04 5.641197065910342756e-01
1.446999999999999818e+04 5.647143449299593110e-01
1.447999999999999818e+04 5.648914293994821145e-01
1.448999999999999818e+04 5.643162155034533445e-01
1.449999999999999818e+04 5.639154346807735418e-01
1.450999999999999818e+04 5.639411308896342678e-01
1.451999999999999818e+04 5.634868678661469898e-01
1.452999999999999818e+04 5.632585149989469686e-01
1.453999999999999818e+04 5.632034456480877749e-01
1.454999999999999818e+04 5.627482421394373047e-01
1.455999999999999818e+04 5.623833429831233133e-01
1.456999999999999818e+04 5.617880804077439727e-01
1.457999999999999818e+04 5.621218658857867201e-01
1.458999999999999818e+04 5.622515453794623141e-01
1.459999999999999818e+04 5.623602217620103927e-01
1.460999999999999818e+04 5.620942932881810572e-01
1.461999999999999818e+04 5.618302266538439671e-01
1.462999999999999818e+04 5.621191352813144082e-01
1.463999999999999818e+04 5.622660023971874921e-01
1.464999999999999818e+04 5.618365275808252512e-01
1.465999999999999818e+04 5.622636557302036486e-01
1.466999999999999818e+04 5.620720752615606663e-01
1.467999999999999818e+04 5.620105980488963038e-01
1.468999999999999818e+04 5.618688162417447840e-01
1.469999999999999818e+04 5.620128599799110169e-01
1.470999999999999818e+04 5.616836081609891673e-01
1.471999999999999818e+04 5.615612995631252824e-01
1.472999999999999818e+04 5.613138757219442443e-01
1.473999999999999818e+04 5.608254700969508288e-01
1.474999999999999818e+04 5.608688524071626658e-01
1.475999999999999818e+04 5.608873339411843961e-01
1.476999999999999818e+04 5.606974131360490388e-01
1.477999999999999818e+04 5.605657837729650650e-01
1.478999999999999818e+04 5.597685393558367029e-01
1.479999999999999818e+04 5.598626617668702732e-01
1.480999999999999818e+04 5.600029122945670013e-01
1.481999999999999818e+04 5.599700450337700142e-01
1.482999999999999818e+04 5.604244966966863695e-01
1.483999999999999818e+04 5.613502439411769407e-01
1.484999999999999818e+04 5.610994062958792883e-01
1.485999999999999818e+04 5.616034613294710320e-01
1.486999999999999818e+04 5.615540724422594110e-01
1.487999999999999818e+04 5.614319010196333615e-01
1.488999999999999818e+04 5.620700039466351994e-01
1.489999999999999818e+04 5.624919392120608652e-01
1.490999999999999818e+04 5.631427283171375198e-01
1.491999999999999818e+04 5.625526115811170236e-01
1.492999999999999818e+04 5.629433319445156236e-01
1.493999999999999818e+04 5.628011930776534166e-01
1.494999999999999818e+04 5.629441291265169234e-01
1.495999999999999818e+04 5.630897134633808809e-01
1.496999999999999818e+04 5.626526597305863131e-01
1.497999999999999818e+04 5.620227147224429176e-01
1.498999999999999818e+04 5.623674629827681848e-01
1.499999999999999818e+04 5.611613615945498790e-01
1.500999999999999818e+04 5.612702219640856027e-01
1.501999999999999818e+04 5.612346241718293438e-01
1.502999999999999818e+04 5.608794919271130608e-01
1.503999999999999818e+04 5.605183628700586285e-01
1.504999999999999818e+04 5.606313501741253535e-01
1.505999999999999818e+04 5.608332014908543606e-01
1.506999999999999818e+04 5.604479887432997076e-01
1.507999999999999818e+04 5.608494387190401387e-01
1.508999999999999818e+04 5.608967079264682853e-01
1.509999999999999818e+04 5.612654199261738475e-01
1.510999999999999818e+04 5.611730332504606400e-01
1.511999999999999818e+04 5.615975999489232207e-01
1.512999999999999818e+04 5.615444950111837530e-01
1.513999999999999818e+04 5.620673569206352527e-01
1.514999999999999818e+04 5.619572270370267741e-01
1.515999999999999818e+04 5.618625037428661706e-01
1.516999999999999818e+04 5.615532765212253308e-01
1.517999999999999818e+04 5.615553254161678165e-01
1.518999999999999818e+04 5.614844418758663247e-01
1.519999999999999818e+04 5.604852069629940869e-01
1.520999999999999818e+04 5.592831404099066761e-01
1.521999999999999818e+04 5.601446198819267641e-01
1.522999999999999818e+04 5.589315110723023228e-01
1.523999999999999818e+04 5.587360201406973426e-01
1.524999999999999818e+04 5.585211890612361563e-01
1.525999999999999818e+04 5.577690436255973161e-01
1.526999999999999818e+04 5.576460953887593108e-01
1.527999999999999818e+04 5.572145336771704427e-01
1.528999999999999818e+04 5.572181647495633161e-01
1.529999999999999818e+04 5.570244332047797897e-01
1.530999999999999818e+04 5.566935213680561656e-01
1.531999999999999818e+04 5.568997145118553815e-01
1.532999999999999818e+04 5.578991908503996289e-01
1.533999999999999818e+04 5.571272537557161453e-01
1.534999999999999818e+04 5.574373607078720871e-01
1.535999999999999636e+04 5.576975165413833313e-01
1.536999999999999636e+04 5.572425025245897334e-01
1.537999999999999636e+04 5.569154854166830093e-01
1.538999999999999636e+04 5.570104672540497903e-01
1.539999999999999636e+04 5.562119820777569057e-01
1.540999999999999636e+04 5.565285635836456635e-01
1.541999999999999636e+04 5.554028370952901472e-01
1.542999999999999636e+04 5.549893278678060815e-01
1.543999999999999636e+04 5.545763860189250050e-01
1.544999999999999636e+04 5.542337836860168343e-01
1.545999999999999636e+04 5.540298198772127813e-01
1.546999999999999636e+04 5.541033650097332286e-01
1.547999999999999636e+04 5.536865064126500480e-01
1.548999999999999636e+04 5.541789032264994308e-01
1.549999999999999636e+04 5.540618380242517960e-01
1.550999999999999636e+04 5.545177412636975722e-01
1.551999999999999636e+04 5.543430943391186583e-01
1.552999999999999636e+04 5.554771192029057669e-01
1.553999999999999636e+04 5.555774931984828191e-01
1.554999999999999636e+04 5.548659176088440725e-01
1.555999999999999636e+04 5.545721226386235436e-01
1.556999999999999636e+04 5.545063692808352984e-01
1.557999999999999636e+04 5.546684277679457820e-01
1.558999999999999636e+04 5.546117091552257294e-01
1.559999999999999636e+04 5.542205318586228557e-01
1.560999999999999636e+04 5.540805527498979810e-01
1.561999999999999636e+04 5.543412567080613362e-01
1.562999999999999636e+04 5.552035346216661615e-01
1.563999999999999636e+04 5.553374774015582549e-01
1.564999999999999636e+04 5.536135712372595163e-01
1.565999999999999636e+04 5.486644804421363375e-01
1.566999999999999636e+04 5.366186854323624633e-01
1.567999999999999636e+04 5.151504544561986698e-01
1.568999999999999636e+04 4.809382391724220107e-01
1.569999999999999636e+04 4.324125042163506905e-01
1.570999999999999636e+04 3.725888310552951110e-01
1.571999999999999636e+04 3.068944572751871602e-01
1.572999999999999636e+04 2.432593519460647391e-01
1.573999999999999636e+04 1.872208223719309672e-01
1.574999999999999636e+04 1.413559971683326089e-01
1.575999999999999636e+04 1.053907180240081509e-01
1.576999999999999636e+04 7.842324322411109438e-02
1.577999999999999636e+04 5.845571870970703299e-02
1.578999999999999636e+04 4.373937010702729639e-02
1.579999999999999636e+04 3.294786511287717962e-02
1.580999999999999636e+04 2.504334108703785977e-02
1.581999999999999636e+04 1.916582682013412073e-02
1.582999999999999636e+04 1.480321721346243742e-02
1.583999999999999636e+04 1.155729233237700639e-02
1.584999999999999636e+04 9.095387563353580715e-03
1.585999999999999636e+04 7.217612652681732431e-03
1.586999999999999636e+04 5.771504629129012125e-03
1.587999999999999636e+04 4.648749849359141810e-03
1.588999999999999636e+04 3.777892833899394558e-03
1.589999999999999636e+04 3.086632068343504211e-03
1.590999999999999636e+04 2.543192290607302654e-03
1.591999999999999636e+04 2.109654847816828330e-03
1.592999999999999636e+04 1.760421974990793474e-03
1.593999999999999636e+04 1.477784677116800779e-03
1.594999999999999636e+04 1.247538810552676052e-03
1.595999999999999636e+04 1.059335992743655518e-03
1.596999999999999636e+04 9.052909855409470297e-04
1.597999999999999636e+04 7.771512331723712903e-04
1.598999999999999636e+04 6.707376729426327419e-04
1.599999999999999636e+04 5.822506261799250543e-04
1.600999999999999636e+04 5.077622787107625123e-04
1.601999999999999636e+04 4.444055981445145889e-04
1.602999999999999636e+04 3.909799349096642371e-04
1.603999999999999636e+04 3.458367017553005984e-04
1.604999999999999636e+04 3.072815067366504310e-04
1.605999999999999636e+04 2.739970674842014402e-04
1.606999999999999636e+04 2.452645773616501631e-04
1.607999999999999636e+04 2.205489397428781763e-04
1.608999999999999636e+04 1.991116203476995313e-04
1.609999999999999636e+04 1.804445385125721631e-04
1.610999999999999636e+04 1.642082816426842151e-04
1.611999999999999636e+04 1.499695281712635749e-04
1.612999999999999636e+04 1.375160939097557747e-04
1.613999999999999636e+04 1.265797761881310845e-04
1.614999999999999636e+04 1.169318730479088786e-04
1.615999999999999636e+04 1.085286480374493469e-04
1.616999999999999636e+04 1.009839201763972153e-04
1.617999999999999636e+04 9.424552230487253247e-05
1.618999999999999636e+04 8.821839627612336715e-05
1.619999999999999636e+04 8.297054360409221452e-05
1.620999999999999636e+04 7.839062752628331017e-05
1.621999999999999636e+04 7.406684318188720456e-05
1.622999999999999636e+04 7.032382994618470483e-05
1.623999999999999636e+04 6.711158350817510241e-05
1.624999999999999636e+04 6.418716955332846343e-05
1.625999999999999636e+04 6.157923419940714244e-05
1.626999999999999636e+04 5.927528854187781376e-05
1.627999999999999636e+04 5.725640620174933564e-05
1.628999999999999636e+04 5.556660316767572753e-05
1.629999999999999636e+04 5.397910777551230961e-05
1.630999999999999636e+04 5.274496520306904920e-05
1.631999999999999636e+04 5.159405392341386476e-05
1.632999999999999636e+04 5.060368788459835275e-05
1.633999999999999636e+04 4.985029715110596613e-05
1.634999999999999636e+04 4.928678031503012252e-05
1.635999999999999636e+04 4.889330032136346833e-05
1.636999999999999636e+04 4.865949443644014403e-05
1.637999999999999636e+04 4.857736187670413203e-05
1.638999999999999636e+04 4.869010933275556640e-05
1.639999999999999636e+04 4.901298068553929736e-05
1.640999999999999636e+04 4.945737593474246706e-05
1.641999999999999636e+04 5.001056983742398909e-05
1.642999999999999636e+04 5.081479343838987846e-05
1.643999999999999636e+04 5.176849128773289039e-05
1.644999999999999636e+04 5.302388794260318351e-05
1.645999999999999636e+04 5.434833498153970817e-05
1.646999999999999636e+04 5.590769797925068240e-05
1.647999999999999636e+04 5.783144529699373900e-05
1.648999999999999636e+04 5.987963398084398544e-05
1.649999999999999636e+04 6.230749868113701854e-05
1.650999999999999636e+04 6.498987901140200723e-05
1.651999999999999636e+04 6.794449800045917413e-05
1.652999999999999636e+04 7.120609900591731093e-05
1.653999999999999636e+04 7.506878563737052839e-05
1.654999999999999636e+04 7.909405022475306604e-05
1.655999999999999636e+04 8.359139045964380436e-05
1.656999999999999636e+04 8.844286289037713012e-05
1.657999999999999636e+04 9.383621325986963040e-05
1.658999999999999636e+04 9.953454923264666685e-05
1.659999999999999636e+04 1.055830392754784133e-04
1.660999999999999636e+04 1.120196265546757089e-04
1.661999999999999636e+04 1.185967620131937294e-04
1.662999999999999636e+04 1.251820744348513170e-04
1.663999999999999636e+04 1.318909594579384045e-04
1.664999999999999636e+04 1.382460353639339398e-04
1.665999999999999636e+04 1.442903350550953654e-04
1.666999999999999636e+04 1.496523858253368314e-04
1.667999999999999636e+04 1.541176702193474432e-04
1.668999999999999636e+04 1.576217651144063618e-04
1.669999999999999636e+04 1.599857430482349142e-04
1.670999999999999636e+04 1.611833204653121017e-04
1.671999999999999636e+04 1.613223263902049411e-04
1.672999999999999636e+04 1.604375451387358379e-04
1.673999999999999636e+04 1.583900543981560166e-04
1.674999999999999636e+04 1.556964543780743994e-04
1.675999999999999636e+04 1.526484066554886266e-04
1.676999999999999636e+04 1.490696140040737049e-04
1.677999999999999636e+04 1.452755666521445802e-04
1.678999999999999636e+04 1.415058789458298230e-04
1.679999999999999636e+04 1.377085448322243430e-04
1.680999999999999636e+04 1.340827689448632898e-04
1.681999999999999636e+04 1.307284771562253244e-04
1.682999999999999636e+04 1.277266561793490192e-04
1.683999999999999636e+04 1.250842539248325736e-04
1.684999999999999636e+04 1.227622118848390484e-04
1.685999999999999636e+04 1.206858313725727279e-04
1.686999999999999636e+04 1.189937565457506111e-04
1.687999999999999636e+04 1.177752394518596295e-04
1.688999999999999636e+04 1.170046407677827123e-04
1.689999999999999636e+04 1.164834865071281788e-04
1.690999999999999636e+04 1.163059458102351089e-04
1.691999999999999636e+04 1.166436163398307631e-04
1.692999999999999636e+04 1.174853822220756902e-04
1.693999999999999636e+04 1.183448761858720292e-04
1.694999999999999636e+04 1.197833809812970894e-04
1.695999999999999636e+04 1.215266128172159060e-04
1.696999999999999636e+04 1.234764884131628543e-04
1.697999999999999636e+04 1.259656906685379502e-04
1.698999999999999636e+04 1.289553249774710007e-04
1.699999999999999636e+04 1.318838459801581432e-04
1.700999999999999636e+04 1.351526581539048933e-04
1.701999999999999636e+04 1.386627214681139650e-04
1.702999999999999636e+04 1.422383927882292314e-04
1.703999999999999636e+04 1.460402052126830868e-04
1.704999999999999636e+04 1.498199860464569794e-04
1.705999999999999636e+04 1.534622114915013295e-04
1.706999999999999636e+04 1.568651423023642111e-04
1.707999999999999636e+04 1.600607289554123718e-04
1.708999999999999636e+04 1.628636230297311749e-04
1.709999999999999636e+04 1.649331870339148869e-04
1.710999999999999636e+04 1.663139866282985831e-04
1.711999999999999636e+04 1.674002061031284636e-04
1.712999999999999636e+04 1.673130936737712024e-04
1.713999999999999636e+04 1.666434011849869071e-04
1.714999999999999636e+04 1.656786399315623526e-04
1.715999999999999636e+04 1.635124957790584752e-04
1.716999999999999636e+04 1.611508511742010415e-04
1.717999999999999636e+04 1.582047512660186925e-04
1.718999999999999636e+04 1.548952770482329880e-04
1.719999999999999636e+04 1.512783329873104113e-04
1.720999999999999636e+04 1.477347518820227397e-04
1.721999999999999636e+04 1.439424626873915319e-04
1.722999999999999636e+04 1.402506075729180500e-04
1.723999999999999636e+04 1.366140551670132002e-04
1.724999999999999636e+04 1.332792261479518012e-04
1.725999999999999636e+04 1.302438311952019338e-04
1.726999999999999636e+04 1.273256759174600146e-04
1.727999999999999636e+04 1.246364508963750508e-04
1.728999999999999636e+04 1.221752792442724282e-04
1.729999999999999636e+04 1.202430608304118007e-04
1.730999999999999636e+04 1.186417336344632560e-04
1.731999999999999636e+04 1.173250968682477226e-04
1.732999999999999636e+04 1.162345555974664160e-04
1.733999999999999636e+04 1.155259279588203018e-04
1.734999999999999636e+04 1.150145218927522202e-04
1.735999999999999636e+04 1.149709068146307966e-04
1.736999999999999636e+04 1.152104909534253238e-04
1.737999999999999636e+04 1.158831189366227592e-04
1.738999999999999636e+04 1.168648680113488987e-04
1.739999999999999636e+04 1.180457292741966943e-04
1.740999999999999636e+04 1.194876973294111230e-04
1.741999999999999636e+04 1.214857443786296652e-04
1.742999999999999636e+04 1.234136976743662015e-04
1.743999999999999636e+04 1.259373473500369006e-04
1.744999999999999636e+04 1.285685225053374652e-04
1.745999999999999636e+04 1.312301554868979903e-04
1.746999999999999636e+04 1.343639044115977244e-04
1.747999999999999636e+04 1.378406655069191805e-04
1.748999999999999636e+04 1.411074067676435374e-04
1.749999999999999636e+04 1.443528155831343292e-04
1.750999999999999636e+04 1.475277171068483208e-04
1.751999999999999636e+04 1.509386575041747332e-04
1.752999999999999636e+04 1.539071235245991615e-04
1.753999999999999636e+04 1.567225195204598903e-04
1.754999999999999636e+04 1.590804793577869729e-04
1.755999999999999636e+04 1.610066963687068896e-04
1.756999999999999636e+04 1.625587360652897581e-04
1.757999999999999636e+04 1.631464000364457817e-04
1.758999999999999636e+04 1.633663742484746796e-04
1.759999999999999636e+04 1.628095953474885719e-04
1.760999999999999636e+04 1.620806174325710198e-04
1.761999999999999636e+04 1.604907387250939846e-04
1.762999999999999636e+04 1.585786990270931661e-04
1.763999999999999636e+04 1.559954481771471952e-04
1.764999999999999636e+04 1.534111748301546653e-04
1.765999999999999636e+04 1.503264882352843383e-04
1.766999999999999636e+04 1.474677039917449205e-04
1.767999999999999636e+04 1.441335216689436220e-04
1.768999999999999636e+04 1.409629489591981511e-04
1.769999999999999636e+04 1.376990688251453687e-04
1.770999999999999636e+04 1.348194685339370691e-04
1.771999999999999636e+04 1.319464602279964464e-04
1.772999999999999636e+04 1.295152795588610823e-04
1.773999999999999636e+04 1.273481087769016582e-04
1.774999999999999636e+04 1.252803658747142805e-04
1.775999999999999636e+04 1.232367664354993599e-04
1.776999999999999636e+04 1.216229674462399897e-04
1.777999999999999636e+04 1.201471460199239356e-04
1.778999999999999636e+04 1.192585736566681366e-04
1.779999999999999636e+04 1.186528843993965598e-04
1.780999999999999636e+04 1.181714813648100497e-04
1.781999999999999636e+04 1.180926981629793675e-04
1.782999999999999636e+04 1.180449013643069612e-04
1.783999999999999636e+04 1.182748466156602536e-04
1.784999999999999636e+04 1.191993687729681170e-04
1.785999999999999636e+04 1.201493221486741014e-04
1.786999999999999636e+04 1.215500715817597390e-04
1.787999999999999636e+04 1.231624822521515264e-04
1.788999999999999636e+04 1.248549391099265226e-04
1.789999999999999636e+04 1.267494939342495421e-04
1.790999999999999636e+04 1.291586965873307987e-04
1.791999999999999636e+04 1.312419944359715697e-04
1.792999999999999636e+04 1.338702264967514121e-04
1.793999999999999636e+04 1.366214333238812448e-04
1.794999999999999636e+04 1.393931880611864137e-04
1.795999999999999636e+04 1.419803174167416735e-04
1.796999999999999636e+04 1.448871927774085489e-04
1.797999999999999636e+04 1.472193014925832601e-04
1.798999999999999636e+04 1.496905961758356529e-04
1.799999999999999636e+04 1.517138121783239053e-04
1.800999999999999636e+04 1.535129683543865213e-04
1.801999999999999636e+04 1.548217007814629701e-04
1.802999999999999636e+04 1.560906836450448489e-04
1.803999999999999636e+04 1.563521945567687092e-04
1.804999999999999636e+04 1.560972930957283040e-04
1.805999999999999636e+04 1.555210094588316033e-04
1.806999999999999636e+04 1.544743341440196218e-04
1.807999999999999636e+04 1.530979175155922176e-04
1.808999999999999636e+04 1.510317907063087625e-04
1.809999999999999636e+04 1.487286422802503501e-04
1.810999999999999636e+04 1.460420802999579896e-04
1.811999999999999636e+04 1.433406466652497973e-04
1.812999999999999636e+04 1.403341719874713720e-04
1.813999999999999636e+04 1.372642045699483350e-04
1.814999999999999636e+04 1.342508465117954583e-04
1.815999999999999636e+04 1.310872023904477717e-04
1.816999999999999636e+04 1.281829870325839347e-04
1.817999999999999636e+04 1.255721776568434836e-04
1.818999999999999636e+04 1.227975115633568712e-04
1.819999999999999636e+04 1.203126097221780702e-04
1.820999999999999636e+04 1.181375225990696884e-04
1.821999999999999636e+04 1.161393187327279487e-04
1.822999999999999636e+04 1.146700045290169844e-04
1.823999999999999636e+04 1.131219198562780244e-04
1.824999999999999636e+04 1.118443664583446487e-04
1.825999999999999636e+04 1.109057536518080848e-04
1.826999999999999636e+04 1.102096228027026271e-04
1.827999999999999636e+04 1.097655693937112749e-04
1.828999999999999636e+04 1.096326224845382499e-04
1.829999999999999636e+04 1.098084005211675857e-04
1.830999999999999636e+04 1.102657906064473365e-04
1.831999999999999636e+04 1.109553724939997267e-04
1.832999999999999636e+04 1.120844039420599425e-04
1.833999999999999636e+04 1.133085545568648049e-04
1.834999999999999636e+04 1.149401278218183906e-04
1.835999999999999636e+04 1.168311985235994218e-04
1.836999999999999636e+04 1.188451181574771206e-04
1.837999999999999636e+04 1.212424942596333050e-04
1.838999999999999636e+04 1.238491762213242756e-04
1.839999999999999636e+04 1.268575264901775676e-04
1.840999999999999636e+04 1.302115528992709402e-04
1.841999999999999636e+04 1.335625785529359665e-04
1.842999999999999636e+04 1.370729081183248059e-04
1.843999999999999636e+04 1.408920968637733420e-04
1.844999999999999636e+04 1.446543065114998304e-04
1.845999999999999636e+04 1.484669271036588556e-04
1.846999999999999636e+04 1.523467391369012693e-04
1.847999999999999636e+04 1.561770973862933306e-04
1.848999999999999636e+04 1.595465694983903609e-04
1.849999999999999636e+04 1.627913294725404981e-04
1.850999999999999636e+04 1.655415637018657095e-04
1.851999999999999636e+04 1.677130999326563324e-04
1.852999999999999636e+04 1.690854457319671217e-04
1.853999999999999636e+04 1.700556204066837199e-04
1.854999999999999636e+04 1.706001378026875278e-04
1.855999999999999636e+04 1.703284142852876614e-04
1.856999999999999636e+04 1.692399823519391978e-04
1.857999999999999636e+04 1.675565612741824247e-04
1.858999999999999636e+04 1.652630833385276951e-04
1.859999999999999636e+04 1.625043493153716058e-04
1.860999999999999636e+04 1.593471821120869436e-04
1.861999999999999636e+04 1.560497730866921120e-04
1.862999999999999636e+04 1.527066944753194668e-04
1.863999999999999636e+04 1.488795957287982505e-04
1.864999999999999636e+04 1.450040430670797515e-04
1.865999999999999636e+04 1.413144772942181147e-04
1.866999999999999636e+04 1.376123877132904108e-04
1.867999999999999636e+04 1.340586134975517202e-04
1.868999999999999636e+04 1.307047110604594151e-04
1.869999999999999636e+04 1.277167240440092049e-04
1.870999999999999636e+04 1.246978247908310132e-04
1.871999999999999636e+04 1.219419953446628413e-04
1.872999999999999636e+04 1.193180477010483370e-04
1.873999999999999636e+04 1.174020247090528225e-04
1.874999999999999636e+04 1.158105789159312563e-04
1.875999999999999636e+04 1.142848563375840193e-04
1.876999999999999636e+04 1.129489909342307658e-04
1.877999999999999636e+04 1.120807645244286662e-04
1.878999999999999636e+04 1.115118206474126654e-04
1.879999999999999636e+04 1.111453153059461819e-04
1.880999999999999636e+04 1.109478497009610881e-04
1.881999999999999636e+04 1.109544885782971590e-04
1.882999999999999636e+04 1.114619276649888750e-04
1.883999999999999636e+04 1.122857915289861535e-04
1.884999999999999636e+04 1.133768326605728632e-04
1.885999999999999636e+04 1.146392764020088227e-04
1.886999999999999636e+04 1.162411252492803081e-04
1.887999999999999636e+04 1.181551256408624833e-04
1.888999999999999636e+04 1.201923926245609459e-04
1.889999999999999636e+04 1.225359843146497582e-04
1.890999999999999636e+04 1.251715309367340697e-04
1.891999999999999636e+04 1.281065942431615238e-04
1.892999999999999636e+04 1.311648858444341222e-04
1.893999999999999636e+04 1.346306544654160282e-04
1.894999999999999636e+04 1.377878644902987644e-04
1.895999999999999636e+04 1.415254822560264652e-04
1.896999999999999636e+04 1.449944703449853863e-04
1.897999999999999636e+04 1.485372717465667275e-04
1.898999999999999636e+04 1.517699127409687196e-04
1.899999999999999636e+04 1.554515343611878933e-04
1.900999999999999636e+04 1.583695372258566293e-04
1.901999999999999636e+04 1.610898689086077192e-04
1.902999999999999636e+04 1.638572743384331554e-04
1.903999999999999636e+04 1.652768088551195282e-04
1.904999999999999636e+04 1.668467528567151286e-04
1.905999999999999636e+04 1.678450734570935876e-04
1.906999999999999636e+04 1.680318348854087905e-04
1.907999999999999636e+04 1.671526038787741900e-04
1.908999999999999636e+04 1.662074038909459189e-04
1.909999999999999636e+04 1.648152622579046156e-04
1.910999999999999636e+04 1.624540809817554812e-04
1.911999999999999636e+04 1.596400497283506246e-04
1.912999999999999636e+04 1.565660795430129013e-04
1.913999999999999636e+04 1.534069649797980010e-04
1.914999999999999636e+04 1.497755321427342778e-04
1.915999999999999636e+04 1.458247908132599745e-04
1.916999999999999636e+04 1.422139454475664295e-04
1.917999999999999636e+04 1.387902387602636938e-04
1.918999999999999636e+04 1.347242550416508230e-04
1.919999999999999636e+04 1.310623689972294323e-04
1.920999999999999636e+04 1.281204052721467471e-04
1.921999999999999636e+04 1.247264597274803932e-04
1.922999999999999636e+04 1.215994082585100731e-04
1.923999999999999636e+04 1.187566542566232563e-04
1.924999999999999636e+04 1.164091485541114929e-04
1.925999999999999636e+04 1.141212147107655115e-04
1.926999999999999636e+04 1.122929455361054685e-04
1.927999999999999636e+04 1.103941994752245332e-04
1.928999999999999636e+04 1.091534145906765309e-04
1.929999999999999636e+04 1.079272907518017701e-04
1.930999999999999636e+04 1.069745138831070295e-04
1.931999999999999636e+04 1.063194413141893579e-04
1.932999999999999636e+04 1.057485512126461969e-04
1.933999999999999636e+04 1.056821323610924052e-04
1.934999999999999636e+04 1.058950666422170151e-04
1.935999999999999636e+04 1.061537572529799785e-04
1.936999999999999636e+04 1.065588010314326640e-04
1.937999999999999636e+04 1.076377576494535104e-04
1.938999999999999636e+04 1.089893776417350045e-04
1.939999999999999636e+04 1.103766279446957818e-04
1.940999999999999636e+04 1.119835994305177704e-04
1.941999999999999636e+04 1.140283469767173233e-04
1.942999999999999636e+04 1.163433155597028466e-04
1.943999999999999636e+04 1.186354452351079966e-04
1.944999999999999636e+04 1.214618863271139243e-04
1.945999999999999636e+04 1.243771044913631043e-04
1.946999999999999636e+04 1.277178711187921829e-04
1.947999999999999636e+04 1.314680477773400903e-04
1.948999999999999636e+04 1.352443497405633819e-04
1.949999999999999636e+04 1.389802557372649973e-04
1.950999999999999636e+04 1.430954346686664417e-04
1.951999999999999636e+04 1.472834270147933497e-04
1.952999999999999636e+04 1.515480565027703375e-04
1.953999999999999636e+04 1.556795197413488746e-04
1.954999999999999636e+04 1.597948920742881863e-04
1.955999999999999636e+04 1.638481901812711701e-04
1.956999999999999636e+04 1.678126275305125647e-04
1.957999999999999636e+04 1.711763319572654569e-04
1.958999999999999636e+04 1.737004518708054970e-04
1.959999999999999636e+04 1.758675106466217641e-04
1.960999999999999636e+04 1.775654657249681103e-04
1.961999999999999636e+04 1.778575841988309545e-04
1.962999999999999636e+04 1.783146586195602306e-04
1.963999999999999636e+04 1.778295480674484206e-04
1.964999999999999636e+04 1.769208072059383558e-04
1.965999999999999636e+04 1.745320323416057681e-04
1.966999999999999636e+04 1.719574926693294935e-04
1.967999999999999636e+04 1.688935988072427883e-04
1.968999999999999636e+04 1.652865362635024655e-04
1.969999999999999636e+04 1.617066545608032777e-04
1.970999999999999636e+04 1.577867919232120214e-04
1.971999999999999636e+04 1.536336386900660018e-04
1.972999999999999636e+04 1.498010079693540427e-04
1.973999999999999636e+04 1.456106092540382618e-04
1.974999999999999636e+04 1.415079399280477464e-04
1.975999999999999636e+04 1.376931822780109744e-04
1.976999999999999636e+04 1.340236156748781998e-04
1.977999999999999636e+04 1.304169698910112877e-04
1.978999999999999636e+04 1.271403891005126665e-04
1.979999999999999636e+04 1.238206344694913667e-04
1.980999999999999636e+04 1.210723911052698833e-04
1.981999999999999636e+04 1.188963747670616846e-04
1.982999999999999636e+04 1.166188062562904912e-04
1.983999999999999636e+04 1.144965020742811263e-04
1.984999999999999636e+04 1.126288201361102083e-04
1.985999999999999636e+04 1.112738019472784033e-04
1.986999999999999636e+04 1.100841755520212689e-04
1.987999999999999636e+04 1.088153406962909703e-04
1.988999999999999636e+04 1.080404437701370948e-04
1.989999999999999636e+04 1.077859448827380638e-04
1.990999999999999636e+04 1.074974710827165952e-04
1.991999999999999636e+04 1.073136831501177001e-04
1.992999999999999636e+04 1.076959196049844788e-04
1.993999999999999636e+04 1.081534220576237332e-04
1.994999999999999636e+04 1.086224577822913676e-04
1.995999999999999636e+04 1.093887069077021241e-04
1.996999999999999636e+04 1.106745428591679280e-04
1.997999999999999636e+04 1.121206406714897545e-04
1.998999999999999636e+04 1.136800043920555898e-04
1.999999999999999636e+04 1.153985006716959241e-04
2.000999999999999636e+04 1.173241671197715162e-04
2.001999999999999636e+04 1.195379044433280156e-04
2.002999999999999636e+04 1.218254533490704624e-04
2.003999999999999636e+04 1.246833398366395949e-04
2.004999999999999636e+04 1.274116257555415576e-04
2.005999999999999636e+04 1.303753769151655667e-04
2.006999999999999636e+04 1.337016599463352500e-04
2.007999999999999636e+04 1.367207522909624946e-04
2.008999999999999636e+04 1.395071672065808610e-04
2.009999999999999636e+04 1.428064806231645729e-04
2.010999999999999636e+04 1.458283876193123261e-04
2.011999999999999636e+04 1.486197899921928454e-04
2.012999999999999636e+04 1.516045431479201479e-04
2.013999999999999636e+04 1.544050502641300805e-04
2.014999999999999636e+04 1.566574577437621530e-04
2.015999999999999636e+04 1.586766016753753583e-04
2.016999999999999636e+04 1.602157988644699468e-04
2.017999999999999636e+04 1.610504932145153561e-04
2.018999999999999636e+04 1.616110158548379316e-04
2.019999999999999636e+04 1.615073228586090125e-04
2.020999999999999636e+04 1.610625644231546551e-04
2.021999999999999636e+04 1.604945177665656638e-04
2.022999999999999636e+04 1.588869848213801900e-04
2.023999999999999636e+04 1.569336537986831305e-04
2.024999999999999636e+04 1.546810836737733054e-04
2.025999999999999636e+04 1.520520645485397857e-04
2.026999999999999636e+04 1.493771830838280085e-04
2.027999999999999636e+04 1.464279529420031657e-04
2.028999999999999636e+04 1.433656348712366712e-04
2.029999999999999636e+04 1.402722721955799469e-04
2.030999999999999636e+04 1.369440513712821285e-04
2.031999999999999636e+04 1.334529438532943725e-04
2.032999999999999636e+04 1.303307060136621996e-04
2.033999999999999636e+04 1.272455759986357835e-04
2.034999999999999636e+04 1.244625711248741073e-04
2.035999999999999636e+04 1.218352112877438129e-04
2.036999999999999636e+04 1.191278217670340859e-04
2.037999999999999636e+04 1.168820453583440576e-04
2.038999999999999636e+04 1.146141800141546352e-04
2.039999999999999636e+04 1.125575432088234899e-04
2.040999999999999636e+04 1.106944744934148768e-04
2.041999999999999636e+04 1.090248029240520935e-04
2.042999999999999636e+04 1.075917593019299457e-04
2.043999999999999636e+04 1.061178917353805247e-04
2.044999999999999636e+04 1.052698997322688975e-04
2.045999999999999636e+04 1.044047583907453300e-04
2.046999999999999636e+04 1.037202405918013131e-04
2.047999999999999636e+04 1.034350752645944987e-04
2.048999999999999636e+04 1.033690732463166784e-04
2.049999999999999636e+04 1.032461430191316604e-04
2.050999999999999636e+04 1.037429224562981252e-04
2.051999999999999636e+04 1.041229051172021253e-04
2.052999999999999636e+04 1.046610255688310351e-04
2.053999999999999636e+04 1.057001095011318297e-04
2.054999999999999636e+04 1.069110614538118812e-04
2.055999999999999636e+04 1.081228040446302255e-04
2.056999999999999636e+04 1.096431711630144873e-04
2.057999999999999636e+04 1.113295383153135127e-04
2.058999999999999636e+04 1.132279751124183338e-04
2.059999999999999636e+04 1.153937400822478162e-04
2.060999999999999636e+04 1.178575318233983284e-04
2.061999999999999636e+04 1.201442158134791957e-04
2.062999999999999636e+04 1.230717339946580096e-04
2.063999999999999636e+04 1.257630616704132781e-04
2.064999999999999636e+04 1.288461060531756605e-04
2.065999999999999636e+04 1.319913041761156685e-04
2.066999999999999636e+04 1.355333679283008005e-04
2.067999999999999636e+04 1.385655148883037585e-04
2.068999999999999636e+04 1.413506567924321207e-04
2.069999999999999636e+04 1.443200288640075117e-04
2.070999999999999636e+04 1.475777355938640868e-04
2.071999999999999636e+04 1.505416655862756230e-04
2.072999999999999636e+04 1.523434564107981135e-04
2.073999999999999636e+04 1.541422389027212979e-04
2.074999999999999636e+04 1.562335570638387762e-04
2.075999999999999636e+04 1.571542523538088632e-04
2.076999999999999636e+04 1.573794335640035184e-04
2.077999999999999636e+04 1.576482469066078766e-04
2.078999999999999636e+04 1.567582638789069040e-04
2.079999999999999636e+04 1.556675996847827468e-04
2.080999999999999636e+04 1.540210208931615580e-04
2.081999999999999636e+04 1.511475339886517394e-04
2.082999999999999636e+04 1.486619077466659394e-04
2.083999999999999636e+04 1.452907410010087757e-04
2.084999999999999636e+04 1.420146717896466292e-04
2.085999999999999636e+04 1.377814895099243903e-04
2.086999999999999636e+04 1.334300381280046613e-04
2.087999999999999636e+04 1.296461160392091644e-04
2.088999999999999636e+04 1.254769383482488094e-04
2.089999999999999636e+04 1.211568621104701333e-04
2.090999999999999636e+04 1.166586056646987395e-04
2.091999999999999636e+04 1.126881656104932171e-04
2.092999999999999636e+04 1.089434585597069200e-04
2.093999999999999636e+04 1.051177645683266221e-04
2.094999999999999636e+04 1.015976107320764666e-04
2.095999999999999636e+04 9.807877316183900027e-05
2.096999999999999636e+04 9.486101847335046567e-05
2.097999999999999636e+04 9.167755022234589908e-05
2.098999999999999636e+04 8.993398449982197820e-05
2.099999999999999636e+04 0.000000000000000000e+00
