2.999999999999999545e+03 2.121735572468200066e-08
3.009999999999999545e+03 1.432772073098399831e-08
3.019999999999999545e+03 2.669994673902900305e-12
3.029999999999999545e+03 5.903636770071000199e-09
3.039999999999999545e+03 8.126244427087999098e-09
3.049999999999999545e+03 3.123950139312800221e-09
3.059999999999999545e+03 3.087283201282799449e-09
3.069999999999999545e+03 1.328495094419000131e-12
3.079999999999999545e+03 2.829806435784700042e-09
3.089999999999999545e+03 1.576651342105199994e-09
3.099999999999999545e+03 1.003888464370200006e-09
3.109999999999999545e+03 1.794583277518000061e-09
3.119999999999999545e+03 1.247788384119099881e-10
3.129999999999999545e+03 4.705712937261599912e-10
3.139999999999999545e+03 8.476038804227999961e-10
3.149999999999999545e+03 1.521129456728999867e-12
3.159999999999999545e+03 5.783640073101999673e-10
3.169999999999999545e+03 1.351718156004600010e-09
3.179999999999999545e+03 1.004170973059899942e-09
3.189999999999999545e+03 2.261011460492999771e-09
3.199999999999999545e+03 4.661167784724300186e-09
3.209999999999999545e+03 9.030844673405999439e-09
3.219999999999999545e+03 2.727390855073500262e-08
3.229999999999999545e+03 8.592646821848000068e-08
3.239999999999999545e+03 1.213435246764000060e-06
3.249999999999999545e+03 1.440542481548800118e-06
3.259999999999999545e+03 2.792935981459200225e-06
3.269999999999999545e+03 1.143851401853600041e-05
3.279999999999999545e+03 1.967990311026200157e-05
3.289999999999999545e+03 7.168641350272999282e-06
3.299999999999999545e+03 1.902165775148999933e-05
3.309999999999999545e+03 2.741087322866200059e-05
3.319999999999999545e+03 2.706306580159799770e-05
3.329999999999999545e+03 2.015359572561400243e-05
3.339999999999999545e+03 1.613281415830400081e-05
3.349999999999999545e+03 1.353794598679200054e-05
3.359999999999999545e+03 4.252920452888399966e-06
3.369999999999999545e+03 5.935800987905999431e-06
3.379999999999999545e+03 5.247471947476800073e-06
3.389999999999999545e+03 4.742562971080500061e-06
3.399999999999999545e+03 1.260032861652000022e-05
3.409999999999999545e+03 1.483560065415000015e-05
3.419999999999999545e+03 2.435066460854999967e-05
3.429999999999999545e+03 1.251229421897500060e-05
3.439999999999999545e+03 1.516456501215999962e-05
3.449999999999999545e+03 8.256096171089999169e-06
3.459999999999999545e+03 3.409467733247100136e-06
3.469999999999999545e+03 1.144164192000799926e-06
3.479999999999999545e+03 3.964258338003800382e-06
3.489999999999999545e+03 1.200430764368399973e-05
3.499999999999999545e+03 1.396011966944999860e-05
3.509999999999999545e+03 2.103788903372799869e-05
3.519999999999999545e+03 2.392452853012799871e-05
3.529999999999999545e+03 2.034561285973999998e-05
3.539999999999999545e+03 1.185729667457099970e-05
3.549999999999999545e+03 1.877554449670800149e-05
3.559999999999999545e+03 3.808785190492200217e-05
3.569999999999999545e+03 4.692306817777700683e-05
3.579999999999999545e+03 6.820769462636800090e-05
3.589999999999999545e+03 5.052584168049600595e-05
3.599999999999999545e+03 3.144765481695800023e-05
3.609999999999999545e+03 3.155273222355800327e-05
3.619999999999999545e+03 5.239244962057999398e-05
3.629999999999999545e+03 3.582426493484999953e-05
3.639999999999999545e+03 6.489368189567999397e-05
3.649999999999999545e+03 8.249647959229401022e-05
3.659999999999999545e+03 1.087292641065680179e-04
3.669999999999999545e+03 1.417110651392639769e-04
3.679999999999999545e+03 8.991415955332200444e-05
3.689999999999999545e+03 8.932006334993400083e-05
3.699999999999999545e+03 1.001032904292240054e-04
3.709999999999999545e+03 1.014523884004949974e-04
3.719999999999999545e+03 1.111279523634699955e-04
3.729999999999999545e+03 1.476868247071740070e-04
3.739999999999999545e+03 1.368652704476039936e-04
3.749999999999999545e+03 1.463662866112399913e-04
3.759999999999999545e+03 1.677402012886599920e-04
3.769999999999999545e+03 1.924977777302300133e-04
3.779999999999999545e+03 1.657133375486379977e-04
3.789999999999999545e+03 1.932922675112640004e-04
3.799999999999999545e+03 1.559640224623449990e-04
3.809999999999999545e+03 1.036532451233400067e-04
3.819999999999999545e+03 1.521293984749280009e-04
3.829999999999999545e+03 2.043241270392069848e-04
3.839999999999999091e+03 1.876402104719660131e-04
3.849999999999999091e+03 1.940023085954490029e-04
3.859999999999999091e+03 2.429000017629420012e-04
3.869999999999999091e+03 2.828765749487999887e-04
3.879999999999999091e+03 3.100919120455859963e-04
3.889999999999999091e+03 3.550062147951620127e-04
3.899999999999999091e+03 3.672010103928960130e-04
3.909999999999999091e+03 3.201343195415899874e-04
3.919999999999999091e+03 1.301412508324319866e-04
3.929999999999999091e+03 4.476109049685000451e-05
3.939999999999999091e+03 1.889366337985080085e-05
3.949999999999999091e+03 1.017710871435200020e-05
3.959999999999999091e+03 6.867923613200999147e-06
3.969999999999999091e+03 6.244541443705200435e-06
3.979999999999999091e+03 7.652734099660001021e-06
3.989999999999999091e+03 6.273510225050600353e-06
3.999999999999999091e+03 9.083489525848799384e-06
4.009999999999999091e+03 1.095896699654519926e-05
4.019999999999999091e+03 9.832618627476798670e-06
4.029999999999999091e+03 4.821182983343999877e-06
4.039999999999999091e+03 3.322445096888799984e-06
4.049999999999999091e+03 4.655597684147200365e-06
4.059999999999999091e+03 4.041438684267600685e-06
4.069999999999999091e+03 2.923005533923200124e-06
4.079999999999999091e+03 2.653052999947000546e-06
4.089999999999999091e+03 3.738324380565599672e-06
4.099999999999999091e+03 7.143692330374599283e-06
4.109999999999999091e+03 9.654754214546000415e-06
4.119999999999999091e+03 8.376402741041998919e-06
4.129999999999999091e+03 6.930874236006000517e-06
4.139999999999999091e+03 7.254813115662000097e-06
4.149999999999999091e+03 6.801925468626599928e-06
4.159999999999999091e+03 4.887240486200799420e-06
4.169999999999999091e+03 3.290176102381999776e-06
4.179999999999999091e+03 2.686962336789120482e-06
4.189999999999999091e+03 3.009315596154349694e-06
4.199999999999999091e+03 7.708676185338300614e-06
4.209999999999999091e+03 1.683679006212299940e-05
4.219999999999999091e+03 2.026120841100719999e-05
4.229999999999999091e+03 1.948891503672879879e-05
4.239999999999999091e+03 1.443464230243850151e-05
4.249999999999999091e+03 1.360502164530850023e-05
4.259999999999999091e+03 2.359714838556600209e-05
4.269999999999999091e+03 3.312647479511279992e-05
4.279999999999999091e+03 3.076212893006219796e-05
4.289999999999999091e+03 3.241379632758419895e-05
4.299999999999999091e+03 4.112778169512100088e-05
4.309999999999999091e+03 5.965273343168699669e-05
4.319999999999999091e+03 6.369357876251999370e-05
4.329999999999999091e+03 5.204788366921200062e-05
4.339999999999999091e+03 4.162457838204599908e-05
4.349999999999999091e+03 5.468466928697500337e-05
4.359999999999999091e+03 5.718542306914499961e-05
4.369999999999999091e+03 3.729774142467530196e-05
4.379999999999999091e+03 2.351084295792010069e-05
4.389999999999999091e+03 4.598973851695999820e-05
4.399999999999999091e+03 8.708551735922400794e-05
4.409999999999999091e+03 1.123200378566230101e-04
4.419999999999999091e+03 1.102728759393289818e-04
4.429999999999999091e+03 7.797272639199599666e-05
4.439999999999999091e+03 6.050995200264801173e-05
4.449999999999999091e+03 7.273774620237699357e-05
4.459999999999999091e+03 1.150231763285279910e-04
4.469999999999999091e+03 1.902808340437900066e-04
4.479999999999999091e+03 2.485913274109619953e-04
4.489999999999999091e+03 3.379464992342599903e-04
4.499999999999999091e+03 4.001507567893080285e-04
4.509999999999999091e+03 4.298549107879390133e-04
4.519999999999999091e+03 3.951746308094239912e-04
4.529999999999999091e+03 2.724362280509069669e-04
4.539999999999999091e+03 1.634324196480699861e-04
4.549999999999999091e+03 1.261780427285760049e-04
4.559999999999999091e+03 1.246343866273099874e-04
4.569999999999999091e+03 1.442098143736299882e-04
4.579999999999999091e+03 1.882042720624170040e-04
4.589999999999999091e+03 2.307133198422320027e-04
4.599999999999999091e+03 2.242518139558779774e-04
4.609999999999999091e+03 1.549522087912659908e-04
4.619999999999999091e+03 1.082939929935049965e-04
4.629999999999999091e+03 1.258862743320240236e-04
4.639999999999999091e+03 1.562129579487569954e-04
4.649999999999999091e+03 1.530689011716149977e-04
4.659999999999999091e+03 1.391383238455200027e-04
4.669999999999999091e+03 1.283632315926509988e-04
4.679999999999999091e+03 1.275444303255960092e-04
4.689999999999999091e+03 1.567559953345770056e-04
4.699999999999999091e+03 2.268973523527199920e-04
4.709999999999999091e+03 2.734410015493519822e-04
4.719999999999999091e+03 2.950484961426840230e-04
4.729999999999999091e+03 3.317040717461680285e-04
4.739999999999999091e+03 3.961079046384699629e-04
4.749999999999999091e+03 5.245482895950690687e-04
4.759999999999999091e+03 7.134783304182520328e-04
4.769999999999999091e+03 8.718428976798199689e-04
4.779999999999999091e+03 8.601524548064100762e-04
4.789999999999999091e+03 6.358175394116989025e-04
4.799999999999999091e+03 3.719955460907999859e-04
4.809999999999999091e+03 2.012916232910840094e-04
4.819999999999999091e+03 1.178308627018360093e-04
4.829999999999999091e+03 1.089963324078720050e-04
4.839999999999999091e+03 1.263900917224559798e-04
4.849999999999999091e+03 1.907011807143999763e-04
4.859999999999999091e+03 3.258652298874900100e-04
4.869999999999999091e+03 5.118481452401729389e-04
4.879999999999999091e+03 7.411884271184699790e-04
4.889999999999999091e+03 9.351552166841190124e-04
4.899999999999999091e+03 1.030784225346749157e-03
4.909999999999999091e+03 9.983652826072639524e-04
4.919999999999999091e+03 9.141905560290549933e-04
4.929999999999999091e+03 9.395801016825961263e-04
4.939999999999999091e+03 1.132949963017079991e-03
4.949999999999999091e+03 1.582645841821239165e-03
4.959999999999999091e+03 2.497324313231118111e-03
4.969999999999999091e+03 3.742687325776605095e-03
4.979999999999999091e+03 4.617281234001246321e-03
4.989999999999999091e+03 4.579469776397329314e-03
4.999999999999999091e+03 3.644348241801364033e-03
5.009999999999999091e+03 2.521876037066091234e-03
5.019999999999999091e+03 1.789164589042214950e-03
5.029999999999999091e+03 1.603711481717888954e-03
5.039999999999999091e+03 2.010667913802074210e-03
5.049999999999999091e+03 2.576701908010376775e-03
5.059999999999999091e+03 2.854835972626344059e-03
5.069999999999999091e+03 2.465958967394999909e-03
5.079999999999999091e+03 1.685065198151339868e-03
5.089999999999999091e+03 9.708344116221120012e-04
5.099999999999999091e+03 5.450330425487999843e-04
5.109999999999999091e+03 5.116110480377280157e-04
5.119999999999999091e+03 7.548393497097320801e-04
5.129999999999999091e+03 1.170585372118019803e-03
5.139999999999999091e+03 1.980435307836396139e-03
5.149999999999999091e+03 3.591906561593007086e-03
5.159999999999999091e+03 5.837411665389485513e-03
5.169999999999999091e+03 8.729058193904999305e-03
5.179999999999999091e+03 1.179942526322723916e-02
5.189999999999999091e+03 1.455868475797750944e-02
5.199999999999999091e+03 1.688679907302531244e-02
5.209999999999999091e+03 1.894452812148601784e-02
5.219999999999999091e+03 2.130787335722051853e-02
5.229999999999999091e+03 2.317852036686412695e-02
5.239999999999999091e+03 2.335417346353839407e-02
5.249999999999999091e+03 2.148024516299609082e-02
5.259999999999999091e+03 1.777744355659478803e-02
5.269999999999999091e+03 1.368103631389210040e-02
5.279999999999999091e+03 1.094019512443491181e-02
5.289999999999999091e+03 9.710883601159200559e-03
5.299999999999999091e+03 9.188704952054227784e-03
5.309999999999999091e+03 9.033088784975199306e-03
5.319999999999999091e+03 9.539166786384459251e-03
5.329999999999999091e+03 1.233276236274699969e-02
5.339999999999999091e+03 1.932129895706494183e-02
5.349999999999999091e+03 3.273705270505121445e-02
5.359999999999999091e+03 5.770647860419882841e-02
5.369999999999999091e+03 9.935333201454697727e-02
5.379999999999999091e+03 1.596184259835212171e-01
5.389999999999999091e+03 2.301469817815335051e-01
5.399999999999999091e+03 2.948030992910970483e-01
5.409999999999999091e+03 3.479709266439832693e-01
5.419999999999999091e+03 3.999875833625574639e-01
5.429999999999999091e+03 4.655242079404016131e-01
5.439999999999999091e+03 5.381958658765596537e-01
5.449999999999999091e+03 5.951594388575213168e-01
5.459999999999999091e+03 6.295434993492717846e-01
5.469999999999999091e+03 6.470114868757315119e-01
5.479999999999999091e+03 6.558395858337315865e-01
5.489999999999999091e+03 6.622423529676232379e-01
5.499999999999999091e+03 6.660705681904444120e-01
5.509999999999999091e+03 6.677890656494748223e-01
5.519999999999999091e+03 6.691982864876653281e-01
5.529999999999999091e+03 6.726061929172640896e-01
5.539999999999999091e+03 6.751010092825091569e-01
5.549999999999999091e+03 6.785722210876813376e-01
5.559999999999999091e+03 6.813278847571435648e-01
5.569999999999999091e+03 6.807097008193327969e-01
5.579999999999999091e+03 6.816393713934795207e-01
5.589999999999999091e+03 6.839108948541856581e-01
5.599999999999999091e+03 6.880956563502867995e-01
5.609999999999999091e+03 6.895951065520855572e-01
5.619999999999999091e+03 6.927210530655107945e-01
5.629999999999999091e+03 6.967615549989093493e-01
5.639999999999999091e+03 6.949848212005185211e-01
5.649999999999999091e+03 6.976303497942489829e-01
5.659999999999999091e+03 6.973676080183881520e-01
5.669999999999999091e+03 6.992609652443914081e-01
5.679999999999999091e+03 7.006595915574641564e-01
5.689999999999999091e+03 6.993078714463402124e-01
5.699999999999999091e+03 7.026546179420097848e-01
5.709999999999999091e+03 7.042293658579643623e-01
5.719999999999999091e+03 7.046372866820765912e-01
5.729999999999999091e+03 7.072258035735625725e-01
5.739999999999999091e+03 7.102556803728188317e-01
5.749999999999999091e+03 7.133109936411052843e-01
5.759999999999999091e+03 7.136913349822361363e-01
5.769999999999999091e+03 7.140746886369436774e-01
5.779999999999999091e+03 7.164478929511478578e-01
5.789999999999999091e+03 7.172055700714285997e-01
5.799999999999999091e+03 7.191899050789124503e-01
5.809999999999999091e+03 7.201393680751940751e-01
5.819999999999999091e+03 7.203968387196674206e-01
5.829999999999999091e+03 7.201581622203943045e-01
5.839999999999999091e+03 7.212511266414364242e-01
5.849999999999999091e+03 7.235208681029057232e-01
5.859999999999999091e+03 7.227339464477181563e-01
5.869999999999999091e+03 7.249694409751822333e-01
5.879999999999999091e+03 7.277172269275623551e-01
5.889999999999999091e+03 7.263746277773208693e-01
5.899999999999999091e+03 7.297192073119698197e-01
5.909999999999999091e+03 7.304464421965182197e-01
5.919999999999999091e+03 7.287424915938847114e-01
5.929999999999999091e+03 7.288631959375179159e-01
5.939999999999999091e+03 7.319430761040952582e-01
5.949999999999999091e+03 7.337008087633497544e-01
5.959999999999999091e+03 7.313310522622650245e-01
5.969999999999999091e+03 7.323860252510855373e-01
5.979999999999999091e+03 7.347626763590777710e-01
5.989999999999999091e+03 7.348634526312213255e-01
5.999999999999999091e+03 7.362384748793827649e-01
6.009999999999999091e+03 7.360725964729120108e-01
6.019999999999999091e+03 7.353387651524702084e-01
6.029999999999999091e+03 7.367965222443986217e-01
6.039999999999999091e+03 7.401559443713868758e-01
6.049999999999999091e+03 7.390528122914669096e-01
6.059999999999999091e+03 7.404784860519553202e-01
6.069999999999999091e+03 7.408621306795301065e-01
6.079999999999999091e+03 7.425503305674218124e-01
6.089999999999999091e+03 7.411847582738744222e-01
6.099999999999999091e+03 7.430771517522304359e-01
6.109999999999999091e+03 7.441708938290012565e-01
6.119999999999999091e+03 7.413747047226804110e-01
6.129999999999999091e+03 7.418514146631881578e-01
6.139999999999999091e+03 7.434389720645697697e-01
6.149999999999999091e+03 7.467511398995873018e-01
6.159999999999999091e+03 7.439476949503924796e-01
6.169999999999999091e+03 7.419678410272755320e-01
6.179999999999999091e+03 7.442730097313000615e-01
6.189999999999999091e+03 7.456019907270171609e-01
6.199999999999999091e+03 7.474110346949892625e-01
6.209999999999999091e+03 7.479611226819055103e-01
6.219999999999999091e+03 7.454759957033821882e-01
6.229999999999999091e+03 7.440534029724831244e-01
6.239999999999999091e+03 7.456630404804539536e-01
6.249999999999999091e+03 7.457094189313555610e-01
6.259999999999999091e+03 7.482059488027320571e-01
6.269999999999999091e+03 7.486111674726871890e-01
6.279999999999999091e+03 7.482405758485520808e-01
6.289999999999999091e+03 7.480251953059419145e-01
6.299999999999999091e+03 7.492998813641374989e-01
6.309999999999999091e+03 7.493240851718798723e-01
6.319999999999999091e+03 7.491177838388660692e-01
6.329999999999999091e+03 7.484697009578585858e-01
6.339999999999999091e+03 7.492178979073573775e-01
6.349999999999999091e+03 7.481666756897850101e-01
6.359999999999999091e+03 7.504420813848771132e-01
6.369999999999999091e+03 7.480312964010997767e-01
6.379999999999999091e+03 7.494147473577020824e-01
6.389999999999999091e+03 7.478496324303829379e-01
6.399999999999999091e+03 7.475582763722345980e-01
6.409999999999999091e+03 7.472523711747123265e-01
6.419999999999999091e+03 7.500208701711201797e-01
6.429999999999999091e+03 7.473297478907188207e-01
6.439999999999999091e+03 7.462795860551146854e-01
6.449999999999999091e+03 7.492791799348593740e-01
6.459999999999999091e+03 7.488007566822596495e-01
6.469999999999999091e+03 7.487446971501056092e-01
6.479999999999999091e+03 7.466518953632462763e-01
6.489999999999999091e+03 7.454923907622441615e-01
6.499999999999999091e+03 7.471613975799376028e-01
6.509999999999999091e+03 7.460021457904258968e-01
6.519999999999999091e+03 7.470313623355284705e-01
6.529999999999999091e+03 7.501400322417458577e-01
6.539999999999999091e+03 7.467831492050683861e-01
6.549999999999999091e+03 7.465471512210413163e-01
6.559999999999999091e+03 7.441481175964630435e-01
6.569999999999999091e+03 7.439428628690453182e-01
6.579999999999999091e+03 7.453316672798673270e-01
6.589999999999999091e+03 7.478113599349567320e-01
6.599999999999999091e+03 7.435852659483302984e-01
6.609999999999999091e+03 7.448877891438825394e-01
6.619999999999999091e+03 7.422882705534411540e-01
6.629999999999999091e+03 7.445140240562745371e-01
6.639999999999999091e+03 7.413824178170135282e-01
6.649999999999999091e+03 7.408259316644946191e-01
6.659999999999999091e+03 7.425833240585173467e-01
6.669999999999999091e+03 7.399023748671670342e-01
6.679999999999999091e+03 7.402310065772179648e-01
6.689999999999999091e+03 7.416344795969758152e-01
6.699999999999999091e+03 7.367194496141269422e-01
6.709999999999999091e+03 7.352873182291335130e-01
6.719999999999999091e+03 7.351901079944451745e-01
6.729999999999999091e+03 7.330767944520301116e-01
6.739999999999999091e+03 7.305254032135481967e-01
6.749999999999999091e+03 7.340149470224707207e-01
6.759999999999999091e+03 7.291550098343498876e-01
6.769999999999999091e+03 7.317235648688372729e-01
6.779999999999999091e+03 7.324338673607539985e-01
6.789999999999999091e+03 7.300731945412383128e-01
6.799999999999999091e+03 7.334160563242411168e-01
6.809999999999999091e+03 7.320636578877062206e-01
6.819999999999999091e+03 7.316681942192250210e-01
6.829999999999999091e+03 7.308872209848218393e-01
6.839999999999999091e+03 7.294744647964698236e-01
6.849999999999999091e+03 7.306534828864590381e-01
6.859999999999999091e+03 7.298845640053882589e-01
6.869999999999999091e+03 7.364904615941038069e-01
6.879999999999999091e+03 7.330057858871933396e-01
6.889999999999999091e+03 7.319296721697913233e-01
6.899999999999999091e+03 7.332915238299132499e-01
6.909999999999999091e+03 7.338796526118545049e-01
6.919999999999999091e+03 7.329901619162590976e-01
6.929999999999999091e+03 7.309664709431525909e-01
6.939999999999999091e+03 7.306275940220960941e-01
6.949999999999999091e+03 7.351687523060118634e-01
6.959999999999999091e+03 7.310703745800973818e-01
6.969999999999999091e+03 7.261059773097455761e-01
6.979999999999999091e+03 7.241004053453587996e-01
6.989999999999999091e+03 7.245442426818676784e-01
6.999999999999999091e+03 7.226137730853986474e-01
7.009999999999999091e+03 7.275011649601836883e-01
7.019999999999999091e+03 7.237393299447086870e-01
7.029999999999999091e+03 7.234616915874299004e-01
7.039999999999999091e+03 7.258849544205687732e-01
7.049999999999999091e+03 7.258299360368425379e-01
7.059999999999999091e+03 7.242003903060301173e-01
7.069999999999999091e+03 7.242789971161088802e-01
7.079999999999999091e+03 7.200169145280410632e-01
7.089999999999999091e+03 7.223511867798618757e-01
7.099999999999999091e+03 7.200129571485412994e-01
7.109999999999999091e+03 7.177108843516382120e-01
7.119999999999999091e+03 7.149065021091659533e-01
7.129999999999999091e+03 7.189101128494339576e-01
7.139999999999999091e+03 7.161456920378457269e-01
7.149999999999999091e+03 7.119854793923253711e-01
7.159999999999999091e+03 7.141838463294490902e-01
7.169999999999999091e+03 7.142697142038294533e-01
7.179999999999999091e+03 7.116443337511495493e-01
7.189999999999999091e+03 7.116583540110021922e-01
7.199999999999999091e+03 7.135795938549609474e-01
7.209999999999999091e+03 7.073790224093072787e-01
7.219999999999999091e+03 7.141687901320566967e-01
7.229999999999999091e+03 7.098706176745199770e-01
7.239999999999999091e+03 7.115581329257999466e-01
7.249999999999999091e+03 7.067170138996796691e-01
7.259999999999999091e+03 7.131920218238947395e-01
7.269999999999999091e+03 7.111946951530629946e-01
7.279999999999999091e+03 7.088945447370507136e-01
7.289999999999999091e+03 7.086768973164825347e-01
7.299999999999999091e+03 7.093266057631855137e-01
7.309999999999999091e+03 7.123640603661639537e-01
7.319999999999999091e+03 7.068937657254149576e-01
7.329999999999999091e+03 7.067172871111219168e-01
7.339999999999999091e+03 7.072750732997513667e-01
7.349999999999999091e+03 7.111939404679904486e-01
7.359999999999999091e+03 7.075994010570781922e-01
7.369999999999999091e+03 7.055808073884614062e-01
7.379999999999999091e+03 7.050013427352752604e-01
7.389999999999999091e+03 7.070638414932499671e-01
7.399999999999999091e+03 7.068443888452198287e-01
7.409999999999999091e+03 7.012615024790668228e-01
7.419999999999999091e+03 6.990867134602073429e-01
7.429999999999999091e+03 7.018716618054823275e-01
7.439999999999999091e+03 6.952584130247636551e-01
7.449999999999999091e+03 6.951204183703475481e-01
7.459999999999999091e+03 6.954125788324846402e-01
7.469999999999999091e+03 6.951433638077765265e-01
7.479999999999999091e+03 7.000804672357121561e-01
7.489999999999999091e+03 6.944178449104971840e-01
7.499999999999999091e+03 6.933368171701851379e-01
7.509999999999999091e+03 6.920258354602656370e-01
7.519999999999999091e+03 6.929950239452364880e-01
7.529999999999999091e+03 6.878420382453664939e-01
7.539999999999999091e+03 6.909200267748094593e-01
7.549999999999999091e+03 6.896075107374010082e-01
7.559999999999999091e+03 6.863022394927960068e-01
7.569999999999999091e+03 6.864263560637640094e-01
7.579999999999999091e+03 6.884007603448765167e-01
7.589999999999999091e+03 6.836060163950825608e-01
7.599999999999999091e+03 6.825987067663450425e-01
7.609999999999999091e+03 6.801241893700292751e-01
7.619999999999999091e+03 6.824663316079974118e-01
7.629999999999999091e+03 6.826868820597375986e-01
7.639999999999999091e+03 6.820633051587651208e-01
7.649999999999999091e+03 6.795580998166111941e-01
7.659999999999999091e+03 6.780256185113309186e-01
7.669999999999999091e+03 6.808659456186326731e-01
7.679999999999998181e+03 6.789282931000071297e-01
7.689999999999998181e+03 6.741626183718143484e-01
7.699999999999998181e+03 6.747894890231063147e-01
7.709999999999998181e+03 6.735155796651421944e-01
7.719999999999998181e+03 6.727434100699521968e-01
7.729999999999998181e+03 6.702063235635122851e-01
7.739999999999998181e+03 6.742043300931268579e-01
7.749999999999998181e+03 6.671319772126087511e-01
7.759999999999998181e+03 6.655014126262689400e-01
7.769999999999998181e+03 6.666401150022656097e-01
7.779999999999998181e+03 6.698232161211161717e-01
7.789999999999998181e+03 6.629592635002166112e-01
7.799999999999998181e+03 6.622386532756344701e-01
7.809999999999998181e+03 6.636707403403399042e-01
7.819999999999998181e+03 6.661369631378495360e-01
7.829999999999998181e+03 6.622803835151771512e-01
7.839999999999998181e+03 6.561275752844514253e-01
7.849999999999998181e+03 6.574970878470792757e-01
7.859999999999998181e+03 6.585485675597858579e-01
7.869999999999998181e+03 6.593116909860736730e-01
7.879999999999998181e+03 6.580515034804397256e-01
7.889999999999998181e+03 6.614687176247159295e-01
7.899999999999998181e+03 6.573927451498214891e-01
7.909999999999998181e+03 6.516713467703030283e-01
7.919999999999998181e+03 6.484512448715247235e-01
7.929999999999998181e+03 6.497997503093637661e-01
7.939999999999998181e+03 6.480469422751818920e-01
7.949999999999998181e+03 6.508213034995036228e-01
7.959999999999998181e+03 6.517009660433347173e-01
7.969999999999998181e+03 6.461212750376007508e-01
7.979999999999998181e+03 6.410609614640822018e-01
7.989999999999998181e+03 6.442642843498911365e-01
7.999999999999998181e+03 6.362865712789584904e-01
8.009999999999998181e+03 6.304074372587008535e-01
8.019999999999998181e+03 6.316126237676952249e-01
8.029999999999998181e+03 6.303895363358313908e-01
8.039999999999998181e+03 6.321799299928583249e-01
8.049999999999998181e+03 6.326312982904933602e-01
8.059999999999998181e+03 6.291486918200406286e-01
8.069999999999998181e+03 6.312561360907726904e-01
8.079999999999998181e+03 6.286662150634979573e-01
8.089999999999998181e+03 6.222135862058933986e-01
8.099999999999998181e+03 6.208739550758792802e-01
8.109999999999998181e+03 6.156434156556194193e-01
8.119999999999998181e+03 6.174103697025747906e-01
8.129999999999998181e+03 6.185604420656727331e-01
8.139999999999998181e+03 6.162371321793678192e-01
8.149999999999998181e+03 6.110585045000412885e-01
8.159999999999998181e+03 6.135572293746535122e-01
8.169999999999998181e+03 6.124433510298503691e-01
8.179999999999998181e+03 6.158508298086867727e-01
8.189999999999998181e+03 6.080471931649864548e-01
8.199999999999998181e+03 6.049529914403104502e-01
8.209999999999998181e+03 6.062489393806256288e-01
8.219999999999998181e+03 6.048442792490067443e-01
8.229999999999998181e+03 5.990370429874218861e-01
8.239999999999998181e+03 5.976458915357439894e-01
8.249999999999998181e+03 5.932291133390683591e-01
8.259999999999998181e+03 5.964720339578858388e-01
8.269999999999998181e+03 5.953115905040330391e-01
8.279999999999998181e+03 5.926038711441713458e-01
8.289999999999998181e+03 5.906785473393096897e-01
8.299999999999998181e+03 5.903801993672652682e-01
8.309999999999998181e+03 5.862055710986654455e-01
8.319999999999998181e+03 5.821178507289130888e-01
8.329999999999998181e+03 5.821780910574296808e-01
8.339999999999998181e+03 5.817571488997029805e-01
8.349999999999998181e+03 5.820794733333639615e-01
8.359999999999998181e+03 5.800948044279392590e-01
8.369999999999998181e+03 5.716692246539827327e-01
8.379999999999998181e+03 5.696028521430989144e-01
8.389999999999998181e+03 5.729047999868456253e-01
8.399999999999998181e+03 5.693135248975509377e-01
8.409999999999998181e+03 5.666932599668679238e-01
8.419999999999998181e+03 5.639855101098448786e-01
8.429999999999998181e+03 5.575814080844451182e-01
8.439999999999998181e+03 5.626923166725521508e-01
8.449999999999998181e+03 5.612859165721219012e-01
8.459999999999998181e+03 5.533386253303205216e-01
8.469999999999998181e+03 5.493834222253916044e-01
8.479999999999998181e+03 5.450200358549250890e-01
8.489999999999998181e+03 5.423054334275252408e-01
8.499999999999998181e+03 5.433535882544933138e-01
8.509999999999998181e+03 5.429055061727506848e-01
8.519999999999998181e+03 5.412793762000842612e-01
8.529999999999998181e+03 5.428083671402528232e-01
8.539999999999998181e+03 5.444262409509390555e-01
8.549999999999998181e+03 5.320442043244130170e-01
8.559999999999998181e+03 5.275789575521223629e-01
8.569999999999998181e+03 5.289317089040018738e-01
8.579999999999998181e+03 5.237637362148869213e-01
8.589999999999998181e+03 5.213468290878371381e-01
8.599999999999998181e+03 5.282158437482157298e-01
8.609999999999998181e+03 5.272345032611441829e-01
8.619999999999998181e+03 5.254346369269997652e-01
8.629999999999998181e+03 5.207933851909448686e-01
8.639999999999998181e+03 5.184869850446148787e-01
8.649999999999998181e+03 5.023737987085458156e-01
8.659999999999998181e+03 5.060310844918172180e-01
8.669999999999998181e+03 5.039056024616860308e-01
8.679999999999998181e+03 4.899716512241155120e-01
8.689999999999998181e+03 4.975850454905574316e-01
8.699999999999998181e+03 4.945179851198764909e-01
8.709999999999998181e+03 4.923270621171563222e-01
8.719999999999998181e+03 4.839373047563684249e-01
8.729999999999998181e+03 4.910418711302141359e-01
8.739999999999998181e+03 4.810454540572414173e-01
8.749999999999998181e+03 4.717561846731500030e-01
8.759999999999998181e+03 4.719893631742155260e-01
8.769999999999998181e+03 4.713209189519314557e-01
8.779999999999998181e+03 4.733696494133923793e-01
8.789999999999998181e+03 4.658449494932319634e-01
8.799999999999998181e+03 4.550569931466306728e-01
8.809999999999998181e+03 4.512640065941854739e-01
8.819999999999998181e+03 4.546548442574652737e-01
8.829999999999998181e+03 4.432365353339731695e-01
8.839999999999998181e+03 4.418004700957338104e-01
8.849999999999998181e+03 4.412237938454784403e-01
8.859999999999998181e+03 4.360929327414904133e-01
8.869999999999998181e+03 4.352352330073021580e-01
8.879999999999998181e+03 4.311057406964114436e-01
8.889999999999998181e+03 4.300143804500775602e-01
8.899999999999998181e+03 4.285264580780169807e-01
8.909999999999998181e+03 4.236764302906548263e-01
8.919999999999998181e+03 4.243355147623215640e-01
8.929999999999998181e+03 4.224979110291471884e-01
8.939999999999998181e+03 4.167536111888386907e-01
8.949999999999998181e+03 4.126206479346302136e-01
8.959999999999998181e+03 4.124335184719910008e-01
8.969999999999998181e+03 4.089008469452968253e-01
8.979999999999998181e+03 4.041464451389469303e-01
8.989999999999998181e+03 4.011412053378357045e-01
8.999999999999998181e+03 3.942667394370340528e-01
9.009999999999998181e+03 3.887256641493330167e-01
9.019999999999998181e+03 3.868234828270440961e-01
9.029999999999998181e+03 3.816660759626140376e-01
9.039999999999998181e+03 3.752049311595363479e-01
9.049999999999998181e+03 3.767815909802069152e-01
9.059999999999998181e+03 3.767810666595963753e-01
9.069999999999998181e+03 3.716279909812008064e-01
9.079999999999998181e+03 3.680978862554711295e-01
9.089999999999998181e+03 3.653884225256239793e-01
9.099999999999998181e+03 3.566408728593166710e-01
9.109999999999998181e+03 3.491220154551537558e-01
9.119999999999998181e+03 3.449151186000942726e-01
9.129999999999998181e+03 3.427078397996562997e-01
9.139999999999998181e+03 3.403807915807214868e-01
9.149999999999998181e+03 3.326926022633712177e-01
9.159999999999998181e+03 3.207402943407959284e-01
9.169999999999998181e+03 3.064960504088213300e-01
9.179999999999998181e+03 2.876626977300883459e-01
9.189999999999998181e+03 2.653394770684998072e-01
9.199999999999998181e+03 2.393262815276114008e-01
9.209999999999998181e+03 2.093706202173712672e-01
9.219999999999998181e+03 1.725130472691401851e-01
9.229999999999998181e+03 1.356185403865259875e-01
9.239999999999998181e+03 1.017852432319509698e-01
9.249999999999998181e+03 7.102935075969669942e-02
9.259999999999998181e+03 4.615374457002564129e-02
9.269999999999998181e+03 2.775057458914053504e-02
9.279999999999998181e+03 1.535043087840726531e-02
9.289999999999998181e+03 7.705333305292839594e-03
9.299999999999998181e+03 4.422779219223462246e-03
9.309999999999998181e+03 3.115146860640679010e-03
9.319999999999998181e+03 2.985528174747170173e-03
9.329999999999998181e+03 3.219647000089120078e-03
9.339999999999998181e+03 3.691805928909569750e-03
9.349999999999998181e+03 3.976662359202389786e-03
9.359999999999998181e+03 4.279999906307771496e-03
9.369999999999998181e+03 4.642412945793525370e-03
9.379999999999998181e+03 4.831117516367487187e-03
9.389999999999998181e+03 4.634998087920162019e-03
9.399999999999998181e+03 4.430200548483819584e-03
9.409999999999998181e+03 4.189372067163387933e-03
9.419999999999998181e+03 3.541005863064099635e-03
9.429999999999998181e+03 3.057598956008415140e-03
9.439999999999998181e+03 2.570840407234879950e-03
9.449999999999998181e+03 2.278500246451333009e-03
9.459999999999998181e+03 1.790895994555176309e-03
9.469999999999998181e+03 1.421402527809492071e-03
9.479999999999998181e+03 1.128469491975759176e-03
9.489999999999998181e+03 8.203464145005840390e-04
9.499999999999998181e+03 6.213007548834000157e-04
9.509999999999998181e+03 4.616401842754650365e-04
9.519999999999998181e+03 4.259121996738320722e-04
9.529999999999998181e+03 4.940473187942579815e-04
9.539999999999998181e+03 4.878542041908200361e-04
9.549999999999998181e+03 4.327955848437139638e-04
9.559999999999998181e+03 3.334647374861909896e-04
9.569999999999998181e+03 2.741209594329360234e-04
9.579999999999998181e+03 3.202043757635040112e-04
9.589999999999998181e+03 2.745593304439999742e-04
9.599999999999998181e+03 3.049685186696090232e-04
9.609999999999998181e+03 3.706599184031400128e-04
9.619999999999998181e+03 2.627728497800479622e-04
9.629999999999998181e+03 2.591530586008919650e-04
9.639999999999998181e+03 2.653025003628950267e-04
9.649999999999998181e+03 2.569873252888730110e-04
9.659999999999998181e+03 2.694841344060960181e-04
9.669999999999998181e+03 1.991512619314240106e-04
9.679999999999998181e+03 2.146349852610460131e-04
9.689999999999998181e+03 2.344535548179129932e-04
9.699999999999998181e+03 1.970710597786639771e-04
9.709999999999998181e+03 1.993507657060919773e-04
9.719999999999998181e+03 1.717512147047809887e-04
9.729999999999998181e+03 1.609185107526149995e-04
9.739999999999998181e+03 1.103402268004319953e-04
9.749999999999998181e+03 1.415644005683880044e-04
9.759999999999998181e+03 1.458829201596920230e-04
9.769999999999998181e+03 1.469101522039550206e-04
9.779999999999998181e+03 1.740782315786279738e-04
9.789999999999998181e+03 1.574612437468559669e-04
9.799999999999998181e+03 1.603893900081600026e-04
9.809999999999998181e+03 1.798053740373600079e-04
9.819999999999998181e+03 1.972935377168799978e-04
9.829999999999998181e+03 2.075496185775999914e-04
9.839999999999998181e+03 2.062396821074399908e-04
9.849999999999998181e+03 2.072566994931470080e-04
9.859999999999998181e+03 2.075277228379740133e-04
9.869999999999998181e+03 1.934665998619979857e-04
9.879999999999998181e+03 1.856266603917889843e-04
9.889999999999998181e+03 1.748150126116469825e-04
9.899999999999998181e+03 1.633843953405170028e-04
9.909999999999998181e+03 1.435004200286520148e-04
9.919999999999998181e+03 1.253502733582199957e-04
9.929999999999998181e+03 1.079627484421599943e-04
9.939999999999998181e+03 8.384985441852599178e-05
9.949999999999998181e+03 7.121376376683400896e-05
9.959999999999998181e+03 6.184547199670800926e-05
9.969999999999998181e+03 5.104693579746600544e-05
9.979999999999998181e+03 4.291813736345199802e-05
9.989999999999998181e+03 3.269878845169100519e-05
9.999999999999998181e+03 2.719487402449999601e-05
1.000999999999999818e+04 2.209467674022299867e-05
1.001999999999999818e+04 2.011728838404199915e-05
1.002999999999999818e+04 1.696469892977199790e-05
1.003999999999999818e+04 1.570602864355199939e-05
1.004999999999999818e+04 1.410707134109000161e-05
1.005999999999999818e+04 1.305186654608100251e-05
1.006999999999999818e+04 1.312150884945600006e-05
1.007999999999999818e+04 1.258007109353899937e-05
1.008999999999999818e+04 1.269448438500100095e-05
1.009999999999999818e+04 1.199295294714000087e-05
1.010999999999999818e+04 1.266396618970000101e-05
1.011999999999999818e+04 1.191463956900999932e-05
1.012999999999999818e+04 1.053903697096799971e-05
1.013999999999999818e+04 1.174094622813800124e-05
1.014999999999999818e+04 1.127939364728999813e-05
1.015999999999999818e+04 1.112219459398599990e-05
1.016999999999999818e+04 1.216574120985300043e-05
1.017999999999999818e+04 1.202028909479999929e-05
1.018999999999999818e+04 1.326862932551100044e-05
1.019999999999999818e+04 1.424752349794199759e-05
1.020999999999999818e+04 1.359996339177999971e-05
1.021999999999999818e+04 1.557347320669400168e-05
1.022999999999999818e+04 1.584753056107200087e-05
1.023999999999999818e+04 1.689225326992999879e-05
1.024999999999999818e+04 1.926516521677799874e-05
1.025999999999999818e+04 2.048915683317500364e-05
1.026999999999999818e+04 2.099600839980000048e-05
1.027999999999999818e+04 2.154144904472100265e-05
1.028999999999999818e+04 2.357186370847000128e-05
1.029999999999999818e+04 2.446884401004099853e-05
1.030999999999999818e+04 2.478421449340499670e-05
1.031999999999999818e+04 2.387806391187200113e-05
1.032999999999999818e+04 2.419106045839999761e-05
1.033999999999999818e+04 2.324846201873999966e-05
1.034999999999999818e+04 2.227159250505000179e-05
1.035999999999999818e+04 2.106543348142199748e-05
1.036999999999999818e+04 2.048361855155000043e-05
1.037999999999999818e+04 1.861256837875999921e-05
1.038999999999999818e+04 1.755063586049500119e-05
1.039999999999999818e+04 1.555250027142700243e-05
1.040999999999999818e+04 1.322718498292499991e-05
1.041999999999999818e+04 1.239641539295100153e-05
1.042999999999999818e+04 1.096669356761399854e-05
1.043999999999999818e+04 1.036925396573000069e-05
1.044999999999999818e+04 8.909618914488001094e-06
1.045999999999999818e+04 8.273966973563998844e-06
1.046999999999999818e+04 7.455595263806000659e-06
1.047999999999999818e+04 6.421214874065999950e-06
1.048999999999999818e+04 5.592362719223000052e-06
1.049999999999999818e+04 4.972167904561999638e-06
1.050999999999999818e+04 4.520832328090999652e-06
1.051999999999999818e+04 4.490210350531999659e-06
1.052999999999999818e+04 4.332861174222000168e-06
1.053999999999999818e+04 4.138646704540000100e-06
1.054999999999999818e+04 3.968414495599999756e-06
1.055999999999999818e+04 3.766227961282000282e-06
1.056999999999999818e+04 3.538077161202000106e-06
1.057999999999999818e+04 3.664573126034000070e-06
1.058999999999999818e+04 3.526570520946999815e-06
1.059999999999999818e+04 3.566166576791000166e-06
1.060999999999999818e+04 3.644620942165999568e-06
1.061999999999999818e+04 3.832647151730000092e-06
1.062999999999999818e+04 3.908018398185000184e-06
1.063999999999999818e+04 4.013890499669999847e-06
1.064999999999999818e+04 4.255397811356999561e-06
1.065999999999999818e+04 4.381816698215999679e-06
1.066999999999999818e+04 4.402363483590000135e-06
1.067999999999999818e+04 4.811196063521000226e-06
1.068999999999999818e+04 4.677487802644000115e-06
1.069999999999999818e+04 4.795340023361000024e-06
1.070999999999999818e+04 4.783844394244999772e-06
1.071999999999999818e+04 4.640622509271999539e-06
1.072999999999999818e+04 4.653043074063999627e-06
1.073999999999999818e+04 4.392046046346999754e-06
1.074999999999999818e+04 4.299034955214000019e-06
1.075999999999999818e+04 4.264415934198000496e-06
1.076999999999999818e+04 3.786279245400999858e-06
1.077999999999999818e+04 3.454062170631999960e-06
1.078999999999999818e+04 3.579666233205000203e-06
1.079999999999999818e+04 3.619592623219000011e-06
1.080999999999999818e+04 3.339271046557000130e-06
1.081999999999999818e+04 2.824830632477000026e-06
1.082999999999999818e+04 2.823421206685000197e-06
1.083999999999999818e+04 2.535556999807999864e-06
1.084999999999999818e+04 2.345383618138999904e-06
1.085999999999999818e+04 2.358607996077999828e-06
1.086999999999999818e+04 2.343544757925999848e-06
1.087999999999999818e+04 2.208889539094999824e-06
1.088999999999999818e+04 2.150189157085999809e-06
1.089999999999999818e+04 2.000922156802000109e-06
1.090999999999999818e+04 1.912007209376999826e-06
1.091999999999999818e+04 1.862137760845999883e-06
1.092999999999999818e+04 1.675851311243999916e-06
1.093999999999999818e+04 1.470130201306999982e-06
1.094999999999999818e+04 1.358201973372000177e-06
1.095999999999999818e+04 1.241021432134000068e-06
1.096999999999999818e+04 1.142978250477999948e-06
1.097999999999999818e+04 1.039509880636699854e-06
1.098999999999999818e+04 1.007332029137000071e-06
1.099999999999999818e+04 9.991584606572998768e-07
1.100999999999999818e+04 9.679628027564000446e-07
1.101999999999999818e+04 9.854848282470999962e-07
1.102999999999999818e+04 9.998587690976999457e-07
1.103999999999999818e+04 1.068236841173800061e-06
1.104999999999999818e+04 1.156378806641000063e-06
1.105999999999999818e+04 1.211225289999999988e-06
1.106999999999999818e+04 1.260764404361000051e-06
1.107999999999999818e+04 1.381842888804999770e-06
1.108999999999999818e+04 1.403193487325999850e-06
1.109999999999999818e+04 1.422848370440999951e-06
1.110999999999999818e+04 1.469018076267999918e-06
1.111999999999999818e+04 1.449330159735999914e-06
1.112999999999999818e+04 1.439640357415999814e-06
1.113999999999999818e+04 1.443461222649000001e-06
1.114999999999999818e+04 1.391598757959000100e-06
1.115999999999999818e+04 1.310567786057999977e-06
1.116999999999999818e+04 1.244644096864999987e-06
1.117999999999999818e+04 1.156554984865000042e-06
1.118999999999999818e+04 1.083701985899299959e-06
1.119999999999999818e+04 1.063553803757099961e-06
1.120999999999999818e+04 1.058827822898299881e-06
1.121999999999999818e+04 1.061453979549799927e-06
1.122999999999999818e+04 1.097093733151099959e-06
1.123999999999999818e+04 1.108480351991000000e-06
1.124999999999999818e+04 1.124644704043000006e-06
1.125999999999999818e+04 1.225660893229000110e-06
1.126999999999999818e+04 1.424081618009000013e-06
1.127999999999999818e+04 1.652937130985000104e-06
1.128999999999999818e+04 1.907019163409999807e-06
1.129999999999999818e+04 2.207524157858999725e-06
1.130999999999999818e+04 2.605114364871000023e-06
1.131999999999999818e+04 2.912622443724000206e-06
1.132999999999999818e+04 3.547932130607000146e-06
1.133999999999999818e+04 4.017645298069000227e-06
1.134999999999999818e+04 4.563566558550000352e-06
1.135999999999999818e+04 5.409464278807998977e-06
1.136999999999999818e+04 6.216283466754999477e-06
1.137999999999999818e+04 6.576369734332999092e-06
1.138999999999999818e+04 7.221104956199999693e-06
1.139999999999999818e+04 8.082021870053998991e-06
1.140999999999999818e+04 9.050638734467000087e-06
1.141999999999999818e+04 9.803987831429999741e-06
1.142999999999999818e+04 1.019065498855399882e-05
1.143999999999999818e+04 1.025725035722600051e-05
1.144999999999999818e+04 1.101138124505799950e-05
1.145999999999999818e+04 1.131418756755799770e-05
1.146999999999999818e+04 1.146563477336400034e-05
1.147999999999999818e+04 1.172640056716199941e-05
1.148999999999999818e+04 1.191630968149499887e-05
1.149999999999999818e+04 1.197498804122600008e-05
1.150999999999999818e+04 1.121571495148099841e-05
1.151999999999999818e+04 1.064480941660899931e-05
1.152999999999999818e+04 1.185633200736199822e-05
1.153999999999999818e+04 1.108078445417499913e-05
1.154999999999999818e+04 1.075057140670399859e-05
1.155999999999999818e+04 1.079156587720099916e-05
1.156999999999999818e+04 9.936859245742998630e-06
1.157999999999999818e+04 9.498054345454000810e-06
1.158999999999999818e+04 9.532849544694000100e-06
1.159999999999999818e+04 9.411980271891000688e-06
1.160999999999999818e+04 8.998269757382998843e-06
1.161999999999999818e+04 9.385278259815999110e-06
1.162999999999999818e+04 8.822807257417998906e-06
1.163999999999999818e+04 9.102192887265000184e-06
1.164999999999999818e+04 8.602804700197999599e-06
1.165999999999999818e+04 9.094617223633000888e-06
1.166999999999999818e+04 9.031534408301999576e-06
1.167999999999999818e+04 8.960688739976000009e-06
1.168999999999999818e+04 8.510278099180999012e-06
1.169999999999999818e+04 9.186362033781000444e-06
1.170999999999999818e+04 9.387568576728000315e-06
1.171999999999999818e+04 8.596561384384999863e-06
1.172999999999999818e+04 8.707906021952999963e-06
1.173999999999999818e+04 9.414479800443999234e-06
1.174999999999999818e+04 9.696397992261000868e-06
1.175999999999999818e+04 9.584535831159998964e-06
1.176999999999999818e+04 9.694371942684998890e-06
1.177999999999999818e+04 1.040356637225800052e-05
1.178999999999999818e+04 1.079452787359199931e-05
1.179999999999999818e+04 1.115066114226899870e-05
1.180999999999999818e+04 1.141288040641499945e-05
1.181999999999999818e+04 1.216279402800999899e-05
1.182999999999999818e+04 1.251716551444699902e-05
1.183999999999999818e+04 1.341859240868199973e-05
1.184999999999999818e+04 1.384440416495099971e-05
1.185999999999999818e+04 1.495775144037999867e-05
1.186999999999999818e+04 1.510629170548999965e-05
1.187999999999999818e+04 1.547275342254899946e-05
1.188999999999999818e+04 1.612800428216099944e-05
1.189999999999999818e+04 1.676064927340600025e-05
1.190999999999999818e+04 1.680314125880699757e-05
1.191999999999999818e+04 1.712663751148799842e-05
1.192999999999999818e+04 1.751065098411300010e-05
1.193999999999999818e+04 1.757874386768900024e-05
1.194999999999999818e+04 1.765461061539900036e-05
1.195999999999999818e+04 1.775996519335100161e-05
1.196999999999999818e+04 1.767614840328300089e-05
1.197999999999999818e+04 1.772374955717999907e-05
1.198999999999999818e+04 1.771225392806399966e-05
