2.999999999999999545e+03 2.053426919919600052e-08
3.009999999999999545e+03 1.409635937726399925e-08
3.019999999999999545e+03 2.633876130407399890e-12
3.029999999999999545e+03 5.769291340167000127e-09
3.039999999999999545e+03 8.108669222064001040e-09
3.049999999999999545e+03 3.077613252928199812e-09
3.059999999999999545e+03 3.062147576840999921e-09
3.069999999999999545e+03 1.329092870317000153e-12
3.079999999999999545e+03 2.768528702642600264e-09
3.089999999999999545e+03 1.546081908079600253e-09
3.099999999999999545e+03 9.783089234252999636e-10
3.109999999999999545e+03 1.794450215393999948e-09
3.119999999999999545e+03 1.226108811677800051e-10
3.129999999999999545e+03 4.519427914864499846e-10
3.139999999999999545e+03 8.123353422056000022e-10
3.149999999999999545e+03 1.445676422335499898e-12
3.159999999999999545e+03 5.572165241309999209e-10
3.169999999999999545e+03 1.286102732710499947e-09
3.179999999999999545e+03 9.569623805781998952e-10
3.189999999999999545e+03 2.156288003237999737e-09
3.199999999999999545e+03 4.522930339053900261e-09
3.209999999999999545e+03 8.605291575366000799e-09
3.219999999999999545e+03 2.573504589001500181e-08
3.229999999999999545e+03 8.399007029223998765e-08
3.239999999999999545e+03 1.182135626218000166e-06
3.249999999999999545e+03 1.407679936140799900e-06
3.259999999999999545e+03 2.766631911998799800e-06
3.269999999999999545e+03 1.129573373966399908e-05
3.279999999999999545e+03 1.933217700265900049e-05
3.289999999999999545e+03 7.008707255459000457e-06
3.299999999999999545e+03 1.866910797930799721e-05
3.309999999999999545e+03 2.668647353007800127e-05
3.319999999999999545e+03 2.614164437618200003e-05
3.329999999999999545e+03 1.986165001676700346e-05
3.339999999999999545e+03 1.615611182200799863e-05
3.349999999999999545e+03 1.399505459253600127e-05
3.359999999999999545e+03 4.723111815890400100e-06
3.369999999999999545e+03 7.121064486323999865e-06
3.379999999999999545e+03 5.728809293655300092e-06
3.389999999999999545e+03 3.168261478414500268e-06
3.399999999999999545e+03 7.860291317559999418e-06
3.409999999999999545e+03 1.018251415267499972e-05
3.419999999999999545e+03 1.792644933177000072e-05
3.429999999999999545e+03 9.452261561939999805e-06
3.439999999999999545e+03 1.233367791624000012e-05
3.449999999999999545e+03 8.599837615109999923e-06
3.459999999999999545e+03 5.186900045825999745e-06
3.469999999999999545e+03 9.615633559232000389e-07
3.479999999999999545e+03 4.132256415475899735e-06
3.489999999999999545e+03 1.614065899536599861e-05
3.499999999999999545e+03 2.086396323230999805e-05
3.509999999999999545e+03 3.420852269017600104e-05
3.519999999999999545e+03 4.190506457336100099e-05
3.529999999999999545e+03 3.979320278884999922e-05
3.539999999999999545e+03 1.849961147751699747e-05
3.549999999999999545e+03 1.700953030689600413e-05
3.559999999999999545e+03 3.741644553628800028e-05
3.569999999999999545e+03 5.072857709716600003e-05
3.579999999999999545e+03 7.379864970307199582e-05
3.589999999999999545e+03 6.392845624592699962e-05
3.599999999999999545e+03 4.253754281355200367e-05
3.609999999999999545e+03 3.025181247076300252e-05
3.619999999999999545e+03 5.897444872374699041e-05
3.629999999999999545e+03 3.335388945839999668e-05
3.639999999999999545e+03 6.230841078923999969e-05
3.649999999999999545e+03 7.801873125647300149e-05
3.659999999999999545e+03 9.761670279658000114e-05
3.669999999999999545e+03 1.659246805997999805e-04
3.679999999999999545e+03 1.058558543015999975e-04
3.689999999999999545e+03 9.116956706001300777e-05
3.699999999999999545e+03 1.038678906397760143e-04
3.709999999999999545e+03 1.024188930476249937e-04
3.719999999999999545e+03 9.626598005630201049e-05
3.729999999999999545e+03 1.477911820738760042e-04
3.739999999999999545e+03 1.491009084162079712e-04
3.749999999999999545e+03 1.416184724239999968e-04
3.759999999999999545e+03 1.571159261896769982e-04
3.769999999999999545e+03 1.921076564173960339e-04
3.779999999999999545e+03 1.730075551674250037e-04
3.789999999999999545e+03 1.923303602707840138e-04
3.799999999999999545e+03 1.938134631330799915e-04
3.809999999999999545e+03 1.260798981892560138e-04
3.819999999999999545e+03 1.178151114718719986e-04
3.829999999999999545e+03 1.938692533790669650e-04
3.839999999999999091e+03 1.928470048213320055e-04
3.849999999999999091e+03 1.888936172506229918e-04
3.859999999999999091e+03 2.253399266634059672e-04
3.869999999999999091e+03 2.596076325432000254e-04
3.879999999999999091e+03 3.020522840902709755e-04
3.889999999999999091e+03 3.410921163571629792e-04
3.899999999999999091e+03 3.522363554373400085e-04
3.909999999999999091e+03 3.530114210213460132e-04
3.919999999999999091e+03 1.834250062400159635e-04
3.929999999999999091e+03 7.283737043037000647e-05
3.939999999999999091e+03 2.317880620203200022e-05
3.949999999999999091e+03 1.420257099506959996e-05
3.959999999999999091e+03 7.574413378446000003e-06
3.969999999999999091e+03 3.978016851544000241e-06
3.979999999999999091e+03 4.472717695347999987e-06
3.989999999999999091e+03 5.031726451474800040e-06
3.999999999999999091e+03 6.185887517077200136e-06
4.009999999999999091e+03 7.662346418681599712e-06
4.019999999999999091e+03 1.023663184685779881e-05
4.029999999999999091e+03 8.216915636748000840e-06
4.039999999999999091e+03 4.156359431822399995e-06
4.049999999999999091e+03 4.623138239401199858e-06
4.059999999999999091e+03 7.195612777826400342e-06
4.069999999999999091e+03 7.984779853582400219e-06
4.079999999999999091e+03 6.960689391357000104e-06
4.089999999999999091e+03 6.778265942449199661e-06
4.099999999999999091e+03 8.085910572507599501e-06
4.109999999999999091e+03 1.010739550039160046e-05
4.119999999999999091e+03 1.035764973773699918e-05
4.129999999999999091e+03 7.917516878039999891e-06
4.139999999999999091e+03 6.913590825178500585e-06
4.149999999999999091e+03 9.339750147535600560e-06
4.159999999999999091e+03 9.619923017322798284e-06
4.169999999999999091e+03 8.317893992103798627e-06
4.179999999999999091e+03 6.679301269908800276e-06
4.189999999999999091e+03 5.528888466630898937e-06
4.199999999999999091e+03 8.203591990628300730e-06
4.209999999999999091e+03 1.826200999270799805e-05
4.219999999999999091e+03 2.861343022150080121e-05
4.229999999999999091e+03 3.550473674451599829e-05
4.239999999999999091e+03 3.063523039334150401e-05
4.249999999999999091e+03 2.022820489076299996e-05
4.259999999999999091e+03 2.210767529668200072e-05
4.269999999999999091e+03 3.883594633910399357e-05
4.279999999999999091e+03 4.642976882204399776e-05
4.289999999999999091e+03 4.822826846766200073e-05
4.299999999999999091e+03 4.471279973560700360e-05
4.309999999999999091e+03 5.437492757009400112e-05
4.319999999999999091e+03 6.814010461704599151e-05
4.329999999999999091e+03 7.299348840682199518e-05
4.339999999999999091e+03 5.631905032875000476e-05
4.349999999999999091e+03 4.745514585472500470e-05
4.359999999999999091e+03 6.001520516036399906e-05
4.369999999999999091e+03 6.070144511518300049e-05
4.379999999999999091e+03 4.015949819122399840e-05
4.389999999999999091e+03 2.926796274657599611e-05
4.399999999999999091e+03 6.836569026961600239e-05
4.409999999999999091e+03 1.271496740392260032e-04
4.419999999999999091e+03 1.606057882328720105e-04
4.429999999999999091e+03 1.361073458551560137e-04
4.439999999999999091e+03 1.096581976531040069e-04
4.449999999999999091e+03 9.170248687657799177e-05
4.459999999999999091e+03 9.495969260745600342e-05
4.469999999999999091e+03 1.174360936402160020e-04
4.479999999999999091e+03 1.704246459738030062e-04
4.489999999999999091e+03 2.334070558063299720e-04
4.499999999999999091e+03 2.681739927321840234e-04
4.509999999999999091e+03 2.852963385061739791e-04
4.519999999999999091e+03 2.793298862804200204e-04
4.529999999999999091e+03 2.433968848176600031e-04
4.539999999999999091e+03 1.827802549410499958e-04
4.549999999999999091e+03 1.250880124887120018e-04
4.559999999999999091e+03 1.152191496243549888e-04
4.569999999999999091e+03 1.354505944924339989e-04
4.579999999999999091e+03 1.805033248405919961e-04
4.589999999999999091e+03 2.298633479346879965e-04
4.599999999999999091e+03 2.544616383639719689e-04
4.609999999999999091e+03 2.284999238448360084e-04
4.619999999999999091e+03 1.517011589140049917e-04
4.629999999999999091e+03 1.045301579547440148e-04
4.639999999999999091e+03 1.450771966784469868e-04
4.649999999999999091e+03 2.345341647257700264e-04
4.659999999999999091e+03 3.529229158459199693e-04
4.669999999999999091e+03 4.531621329719549623e-04
4.679999999999999091e+03 4.851815171045519969e-04
4.689999999999999091e+03 5.025079794269759559e-04
4.699999999999999091e+03 5.476933231264319996e-04
4.709999999999999091e+03 5.723197518408889781e-04
4.719999999999999091e+03 5.138393565826329798e-04
4.729999999999999091e+03 4.245002913790999572e-04
4.739999999999999091e+03 3.511876555269000523e-04
4.749999999999999091e+03 3.569532767562780197e-04
4.759999999999999091e+03 4.393474278193519730e-04
4.769999999999999091e+03 5.907776637313200260e-04
4.779999999999999091e+03 7.605866653734831432e-04
4.789999999999999091e+03 8.917215733987200483e-04
4.799999999999999091e+03 9.689802345934200303e-04
4.809999999999999091e+03 9.188124928304360452e-04
4.819999999999999091e+03 7.903762117146840563e-04
4.829999999999999091e+03 7.265296116973440996e-04
4.839999999999999091e+03 7.308000525854998477e-04
4.849999999999999091e+03 7.520199471601799694e-04
4.859999999999999091e+03 8.333605366234470707e-04
4.869999999999999091e+03 1.007512075569061980e-03
4.879999999999999091e+03 1.225427397808545073e-03
4.889999999999999091e+03 1.432528915889157888e-03
4.899999999999999091e+03 1.503152800510973051e-03
4.909999999999999091e+03 1.435262815291711829e-03
4.919999999999999091e+03 1.325836540599000185e-03
4.929999999999999091e+03 1.271950428604788153e-03
4.939999999999999091e+03 1.372924694445719872e-03
4.949999999999999091e+03 1.707366310138502862e-03
4.959999999999999091e+03 2.426205137703443988e-03
4.969999999999999091e+03 3.389201016652479415e-03
4.979999999999999091e+03 4.270835720583562173e-03
4.989999999999999091e+03 4.723737733713699594e-03
4.999999999999999091e+03 4.574476238082400212e-03
5.009999999999999091e+03 3.977877572447553224e-03
5.019999999999999091e+03 3.268580971932045359e-03
5.029999999999999091e+03 2.812210936433187820e-03
5.039999999999999091e+03 2.868151479043554164e-03
5.049999999999999091e+03 3.512242621491155903e-03
5.059999999999999091e+03 4.608471932782087950e-03
5.069999999999999091e+03 5.246841960907470265e-03
5.079999999999999091e+03 5.074678815046651699e-03
5.089999999999999091e+03 4.234797102945851710e-03
5.099999999999999091e+03 3.014425151959103551e-03
5.109999999999999091e+03 2.089962689706030899e-03
5.119999999999999091e+03 1.866632938890062064e-03
5.129999999999999091e+03 2.295145101332117781e-03
5.139999999999999091e+03 3.345311757233060228e-03
5.149999999999999091e+03 5.314064435401198890e-03
5.159999999999999091e+03 8.191169992919571097e-03
5.169999999999999091e+03 1.182111924934499923e-02
5.179999999999999091e+03 1.561440307074667133e-02
5.189999999999999091e+03 1.897516582091951856e-02
5.199999999999999091e+03 2.109673144697151240e-02
5.209999999999999091e+03 2.245434529317774999e-02
5.219999999999999091e+03 2.376454109962547814e-02
5.229999999999999091e+03 2.530421532727998926e-02
5.239999999999999091e+03 2.670871772810096134e-02
5.249999999999999091e+03 2.702206881246491110e-02
5.259999999999999091e+03 2.517404797288786203e-02
5.269999999999999091e+03 2.131202649832856372e-02
5.279999999999999091e+03 1.758859272055580958e-02
5.289999999999999091e+03 1.481706606480368352e-02
5.299999999999999091e+03 1.337553224035218334e-02
5.309999999999999091e+03 1.293697373208042671e-02
5.319999999999999091e+03 1.241247087268828632e-02
5.329999999999999091e+03 1.257358146007025133e-02
5.339999999999999091e+03 1.503607060745448289e-02
5.349999999999999091e+03 2.248513453494055750e-02
5.359999999999999091e+03 3.772763922878626802e-02
5.369999999999999091e+03 6.398335649985106843e-02
5.379999999999999091e+03 1.059947450960671417e-01
5.389999999999999091e+03 1.677204388633699583e-01
5.399999999999999091e+03 2.405546749864487244e-01
5.409999999999999091e+03 3.095141153337552242e-01
5.419999999999999091e+03 3.660094706944915788e-01
5.429999999999999091e+03 4.133116775751534688e-01
5.439999999999999091e+03 4.683992189204385093e-01
5.449999999999999091e+03 5.326854366709506960e-01
5.459999999999999091e+03 5.926431124011671825e-01
5.469999999999999091e+03 6.301976386574553723e-01
5.479999999999999091e+03 6.487010469537424218e-01
5.489999999999999091e+03 6.591274411631160568e-01
5.499999999999999091e+03 6.646692818633844757e-01
5.509999999999999091e+03 6.671846203849500778e-01
5.519999999999999091e+03 6.689387044536675431e-01
5.529999999999999091e+03 6.724220906318301161e-01
5.539999999999999091e+03 6.747745069443750188e-01
5.549999999999999091e+03 6.782323523795420472e-01
5.559999999999999091e+03 6.811876064548298970e-01
5.569999999999999091e+03 6.808595951403284552e-01
5.579999999999999091e+03 6.823955593130485164e-01
5.589999999999999091e+03 6.848905716872509819e-01
5.599999999999999091e+03 6.886933793246817759e-01
5.609999999999999091e+03 6.895653056161950012e-01
5.619999999999999091e+03 6.923432473349845351e-01
5.629999999999999091e+03 6.960954779160750672e-01
5.639999999999999091e+03 6.952485121969158577e-01
5.649999999999999091e+03 6.980578673443831317e-01
5.659999999999999091e+03 6.983273470387360016e-01
5.669999999999999091e+03 6.993465876886765242e-01
5.679999999999999091e+03 7.005155855411537846e-01
5.689999999999999091e+03 6.993032806818688663e-01
5.699999999999999091e+03 7.031489390349885404e-01
5.709999999999999091e+03 7.042854271623238960e-01
5.719999999999999091e+03 7.046356826322408562e-01
5.729999999999999091e+03 7.072813225204197529e-01
5.739999999999999091e+03 7.100399457452748475e-01
5.749999999999999091e+03 7.130538673238845382e-01
5.759999999999999091e+03 7.137841436450651500e-01
5.769999999999999091e+03 7.143311209487267499e-01
5.779999999999999091e+03 7.165730888470164262e-01
5.789999999999999091e+03 7.172714727936698731e-01
5.799999999999999091e+03 7.194722188832936016e-01
5.809999999999999091e+03 7.203133720414074403e-01
5.819999999999999091e+03 7.211617883083855096e-01
5.829999999999999091e+03 7.200251115460988283e-01
5.839999999999999091e+03 7.215215313508077655e-01
5.849999999999999091e+03 7.242888048552394986e-01
5.859999999999999091e+03 7.233464148953220318e-01
5.869999999999999091e+03 7.253735015479187975e-01
5.879999999999999091e+03 7.279064649127585662e-01
5.889999999999999091e+03 7.265370131084727401e-01
5.899999999999999091e+03 7.292252593280408313e-01
5.909999999999999091e+03 7.306336159662454310e-01
5.919999999999999091e+03 7.291695218055675998e-01
5.929999999999999091e+03 7.293845974390145148e-01
5.939999999999999091e+03 7.315713010088313872e-01
5.949999999999999091e+03 7.337468314298046801e-01
5.959999999999999091e+03 7.313886627399988072e-01
5.969999999999999091e+03 7.321788955134844734e-01
5.979999999999999091e+03 7.344601972228486098e-01
5.989999999999999091e+03 7.345894250607274412e-01
5.999999999999999091e+03 7.358625366590145767e-01
6.009999999999999091e+03 7.359912016410291580e-01
6.019999999999999091e+03 7.354756186853371736e-01
6.029999999999999091e+03 7.366358674184245725e-01
6.039999999999999091e+03 7.404007676968762386e-01
6.049999999999999091e+03 7.390505660602451066e-01
6.059999999999999091e+03 7.404111499536341068e-01
6.069999999999999091e+03 7.409527955213899286e-01
6.079999999999999091e+03 7.429541299651426511e-01
6.089999999999999091e+03 7.410285547684868357e-01
6.099999999999999091e+03 7.432939894961105853e-01
6.109999999999999091e+03 7.442296564515482604e-01
6.119999999999999091e+03 7.419020845462774849e-01
6.129999999999999091e+03 7.425992118115374296e-01
6.139999999999999091e+03 7.433232882725788748e-01
6.149999999999999091e+03 7.474410925352286128e-01
6.159999999999999091e+03 7.442555908005822340e-01
6.169999999999999091e+03 7.413942787293743564e-01
6.179999999999999091e+03 7.436598246924728262e-01
6.189999999999999091e+03 7.455127396286612695e-01
6.199999999999999091e+03 7.471054002765616930e-01
6.209999999999999091e+03 7.478217071088932855e-01
6.219999999999999091e+03 7.453987535480182114e-01
6.229999999999999091e+03 7.444760072963246822e-01
6.239999999999999091e+03 7.459143634702793957e-01
6.249999999999999091e+03 7.455409685725005176e-01
6.259999999999999091e+03 7.475375234493339960e-01
6.269999999999999091e+03 7.480088739363472961e-01
6.279999999999999091e+03 7.481153159167630573e-01
6.289999999999999091e+03 7.480884456113566783e-01
6.299999999999999091e+03 7.487630680094575775e-01
6.309999999999999091e+03 7.494477898852648368e-01
6.319999999999999091e+03 7.491383192834423221e-01
6.329999999999999091e+03 7.488364107771973144e-01
6.339999999999999091e+03 7.496658070615487279e-01
6.349999999999999091e+03 7.489035152397250927e-01
6.359999999999999091e+03 7.504120292146750915e-01
6.369999999999999091e+03 7.479839875601483890e-01
6.379999999999999091e+03 7.494040929229520698e-01
6.389999999999999091e+03 7.474507114617531256e-01
6.399999999999999091e+03 7.470653730067124965e-01
6.409999999999999091e+03 7.466043046199186684e-01
6.419999999999999091e+03 7.489748471445337730e-01
6.429999999999999091e+03 7.470277329390313525e-01
6.439999999999999091e+03 7.462174176765371536e-01
6.449999999999999091e+03 7.492962205185842439e-01
6.459999999999999091e+03 7.486999485371715890e-01
6.469999999999999091e+03 7.484625398742486002e-01
6.479999999999999091e+03 7.464312968273003612e-01
6.489999999999999091e+03 7.455376793672479074e-01
6.499999999999999091e+03 7.467618133616198417e-01
6.509999999999999091e+03 7.455176815446398209e-01
6.519999999999999091e+03 7.456952353501884456e-01
6.529999999999999091e+03 7.479478900259751706e-01
6.539999999999999091e+03 7.450791809176195990e-01
6.549999999999999091e+03 7.449525379526880098e-01
6.559999999999999091e+03 7.422440602131811227e-01
6.569999999999999091e+03 7.416658134547320369e-01
6.579999999999999091e+03 7.429515739413847797e-01
6.589999999999999091e+03 7.447588435457178635e-01
6.599999999999999091e+03 7.407862727407491521e-01
6.609999999999999091e+03 7.428784124508103215e-01
6.619999999999999091e+03 7.400963678557886949e-01
6.629999999999999091e+03 7.422021362964451585e-01
6.639999999999999091e+03 7.395550455049756389e-01
6.649999999999999091e+03 7.389139300540498168e-01
6.659999999999999091e+03 7.409222391708524258e-01
6.669999999999999091e+03 7.392439687533979287e-01
6.679999999999999091e+03 7.401965336483559144e-01
6.689999999999999091e+03 7.418889255039473607e-01
6.699999999999999091e+03 7.366809328002983381e-01
6.709999999999999091e+03 7.353106336885162353e-01
6.719999999999999091e+03 7.353367875039107382e-01
6.729999999999999091e+03 7.333541656639875894e-01
6.739999999999999091e+03 7.308090927525007219e-01
6.749999999999999091e+03 7.343330542972102970e-01
6.759999999999999091e+03 7.297035601601780108e-01
6.769999999999999091e+03 7.324781006442423470e-01
6.779999999999999091e+03 7.343532232702041362e-01
6.789999999999999091e+03 7.325863578489606454e-01
6.799999999999999091e+03 7.355804181082591375e-01
6.809999999999999091e+03 7.349264797938985794e-01
6.819999999999999091e+03 7.342379102569149829e-01
6.829999999999999091e+03 7.329389474535029647e-01
6.839999999999999091e+03 7.320138379936853568e-01
6.849999999999999091e+03 7.327537768773647597e-01
6.859999999999999091e+03 7.310745501260380586e-01
6.869999999999999091e+03 7.378084790351504552e-01
6.879999999999999091e+03 7.336641785911486302e-01
6.889999999999999091e+03 7.317536554299441942e-01
6.899999999999999091e+03 7.332846271666744187e-01
6.909999999999999091e+03 7.336818432744227625e-01
6.919999999999999091e+03 7.323391101001567316e-01
6.929999999999999091e+03 7.299733094172017323e-01
6.939999999999999091e+03 7.302141134509614329e-01
6.949999999999999091e+03 7.341603265427272262e-01
6.959999999999999091e+03 7.296978573099374143e-01
6.969999999999999091e+03 7.253782961172720034e-01
6.979999999999999091e+03 7.234723277065995273e-01
6.989999999999999091e+03 7.231569111995617138e-01
6.999999999999999091e+03 7.207642428772419452e-01
7.009999999999999091e+03 7.258136456588804020e-01
7.019999999999999091e+03 7.215440373574978361e-01
7.029999999999999091e+03 7.209196113875420142e-01
7.039999999999999091e+03 7.237515706244139757e-01
7.049999999999999091e+03 7.242959302920629616e-01
7.059999999999999091e+03 7.229079683244243881e-01
7.069999999999999091e+03 7.227390411986568397e-01
7.079999999999999091e+03 7.183591832871742966e-01
7.089999999999999091e+03 7.202495206889124590e-01
7.099999999999999091e+03 7.188979057713122955e-01
7.109999999999999091e+03 7.168925622707685852e-01
7.119999999999999091e+03 7.141661537837361573e-01
7.129999999999999091e+03 7.185865384076154383e-01
7.139999999999999091e+03 7.165006730192663431e-01
7.149999999999999091e+03 7.124783593819518090e-01
7.159999999999999091e+03 7.140021080059789638e-01
7.169999999999999091e+03 7.145780983377436613e-01
7.179999999999999091e+03 7.123194749109120760e-01
7.189999999999999091e+03 7.132337922062936819e-01
7.199999999999999091e+03 7.156699298235806861e-01
7.209999999999999091e+03 7.090812224276670239e-01
7.219999999999999091e+03 7.147308728555173962e-01
7.229999999999999091e+03 7.115796053129571641e-01
7.239999999999999091e+03 7.137027483641968928e-01
7.249999999999999091e+03 7.085904668774302140e-01
7.259999999999999091e+03 7.150070366164440472e-01
7.269999999999999091e+03 7.126278153450940067e-01
7.279999999999999091e+03 7.095585661885545070e-01
7.289999999999999091e+03 7.093112264582658311e-01
7.299999999999999091e+03 7.105886319455133604e-01
7.309999999999999091e+03 7.121951820361470675e-01
7.319999999999999091e+03 7.075220464375302498e-01
7.329999999999999091e+03 7.065730202451550035e-01
7.339999999999999091e+03 7.077478038789734027e-01
7.349999999999999091e+03 7.103637587947241316e-01
7.359999999999999091e+03 7.070573576761505219e-01
7.369999999999999091e+03 7.050600163688685029e-01
7.379999999999999091e+03 7.042200804006254478e-01
7.389999999999999091e+03 7.063989181084732172e-01
7.399999999999999091e+03 7.063520269221450487e-01
7.409999999999999091e+03 7.012023097613638845e-01
7.419999999999999091e+03 6.987496978056644270e-01
7.429999999999999091e+03 7.005097538934480506e-01
7.439999999999999091e+03 6.933656263711317491e-01
7.449999999999999091e+03 6.930525574817859580e-01
7.459999999999999091e+03 6.930194449818062319e-01
7.469999999999999091e+03 6.929845172752659987e-01
7.479999999999999091e+03 6.982482395358926563e-01
7.489999999999999091e+03 6.925333495946949247e-01
7.499999999999999091e+03 6.920935138569371814e-01
7.509999999999999091e+03 6.908257682198299943e-01
7.519999999999999091e+03 6.918463595887436313e-01
7.529999999999999091e+03 6.868371830652244547e-01
7.539999999999999091e+03 6.903352848638353301e-01
7.549999999999999091e+03 6.888208239653513809e-01
7.559999999999999091e+03 6.855757431275359970e-01
7.569999999999999091e+03 6.860699347875907073e-01
7.579999999999999091e+03 6.875901907905527244e-01
7.589999999999999091e+03 6.830430001413487773e-01
7.599999999999999091e+03 6.819831990513479658e-01
7.609999999999999091e+03 6.796901327182059971e-01
7.619999999999999091e+03 6.818531197370351071e-01
7.629999999999999091e+03 6.824096564553250310e-01
7.639999999999999091e+03 6.819951373806122374e-01
7.649999999999999091e+03 6.806357356854290108e-01
7.659999999999999091e+03 6.782521700494893446e-01
7.669999999999999091e+03 6.819048888712283540e-01
7.679999999999998181e+03 6.806883067594661219e-01
7.689999999999998181e+03 6.756182335229048430e-01
7.699999999999998181e+03 6.763281072366293944e-01
7.709999999999998181e+03 6.745705458716085845e-01
7.719999999999998181e+03 6.736428733768213828e-01
7.729999999999998181e+03 6.702860641154687604e-01
7.739999999999998181e+03 6.756639343399246656e-01
7.749999999999998181e+03 6.678442575603128484e-01
7.759999999999998181e+03 6.660963778764046328e-01
7.769999999999998181e+03 6.671493159553915087e-01
7.779999999999998181e+03 6.701519661571270214e-01
7.789999999999998181e+03 6.630027426873029706e-01
7.799999999999998181e+03 6.608855860677870231e-01
7.809999999999998181e+03 6.636132160536449831e-01
7.819999999999998181e+03 6.656210052248043851e-01
7.829999999999998181e+03 6.609648355368374917e-01
7.839999999999998181e+03 6.546920063132296574e-01
7.849999999999998181e+03 6.562310632192578375e-01
7.859999999999998181e+03 6.572754967256667635e-01
7.869999999999998181e+03 6.590625821959222863e-01
7.879999999999998181e+03 6.572431562732744537e-01
7.889999999999998181e+03 6.598546721738139942e-01
7.899999999999998181e+03 6.566002935623245218e-01
7.909999999999998181e+03 6.511829656523530074e-01
7.919999999999998181e+03 6.477331366845440197e-01
7.929999999999998181e+03 6.486661514158812425e-01
7.939999999999998181e+03 6.473092353249780828e-01
7.949999999999998181e+03 6.508361297390243827e-01
7.959999999999998181e+03 6.506319387479791994e-01
7.969999999999998181e+03 6.446831401655657157e-01
7.979999999999998181e+03 6.399926159447706375e-01
7.989999999999998181e+03 6.438317013675015632e-01
7.999999999999998181e+03 6.364112758371749390e-01
8.009999999999998181e+03 6.309215924498668970e-01
8.019999999999998181e+03 6.315031344963255577e-01
8.029999999999998181e+03 6.307902267573072264e-01
8.039999999999998181e+03 6.327158983698782935e-01
8.049999999999998181e+03 6.328151270629011060e-01
8.059999999999998181e+03 6.306628069147394156e-01
8.069999999999998181e+03 6.321781252427759457e-01
8.079999999999998181e+03 6.297745442797073601e-01
8.089999999999998181e+03 6.240063825557427002e-01
8.099999999999998181e+03 6.230963709069844425e-01
8.109999999999998181e+03 6.175991983199929924e-01
8.119999999999998181e+03 6.190255225318348486e-01
8.129999999999998181e+03 6.198437498139095503e-01
8.139999999999998181e+03 6.171644913414668920e-01
8.149999999999998181e+03 6.131544007555757014e-01
8.159999999999998181e+03 6.147464201927363980e-01
8.169999999999998181e+03 6.128769308914160385e-01
8.179999999999998181e+03 6.158241166296981595e-01
8.189999999999998181e+03 6.065689258173654341e-01
8.199999999999998181e+03 6.033917380729333368e-01
8.209999999999998181e+03 6.048951962122453008e-01
8.219999999999998181e+03 6.039993226744809762e-01
8.229999999999998181e+03 6.000282947981220305e-01
8.239999999999998181e+03 5.984420999351441894e-01
8.249999999999998181e+03 5.941171086632430764e-01
8.259999999999998181e+03 5.961521265344501552e-01
8.269999999999998181e+03 5.952988716694773697e-01
8.279999999999998181e+03 5.924314478312422416e-01
8.289999999999998181e+03 5.905586105975513256e-01
8.299999999999998181e+03 5.894836930745495085e-01
8.309999999999998181e+03 5.854204623550309794e-01
8.319999999999998181e+03 5.813761067910194758e-01
8.329999999999998181e+03 5.813939140222302848e-01
8.339999999999998181e+03 5.817941255927786548e-01
8.349999999999998181e+03 5.823358455989825488e-01
8.359999999999998181e+03 5.799388864154726431e-01
8.369999999999998181e+03 5.709132414279937118e-01
8.379999999999998181e+03 5.699326216200499839e-01
8.389999999999998181e+03 5.725987371441290108e-01
8.399999999999998181e+03 5.689407115405578086e-01
8.409999999999998181e+03 5.671865191872512701e-01
8.419999999999998181e+03 5.643514164393345078e-01
8.429999999999998181e+03 5.582775117622529315e-01
8.439999999999998181e+03 5.639142046703086164e-01
8.449999999999998181e+03 5.628595133946776574e-01
8.459999999999998181e+03 5.548275608058215180e-01
8.469999999999998181e+03 5.501072841098731958e-01
8.479999999999998181e+03 5.438708301402911394e-01
8.489999999999998181e+03 5.415394487324842743e-01
8.499999999999998181e+03 5.421639753303200138e-01
8.509999999999998181e+03 5.430580425142120804e-01
8.519999999999998181e+03 5.408260000209788032e-01
8.529999999999998181e+03 5.427825855079044803e-01
8.539999999999998181e+03 5.437301587703157191e-01
8.549999999999998181e+03 5.308985583315660728e-01
8.559999999999998181e+03 5.258662369991128349e-01
8.569999999999998181e+03 5.276232942681349236e-01
8.579999999999998181e+03 5.223775021406713570e-01
8.589999999999998181e+03 5.202298663413990054e-01
8.599999999999998181e+03 5.273038037726698324e-01
8.609999999999998181e+03 5.261980183105759989e-01
8.619999999999998181e+03 5.247162730048797741e-01
8.629999999999998181e+03 5.201501850460875653e-01
8.639999999999998181e+03 5.179257805121333380e-01
8.649999999999998181e+03 5.025847546800565890e-01
8.659999999999998181e+03 5.059353915862870865e-01
8.669999999999998181e+03 5.027377677809226064e-01
8.679999999999998181e+03 4.886125435349188972e-01
8.689999999999998181e+03 4.972033264284358434e-01
8.699999999999998181e+03 4.935937794525980804e-01
8.709999999999998181e+03 4.918006120297770400e-01
8.719999999999998181e+03 4.842680861243724988e-01
8.729999999999998181e+03 4.913229841978745682e-01
8.739999999999998181e+03 4.806706533110008395e-01
8.749999999999998181e+03 4.710376509627089980e-01
8.759999999999998181e+03 4.718838532555247323e-01
8.769999999999998181e+03 4.710208074452211235e-01
8.779999999999998181e+03 4.736435637336610105e-01
8.789999999999998181e+03 4.657962222228262950e-01
8.799999999999998181e+03 4.550249692301402971e-01
8.809999999999998181e+03 4.516214093700731680e-01
8.819999999999998181e+03 4.541290251863982497e-01
8.829999999999998181e+03 4.436929835031417912e-01
8.839999999999998181e+03 4.414547818369106147e-01
8.849999999999998181e+03 4.411763315898578619e-01
8.859999999999998181e+03 4.347862093444787024e-01
8.869999999999998181e+03 4.345740440370103319e-01
8.879999999999998181e+03 4.302189403937954904e-01
8.889999999999998181e+03 4.288694598642490141e-01
8.899999999999998181e+03 4.277387534014464587e-01
8.909999999999998181e+03 4.231829636118114579e-01
8.919999999999998181e+03 4.230514237171301706e-01
8.929999999999998181e+03 4.215572692333400817e-01
8.939999999999998181e+03 4.168058983751535274e-01
8.949999999999998181e+03 4.109439210750140403e-01
8.959999999999998181e+03 4.099502908306087434e-01
8.969999999999998181e+03 4.081721701015506576e-01
8.979999999999998181e+03 4.035424314839415882e-01
8.989999999999998181e+03 3.995834023817649849e-01
8.999999999999998181e+03 3.935495041302690677e-01
9.009999999999998181e+03 3.879056988908258785e-01
9.019999999999998181e+03 3.859216373996212091e-01
9.029999999999998181e+03 3.812898096710272133e-01
9.039999999999998181e+03 3.748326698384681355e-01
9.049999999999998181e+03 3.760085530152267319e-01
9.059999999999998181e+03 3.765686390639574888e-01
9.069999999999998181e+03 3.710456682842691034e-01
9.079999999999998181e+03 3.676946598669442734e-01
9.089999999999998181e+03 3.647841603686274303e-01
9.099999999999998181e+03 3.563666140034798535e-01
9.109999999999998181e+03 3.491263267402916481e-01
9.119999999999998181e+03 3.456425273621062666e-01
9.129999999999998181e+03 3.445584181747342600e-01
9.139999999999998181e+03 3.430420532116747467e-01
9.149999999999998181e+03 3.374955104221841751e-01
9.159999999999998181e+03 3.285617232139328436e-01
9.169999999999998181e+03 3.196523673303195423e-01
9.179999999999998181e+03 3.081697151552594827e-01
9.189999999999998181e+03 2.950125932919723803e-01
9.199999999999998181e+03 2.797084218782355802e-01
9.209999999999998181e+03 2.604987226712016657e-01
9.219999999999998181e+03 2.327832918741304380e-01
9.229999999999998181e+03 2.016751049629199877e-01
9.239999999999998181e+03 1.696159641225992165e-01
9.249999999999998181e+03 1.348757878924451703e-01
9.259999999999998181e+03 9.965862121265622875e-02
9.269999999999998181e+03 6.842513408126220387e-02
9.279999999999998181e+03 4.296172549109568417e-02
9.289999999999998181e+03 2.413366581549183931e-02
9.299999999999998181e+03 1.264355074535396077e-02
9.309999999999998181e+03 6.094530670586957403e-03
9.319999999999998181e+03 3.600788873484660202e-03
9.329999999999998181e+03 3.047159817035800366e-03
9.339999999999998181e+03 3.015604716681475738e-03
9.349999999999998181e+03 3.454951926685545082e-03
9.359999999999998181e+03 3.978761728787126931e-03
9.369999999999998181e+03 4.326158536010009902e-03
9.379999999999998181e+03 4.410632169612602876e-03
9.389999999999998181e+03 4.514423931569734594e-03
9.399999999999998181e+03 4.535731921937568266e-03
9.409999999999998181e+03 4.427117014393042692e-03
9.419999999999998181e+03 4.051739042563149568e-03
9.429999999999998181e+03 3.704508186935048623e-03
9.439999999999998181e+03 3.411833316111776045e-03
9.449999999999998181e+03 3.089616124863179582e-03
9.459999999999998181e+03 2.669650630336359472e-03
9.469999999999998181e+03 2.168882545327367913e-03
9.479999999999998181e+03 1.744085939148597251e-03
9.489999999999998181e+03 1.358066628919583950e-03
9.499999999999998181e+03 1.124079815370299974e-03
9.509999999999998181e+03 8.692398662524201134e-04
9.519999999999998181e+03 7.147901236013360672e-04
9.529999999999998181e+03 6.009426067506660205e-04
9.539999999999998181e+03 5.691339062573350050e-04
9.549999999999998181e+03 5.960208423346249592e-04
9.559999999999998181e+03 5.160597378080080755e-04
9.569999999999998181e+03 3.595357211984999738e-04
9.579999999999998181e+03 3.859620069683640390e-04
9.589999999999998181e+03 3.050028065018109912e-04
9.599999999999998181e+03 2.902185297432420216e-04
9.609999999999998181e+03 3.901183237481350248e-04
9.619999999999998181e+03 2.548873536216639886e-04
9.629999999999998181e+03 2.218277710543499958e-04
9.639999999999998181e+03 2.457202524629550000e-04
9.649999999999998181e+03 2.497908582200890218e-04
9.659999999999998181e+03 2.516953053353559793e-04
9.669999999999998181e+03 1.963925676992600100e-04
9.679999999999998181e+03 1.624483096165720052e-04
9.689999999999998181e+03 1.794867396421999948e-04
9.699999999999998181e+03 1.815544464794639724e-04
9.709999999999998181e+03 1.767851648294199924e-04
9.719999999999998181e+03 1.652105102459110056e-04
9.729999999999998181e+03 1.522560013869299865e-04
9.739999999999998181e+03 1.439245336973220127e-04
9.749999999999998181e+03 1.507596283846379822e-04
9.759999999999998181e+03 1.520479856520000035e-04
9.769999999999998181e+03 1.506508272567340107e-04
9.779999999999998181e+03 1.422475206705930072e-04
9.789999999999998181e+03 1.453299184634640061e-04
9.799999999999998181e+03 1.358908034661599797e-04
9.809999999999998181e+03 1.434743034645600017e-04
9.819999999999998181e+03 1.455806024323200111e-04
9.829999999999998181e+03 1.413106418932000112e-04
9.839999999999998181e+03 1.358250563347200188e-04
9.849999999999998181e+03 1.187063447325109952e-04
9.859999999999998181e+03 1.243405492203059992e-04
9.869999999999998181e+03 1.258078874584719951e-04
9.879999999999998181e+03 1.186297518046860024e-04
9.889999999999998181e+03 1.138646463745679981e-04
9.899999999999998181e+03 1.065846869974639976e-04
9.909999999999998181e+03 9.999468983999098962e-05
9.919999999999998181e+03 9.280543030000800385e-05
9.929999999999998181e+03 8.454192362583999739e-05
9.939999999999998181e+03 7.769036288113099727e-05
9.949999999999998181e+03 7.307581656151400362e-05
9.959999999999998181e+03 6.992066983095900437e-05
9.969999999999998181e+03 6.516067587762599449e-05
9.979999999999998181e+03 5.969594342677199709e-05
9.989999999999998181e+03 5.410049613977200054e-05
9.999999999999998181e+03 4.836300713016499983e-05
1.000999999999999818e+04 3.998502639881099791e-05
1.001999999999999818e+04 4.069095239203499920e-05
1.002999999999999818e+04 3.739021947497199574e-05
1.003999999999999818e+04 3.673533037096499360e-05
1.004999999999999818e+04 3.375337258807500343e-05
1.005999999999999818e+04 3.248435151318500384e-05
1.006999999999999818e+04 3.035893298678100249e-05
1.007999999999999818e+04 2.991603422291899962e-05
1.008999999999999818e+04 2.855331739647800257e-05
1.009999999999999818e+04 2.787934468459500245e-05
1.010999999999999818e+04 2.944232595791000326e-05
1.011999999999999818e+04 2.960061368388699655e-05
1.012999999999999818e+04 2.852753451833999997e-05
1.013999999999999818e+04 3.115703245476099918e-05
1.014999999999999818e+04 2.946030332114999884e-05
1.015999999999999818e+04 2.967478507265999886e-05
1.016999999999999818e+04 3.038186726952300153e-05
1.017999999999999818e+04 2.977982693839999943e-05
1.018999999999999818e+04 3.235800594194700516e-05
1.019999999999999818e+04 3.220707221377799916e-05
1.020999999999999818e+04 3.176853031097000101e-05
1.021999999999999818e+04 3.062024854300199724e-05
1.022999999999999818e+04 3.067362422938799723e-05
1.023999999999999818e+04 3.074271989065199807e-05
1.024999999999999818e+04 3.094666235765000146e-05
1.025999999999999818e+04 3.018022518243400484e-05
1.026999999999999818e+04 2.905564792418499951e-05
1.027999999999999818e+04 3.027593025895800057e-05
1.028999999999999818e+04 2.928893135553000247e-05
1.029999999999999818e+04 2.790862077817299770e-05
1.030999999999999818e+04 2.699829326191000004e-05
1.031999999999999818e+04 2.489501284615999933e-05
1.032999999999999818e+04 2.473859359399999919e-05
1.033999999999999818e+04 2.290797649868699790e-05
1.034999999999999818e+04 2.128087920595500137e-05
1.035999999999999818e+04 2.012734199779199969e-05
1.036999999999999818e+04 1.937534806409999953e-05
1.037999999999999818e+04 1.692410949895199878e-05
1.038999999999999818e+04 1.574308888918999957e-05
1.039999999999999818e+04 1.429241368751000017e-05
1.040999999999999818e+04 1.232806547827500120e-05
1.041999999999999818e+04 1.129425489699299905e-05
1.042999999999999818e+04 1.040703149752199831e-05
1.043999999999999818e+04 9.813706829630000077e-06
1.044999999999999818e+04 8.633787416347999587e-06
1.045999999999999818e+04 7.659572104794000141e-06
1.046999999999999818e+04 7.237030477786000660e-06
1.047999999999999818e+04 6.550820255937000046e-06
1.048999999999999818e+04 6.414280640215000480e-06
1.049999999999999818e+04 5.985335837368999295e-06
1.050999999999999818e+04 5.842378219731999983e-06
1.051999999999999818e+04 5.982803275398999786e-06
1.052999999999999818e+04 6.098750569069000680e-06
1.053999999999999818e+04 6.328971463280999177e-06
1.054999999999999818e+04 6.523141888406999090e-06
1.055999999999999818e+04 6.665460859981999564e-06
1.056999999999999818e+04 6.844380857593000540e-06
1.057999999999999818e+04 6.926226653779999479e-06
1.058999999999999818e+04 7.055321247415999605e-06
1.059999999999999818e+04 7.225113010795999261e-06
1.060999999999999818e+04 7.390852675023999195e-06
1.061999999999999818e+04 7.408789820454999874e-06
1.062999999999999818e+04 7.354361760377999078e-06
1.063999999999999818e+04 7.168504745197000185e-06
1.064999999999999818e+04 7.137244121575999660e-06
1.065999999999999818e+04 7.033155824609000285e-06
1.066999999999999818e+04 6.775109782143999684e-06
1.067999999999999818e+04 6.812657766134000098e-06
1.068999999999999818e+04 6.479031265572999523e-06
1.069999999999999818e+04 6.213783938201999236e-06
1.070999999999999818e+04 5.899768276200000091e-06
1.071999999999999818e+04 5.544207586750999307e-06
1.072999999999999818e+04 5.136971621974999698e-06
1.073999999999999818e+04 4.786817401774999969e-06
1.074999999999999818e+04 4.508620974939999447e-06
1.075999999999999818e+04 4.185565167818999289e-06
1.076999999999999818e+04 3.758520163982000101e-06
1.077999999999999818e+04 3.291262480516999684e-06
1.078999999999999818e+04 3.106209278482999780e-06
1.079999999999999818e+04 2.884367861049999993e-06
1.080999999999999818e+04 2.516199417445999741e-06
1.081999999999999818e+04 2.200278828396999885e-06
1.082999999999999818e+04 2.158128188304999949e-06
1.083999999999999818e+04 1.958617360763999635e-06
1.084999999999999818e+04 1.721932927959000000e-06
1.085999999999999818e+04 1.691465106345999909e-06
1.086999999999999818e+04 1.573899175242999939e-06
1.087999999999999818e+04 1.496446823516999794e-06
1.088999999999999818e+04 1.412641044588000165e-06
1.089999999999999818e+04 1.366878750903999923e-06
1.090999999999999818e+04 1.365722581308999917e-06
1.091999999999999818e+04 1.356473224549000082e-06
1.092999999999999818e+04 1.328240664152999946e-06
1.093999999999999818e+04 1.302155275862000093e-06
1.094999999999999818e+04 1.282302192244999937e-06
1.095999999999999818e+04 1.338833379871000016e-06
1.096999999999999818e+04 1.349238906225999857e-06
1.097999999999999818e+04 1.382624679673999953e-06
1.098999999999999818e+04 1.453393270027000098e-06
1.099999999999999818e+04 1.533719529031999883e-06
1.100999999999999818e+04 1.621335162055000084e-06
1.101999999999999818e+04 1.726645695450999907e-06
1.102999999999999818e+04 1.804472425902999875e-06
1.103999999999999818e+04 1.913163378972000044e-06
1.104999999999999818e+04 2.060151073482999848e-06
1.105999999999999818e+04 2.241680711036999754e-06
1.106999999999999818e+04 2.471450148550000065e-06
1.107999999999999818e+04 2.685440623876000019e-06
1.108999999999999818e+04 2.841072062501999877e-06
1.109999999999999818e+04 3.076765492797000082e-06
1.110999999999999818e+04 3.344226059107000034e-06
1.111999999999999818e+04 3.593055778228999432e-06
1.112999999999999818e+04 3.873960945258000077e-06
1.113999999999999818e+04 4.175126608047000180e-06
1.114999999999999818e+04 4.534442095894999649e-06
1.115999999999999818e+04 4.863399873520000047e-06
1.116999999999999818e+04 5.029447849640000208e-06
1.117999999999999818e+04 5.296423925833999743e-06
1.118999999999999818e+04 5.654495154974999959e-06
1.119999999999999818e+04 6.133876102478999428e-06
1.120999999999999818e+04 6.661441794246999110e-06
1.121999999999999818e+04 6.909269499720000522e-06
1.122999999999999818e+04 7.276138628921999211e-06
1.123999999999999818e+04 7.779094425025000371e-06
1.124999999999999818e+04 7.722662337650000215e-06
1.125999999999999818e+04 8.131384806190999922e-06
1.126999999999999818e+04 8.692468405074998679e-06
1.127999999999999818e+04 9.232234438855001069e-06
1.128999999999999818e+04 9.864659207319999426e-06
1.129999999999999818e+04 1.019599539096900049e-05
1.130999999999999818e+04 1.078069788300800024e-05
1.131999999999999818e+04 1.092726715423699774e-05
1.132999999999999818e+04 1.100729611248900051e-05
1.133999999999999818e+04 1.173922854409700007e-05
1.134999999999999818e+04 1.234876115458099996e-05
1.135999999999999818e+04 1.278949300419499941e-05
1.136999999999999818e+04 1.305008261976899956e-05
1.137999999999999818e+04 1.345995024676599818e-05
1.138999999999999818e+04 1.352580786912500069e-05
1.139999999999999818e+04 1.386866170416799954e-05
1.140999999999999818e+04 1.422364981438900002e-05
1.141999999999999818e+04 1.446128120514799978e-05
1.142999999999999818e+04 1.452563030146400042e-05
1.143999999999999818e+04 1.406933971244299926e-05
1.144999999999999818e+04 1.468367317953099895e-05
1.145999999999999818e+04 1.409807878523299947e-05
1.146999999999999818e+04 1.379699020041699879e-05
1.147999999999999818e+04 1.391814576283399920e-05
1.148999999999999818e+04 1.362625147908299837e-05
1.149999999999999818e+04 1.357016073701699941e-05
1.150999999999999818e+04 1.281431211150100121e-05
1.151999999999999818e+04 1.213305294157100037e-05
1.152999999999999818e+04 1.190387810556399959e-05
1.153999999999999818e+04 1.168021985019600110e-05
1.154999999999999818e+04 1.120779794253999962e-05
1.155999999999999818e+04 1.148849389792800039e-05
1.156999999999999818e+04 1.083557739978400007e-05
1.157999999999999818e+04 1.048491666718999942e-05
1.158999999999999818e+04 1.042706414288399940e-05
1.159999999999999818e+04 1.013629299531099910e-05
1.160999999999999818e+04 1.042111812782400070e-05
1.161999999999999818e+04 1.061999030930300091e-05
1.162999999999999818e+04 1.044417545288999974e-05
1.163999999999999818e+04 1.036208741164499996e-05
1.164999999999999818e+04 1.108057524253400009e-05
1.165999999999999818e+04 1.144901896461300003e-05
1.166999999999999818e+04 1.254264529009299972e-05
1.167999999999999818e+04 1.274319116469999899e-05
1.168999999999999818e+04 1.363576510317900104e-05
1.169999999999999818e+04 1.449617550463900111e-05
1.170999999999999818e+04 1.480564356623399881e-05
1.171999999999999818e+04 1.597927682768800119e-05
1.172999999999999818e+04 1.665008642670699949e-05
1.173999999999999818e+04 1.721497987968499967e-05
1.174999999999999818e+04 1.888659190241399942e-05
1.175999999999999818e+04 1.943776547619799922e-05
1.176999999999999818e+04 2.066685083365600004e-05
1.177999999999999818e+04 2.153880090878799967e-05
1.178999999999999818e+04 2.257405718642899753e-05
1.179999999999999818e+04 2.325103302328799699e-05
1.180999999999999818e+04 2.354581222545699940e-05
1.181999999999999818e+04 2.502239495421799709e-05
1.182999999999999818e+04 2.537250512986199752e-05
1.183999999999999818e+04 2.675042805318299696e-05
1.184999999999999818e+04 2.720332721139199816e-05
1.185999999999999818e+04 2.757963288671700009e-05
1.186999999999999818e+04 2.726340398577600086e-05
1.187999999999999818e+04 2.788953038273299929e-05
1.188999999999999818e+04 2.754133614527500215e-05
1.189999999999999818e+04 2.794945300117099806e-05
1.190999999999999818e+04 2.792066988382499600e-05
1.191999999999999818e+04 2.767098129586099996e-05
1.192999999999999818e+04 2.675342308299100063e-05
1.193999999999999818e+04 2.644822734332800257e-05
1.194999999999999818e+04 2.565278266196799851e-05
1.195999999999999818e+04 2.557877679674899979e-05
1.196999999999999818e+04 2.444630317287700024e-05
1.197999999999999818e+04 2.376466962422099980e-05
1.198999999999999818e+04 2.283614431690699951e-05
