2.999999999999999545e+03 2.107134084960700071e-08
3.009999999999999545e+03 1.420826272589999933e-08
3.019999999999999545e+03 2.655552487285799956e-12
3.029999999999999545e+03 5.889346922325000457e-09
3.039999999999999545e+03 8.095045838288000578e-09
3.049999999999999545e+03 3.105509738230900181e-09
3.059999999999999545e+03 3.075684529424399741e-09
3.069999999999999545e+03 1.322924441438500043e-12
3.079999999999999545e+03 2.825439363329699914e-09
3.089999999999999545e+03 1.570228072958400242e-09
3.099999999999999545e+03 9.993639139056000527e-10
3.109999999999999545e+03 1.788288415498000061e-09
3.119999999999999545e+03 1.241515822705400187e-10
3.129999999999999545e+03 4.668104364326700361e-10
3.139999999999999545e+03 8.404852708395998834e-10
3.149999999999999545e+03 1.514140101282000001e-12
3.159999999999999545e+03 5.737858462011999835e-10
3.169999999999999545e+03 1.340655241150400086e-09
3.179999999999999545e+03 9.956508793359000729e-10
3.189999999999999545e+03 2.238968253034999735e-09
3.199999999999999545e+03 4.622695452131700654e-09
3.209999999999999545e+03 8.980847425188000852e-09
3.219999999999999545e+03 2.717672941582499962e-08
3.229999999999999545e+03 8.546907220367999659e-08
3.239999999999999545e+03 1.209101208012000057e-06
3.249999999999999545e+03 1.439395493356800130e-06
3.259999999999999545e+03 2.789410196634399789e-06
3.269999999999999545e+03 1.147650982587999915e-05
3.279999999999999545e+03 1.977925342671999994e-05
3.289999999999999545e+03 7.211257869087999365e-06
3.299999999999999545e+03 1.912956000932299809e-05
3.309999999999999545e+03 2.760368717819399972e-05
3.319999999999999545e+03 2.729264461689999820e-05
3.329999999999999545e+03 2.039502850572200065e-05
3.339999999999999545e+03 1.641684257658400080e-05
3.349999999999999545e+03 1.390023129166800028e-05
3.359999999999999545e+03 4.424834528451000434e-06
3.369999999999999545e+03 6.291894690557999750e-06
3.379999999999999545e+03 5.467844175695700587e-06
3.389999999999999545e+03 4.535734466730000018e-06
3.399999999999999545e+03 1.198012851550000023e-05
3.409999999999999545e+03 1.455244931382499934e-05
3.419999999999999545e+03 2.459807890616999988e-05
3.429999999999999545e+03 1.296881689321999945e-05
3.439999999999999545e+03 1.614699961880000127e-05
3.449999999999999545e+03 9.099881333279999287e-06
3.459999999999999545e+03 3.881909529697200650e-06
3.469999999999999545e+03 1.057815139526400087e-06
3.479999999999999545e+03 3.524876803004800287e-06
3.489999999999999545e+03 1.092445213060199983e-05
3.499999999999999545e+03 1.303459042713999909e-05
3.509999999999999545e+03 2.002524943084799781e-05
3.519999999999999545e+03 2.359726426368899678e-05
3.529999999999999545e+03 2.094681065807399621e-05
3.539999999999999545e+03 1.182646319990699885e-05
3.549999999999999545e+03 1.730390022629999897e-05
3.559999999999999545e+03 3.631953113892000506e-05
3.569999999999999545e+03 4.624773105442200156e-05
3.579999999999999545e+03 6.804954969852800061e-05
3.589999999999999545e+03 5.249802769356599831e-05
3.599999999999999545e+03 3.334440787412200070e-05
3.609999999999999545e+03 3.114848743566300007e-05
3.619999999999999545e+03 5.345146364657999842e-05
3.629999999999999545e+03 3.525504510360000026e-05
3.639999999999999545e+03 6.419259409464000380e-05
3.649999999999999545e+03 8.144147068629900013e-05
3.659999999999999545e+03 1.062973330606860074e-04
3.669999999999999545e+03 1.462757282927519976e-04
3.679999999999999545e+03 9.285006386389498738e-05
3.689999999999999545e+03 8.966070455094000166e-05
3.699999999999999545e+03 1.008104227725839958e-04
3.709999999999999545e+03 1.016173319108199950e-04
3.719999999999999545e+03 1.081896347961380084e-04
3.729999999999999545e+03 1.478228085416050152e-04
3.739999999999999545e+03 1.393038318606360025e-04
3.749999999999999545e+03 1.455922075330999966e-04
3.759999999999999545e+03 1.657891499605249899e-04
3.769999999999999545e+03 1.928273649690559965e-04
3.779999999999999545e+03 1.675403862107799759e-04
3.789999999999999545e+03 1.935725101466880048e-04
3.799999999999999545e+03 1.641504110593050081e-04
3.809999999999999545e+03 1.085920278412200179e-04
3.819999999999999545e+03 1.459653903977199999e-04
3.829999999999999545e+03 2.035060352769239866e-04
3.839999999999999091e+03 1.898631350121700312e-04
3.849999999999999091e+03 1.939336457863110111e-04
3.859999999999999091e+03 2.402446794304109658e-04
3.869999999999999091e+03 2.790330919847999682e-04
3.879999999999999091e+03 3.100852950678450320e-04
3.889999999999999091e+03 3.560358703373779480e-04
3.899999999999999091e+03 3.720218183098440343e-04
3.909999999999999091e+03 3.399588811527089714e-04
3.919999999999999091e+03 1.511115266376959873e-04
3.929999999999999091e+03 5.631241102741799896e-05
3.939999999999999091e+03 2.243621107385699771e-05
3.949999999999999091e+03 1.305310135351359985e-05
3.959999999999999091e+03 8.398061536508998537e-06
3.969999999999999091e+03 6.690164056401200513e-06
3.979999999999999091e+03 8.029996971799999229e-06
3.989999999999999091e+03 6.982159325644299404e-06
3.999999999999999091e+03 9.545700171947399387e-06
4.009999999999999091e+03 1.129961920748280041e-05
4.019999999999999091e+03 1.087843767208759948e-05
4.029999999999999091e+03 5.963520260880000280e-06
4.039999999999999091e+03 3.564484706244599958e-06
4.049999999999999091e+03 4.513171071079200155e-06
4.059999999999999091e+03 4.220240381991000281e-06
4.069999999999999091e+03 3.338824860500799849e-06
4.079999999999999091e+03 3.082179457354000292e-06
4.089999999999999091e+03 4.160807539064399458e-06
4.099999999999999091e+03 7.519505010721199350e-06
4.109999999999999091e+03 1.036795632950439961e-05
4.119999999999999091e+03 9.544003274735999033e-06
4.129999999999999091e+03 7.618741571511000289e-06
4.139999999999999091e+03 7.413170099732999948e-06
4.149999999999999091e+03 7.261519418218000641e-06
4.159999999999999091e+03 5.560254614823999419e-06
4.169999999999999091e+03 3.942296467691399463e-06
4.179999999999999091e+03 3.152630936904800265e-06
4.189999999999999091e+03 3.173211637978199949e-06
4.199999999999999091e+03 7.128710517457700992e-06
4.209999999999999091e+03 1.547181006710010069e-05
4.219999999999999091e+03 1.951466920584480155e-05
4.229999999999999091e+03 2.041214487817959655e-05
4.239999999999999091e+03 1.647864298291600211e-05
4.249999999999999091e+03 1.444749383217950049e-05
4.259999999999999091e+03 2.277499247418150144e-05
4.269999999999999091e+03 3.323018023266479656e-05
4.279999999999999091e+03 3.258389584947780064e-05
4.289999999999999091e+03 3.498070065609260038e-05
4.299999999999999091e+03 4.331058050001799944e-05
4.309999999999999091e+03 6.371785736022799222e-05
4.319999999999999091e+03 7.355751033430798927e-05
4.329999999999999091e+03 6.595414231098600615e-05
4.339999999999999091e+03 5.121240955261200864e-05
4.349999999999999091e+03 5.809782002500000738e-05
4.359999999999999091e+03 6.199087500668900696e-05
4.369999999999999091e+03 4.488344304155499818e-05
4.379999999999999091e+03 2.891624894908589996e-05
4.389999999999999091e+03 4.517786100375999946e-05
4.399999999999999091e+03 8.928986327818399626e-05
4.409999999999999091e+03 1.239064510292790181e-04
4.419999999999999091e+03 1.269879864601600129e-04
4.429999999999999091e+03 9.125714664986000449e-05
4.439999999999999091e+03 6.929975949045200339e-05
4.449999999999999091e+03 7.571934180156799038e-05
4.459999999999999091e+03 1.146411350487360040e-04
4.469999999999999091e+03 1.911883275910120290e-04
4.479999999999999091e+03 2.697947812508850150e-04
4.489999999999999091e+03 3.838101658870500272e-04
4.499999999999999091e+03 4.605631998292080190e-04
4.509999999999999091e+03 4.954627041800659364e-04
4.519999999999999091e+03 4.564895564442560420e-04
4.529999999999999091e+03 3.247584578555789948e-04
4.539999999999999091e+03 1.974029590428000140e-04
4.549999999999999091e+03 1.374440758165440090e-04
4.559999999999999091e+03 1.263886259112049831e-04
4.569999999999999091e+03 1.448945694782439791e-04
4.579999999999999091e+03 1.986569261671410167e-04
4.589999999999999091e+03 2.594368162417439957e-04
4.599999999999999091e+03 2.660424547786059669e-04
4.609999999999999091e+03 1.958737522032300146e-04
4.619999999999999091e+03 1.290809757521200031e-04
4.629999999999999091e+03 1.261545129200800108e-04
4.639999999999999091e+03 1.511673097016869960e-04
4.649999999999999091e+03 1.500199517860290206e-04
4.659999999999999091e+03 1.399511688707999956e-04
4.669999999999999091e+03 1.337227573465080079e-04
4.679999999999999091e+03 1.351904802000600118e-04
4.689999999999999091e+03 1.589002552023119873e-04
4.699999999999999091e+03 2.174158114895519784e-04
4.709999999999999091e+03 2.660323298323989997e-04
4.719999999999999091e+03 3.008285743733300397e-04
4.729999999999999091e+03 3.559689508295999687e-04
4.739999999999999091e+03 4.300815362512700238e-04
4.749999999999999091e+03 5.653561031573851262e-04
4.759999999999999091e+03 7.653768292777519489e-04
4.769999999999999091e+03 9.393905583998199979e-04
4.779999999999999091e+03 9.297735267151741381e-04
4.789999999999999091e+03 6.836123570128949415e-04
4.799999999999999091e+03 3.893991885606599957e-04
4.809999999999999091e+03 1.919990288602680057e-04
4.819999999999999091e+03 9.955372424473601543e-05
4.829999999999999091e+03 8.316249057043200192e-05
4.839999999999999091e+03 1.027305746694099866e-04
4.849999999999999091e+03 1.767124167914999793e-04
4.859999999999999091e+03 3.282466224187010262e-04
4.869999999999999091e+03 5.431469865636639810e-04
4.879999999999999091e+03 7.949209509094499896e-04
4.889999999999999091e+03 1.004804541379191894e-03
4.899999999999999091e+03 1.094708329600897149e-03
4.909999999999999091e+03 1.044145528747199899e-03
4.919999999999999091e+03 9.388761649108851330e-04
4.929999999999999091e+03 9.355672343473560781e-04
4.939999999999999091e+03 1.110358812420000072e-03
4.949999999999999091e+03 1.564342159875717298e-03
4.959999999999999091e+03 2.504006199164447981e-03
4.969999999999999091e+03 3.792620775975369483e-03
4.979999999999999091e+03 4.740244367240464829e-03
4.989999999999999091e+03 4.777245162194744023e-03
4.999999999999999091e+03 3.875212491579177378e-03
5.009999999999999091e+03 2.725211188351397799e-03
5.019999999999999091e+03 1.930933442120760053e-03
5.029999999999999091e+03 1.676891358973945853e-03
5.039999999999999091e+03 1.989678811755511267e-03
5.049999999999999091e+03 2.502192409727291896e-03
5.059999999999999091e+03 2.813782100238983695e-03
5.069999999999999091e+03 2.494183133505954199e-03
5.079999999999999091e+03 1.767514897566715808e-03
5.089999999999999091e+03 1.067742542742044012e-03
5.099999999999999091e+03 6.168178472551680150e-04
5.109999999999999091e+03 5.143135850651519994e-04
5.119999999999999091e+03 6.820593355056321161e-04
5.129999999999999091e+03 1.048909842514601917e-03
5.139999999999999091e+03 1.799587205221912225e-03
5.149999999999999091e+03 3.314339944694228574e-03
5.159999999999999091e+03 5.529528545357390891e-03
5.169999999999999091e+03 8.469851376671999610e-03
5.179999999999999091e+03 1.168445874637177515e-02
5.189999999999999091e+03 1.464349577584791832e-02
5.199999999999999091e+03 1.704983997745066621e-02
5.209999999999999091e+03 1.906597636333314319e-02
5.219999999999999091e+03 2.127865070924376059e-02
5.229999999999999091e+03 2.313037610135236510e-02
5.239999999999999091e+03 2.361698894600917226e-02
5.249999999999999091e+03 2.227558651997809530e-02
5.259999999999999091e+03 1.905162430355056627e-02
5.269999999999999091e+03 1.509282795141984705e-02
5.279999999999999091e+03 1.221072048732032081e-02
5.289999999999999091e+03 1.070145230659324577e-02
5.299999999999999091e+03 1.000741804040541569e-02
5.309999999999999091e+03 9.799492753223846067e-03
5.319999999999999091e+03 1.010204991024603663e-02
5.329999999999999091e+03 1.237086657539414845e-02
5.339999999999999091e+03 1.845601925533987830e-02
5.349999999999999091e+03 3.067994647463639230e-02
5.359999999999999091e+03 5.369805679949772592e-02
5.369999999999999091e+03 9.226960284207053054e-02
5.379999999999999091e+03 1.488880935992564769e-01
5.389999999999999091e+03 2.176604904102323046e-01
5.399999999999999091e+03 2.839126404853782870e-01
5.409999999999999091e+03 3.402230247332429514e-01
5.419999999999999091e+03 3.930906151879342003e-01
5.429999999999999091e+03 4.549871476320850316e-01
5.439999999999999091e+03 5.240682537556423659e-01
5.449999999999999091e+03 5.825069888813043661e-01
5.459999999999999091e+03 6.219864645832793304e-01
5.469999999999999091e+03 6.434683334289158507e-01
5.479999999999999091e+03 6.542377733985499377e-01
5.489999999999999091e+03 6.614850699023151481e-01
5.499999999999999091e+03 6.656859685206903965e-01
5.509999999999999091e+03 6.675853017397321842e-01
5.519999999999999091e+03 6.690867225229076842e-01
5.529999999999999091e+03 6.725552288182886640e-01
5.539999999999999091e+03 6.749903569808367587e-01
5.549999999999999091e+03 6.785160198618973570e-01
5.559999999999999091e+03 6.812583765637315603e-01
5.569999999999999091e+03 6.807017463083813169e-01
5.579999999999999091e+03 6.817585906484661118e-01
5.589999999999999091e+03 6.840703111254741176e-01
5.599999999999999091e+03 6.881933350933595595e-01
5.609999999999999091e+03 6.895851771716200451e-01
5.619999999999999091e+03 6.926305366285275822e-01
5.629999999999999091e+03 6.966609429124382968e-01
5.639999999999999091e+03 6.950423339103728448e-01
5.649999999999999091e+03 6.977363699042276046e-01
5.659999999999999091e+03 6.975902938146132382e-01
5.669999999999999091e+03 6.992613025817927541e-01
5.679999999999999091e+03 7.006894405706949325e-01
5.689999999999999091e+03 6.993416470368227777e-01
5.699999999999999091e+03 7.027463216177529670e-01
5.709999999999999091e+03 7.042085276898983892e-01
5.719999999999999091e+03 7.046312710597824047e-01
5.729999999999999091e+03 7.072036532245516982e-01
5.739999999999999091e+03 7.101716104747958225e-01
5.749999999999999091e+03 7.132077582118822034e-01
5.759999999999999091e+03 7.136919305730539120e-01
5.769999999999999091e+03 7.140975210310709365e-01
5.779999999999999091e+03 7.164703061108623761e-01
5.789999999999999091e+03 7.172094998763224316e-01
5.799999999999999091e+03 7.192370547116618829e-01
5.809999999999999091e+03 7.201884569831713545e-01
5.819999999999999091e+03 7.205408472309038359e-01
5.829999999999999091e+03 7.201301150378244254e-01
5.839999999999999091e+03 7.213472108769684032e-01
5.849999999999999091e+03 7.236682661328317501e-01
5.859999999999999091e+03 7.228469619838507887e-01
5.869999999999999091e+03 7.250411972271730843e-01
5.879999999999999091e+03 7.277601163447887656e-01
5.889999999999999091e+03 7.263731383811495856e-01
5.899999999999999091e+03 7.296412387204583849e-01
5.909999999999999091e+03 7.304966426182442074e-01
5.919999999999999091e+03 7.288477203379513103e-01
5.929999999999999091e+03 7.289787171881737526e-01
5.939999999999999091e+03 7.318894026230592376e-01
5.949999999999999091e+03 7.338068216898134821e-01
5.959999999999999091e+03 7.313603141255324847e-01
5.969999999999999091e+03 7.324040154371543876e-01
5.979999999999999091e+03 7.347203328623810314e-01
5.989999999999999091e+03 7.348253766913239726e-01
5.999999999999999091e+03 7.361669326341840902e-01
6.009999999999999091e+03 7.360526487258221007e-01
6.019999999999999091e+03 7.354257428485324599e-01
6.029999999999999091e+03 7.367714654198839197e-01
6.039999999999999091e+03 7.402418474043749308e-01
6.049999999999999091e+03 7.390965381972127712e-01
6.059999999999999091e+03 7.405019555435417011e-01
6.069999999999999091e+03 7.409111240036961865e-01
6.079999999999999091e+03 7.426479405069658091e-01
6.089999999999999091e+03 7.411851330533271165e-01
6.099999999999999091e+03 7.431550097564421087e-01
6.109999999999999091e+03 7.442405761935223518e-01
6.119999999999999091e+03 7.414914903940259538e-01
6.129999999999999091e+03 7.420000368950111502e-01
6.139999999999999091e+03 7.434606358815888383e-01
6.149999999999999091e+03 7.469483517254701388e-01
6.159999999999999091e+03 7.440371435226422747e-01
6.169999999999999091e+03 7.419381377417189061e-01
6.179999999999999091e+03 7.441824707560271701e-01
6.189999999999999091e+03 7.456435820058631148e-01
6.199999999999999091e+03 7.473697522947357896e-01
6.209999999999999091e+03 7.479476903564075130e-01
6.219999999999999091e+03 7.455296124416010972e-01
6.229999999999999091e+03 7.441583651821327416e-01
6.239999999999999091e+03 7.457540154363789808e-01
6.249999999999999091e+03 7.457106308908346692e-01
6.259999999999999091e+03 7.480832590360907419e-01
6.269999999999999091e+03 7.485594602256920860e-01
6.279999999999999091e+03 7.482719354710374304e-01
6.289999999999999091e+03 7.480931238253966109e-01
6.299999999999999091e+03 7.492783305542971561e-01
6.309999999999999091e+03 7.494409147247865777e-01
6.319999999999999091e+03 7.491766209737322768e-01
6.329999999999999091e+03 7.486051447236665712e-01
6.339999999999999091e+03 7.493838748573259378e-01
6.349999999999999091e+03 7.483425443764378793e-01
6.359999999999999091e+03 7.504999564762513398e-01
6.369999999999999091e+03 7.480498766125321941e-01
6.379999999999999091e+03 7.494878452129914992e-01
6.389999999999999091e+03 7.478417995204813540e-01
6.399999999999999091e+03 7.475722748043949206e-01
6.409999999999999091e+03 7.472530450782646216e-01
6.419999999999999091e+03 7.499519537726493379e-01
6.429999999999999091e+03 7.473965896888281613e-01
6.439999999999999091e+03 7.464424738466631792e-01
6.449999999999999091e+03 7.494556627928516956e-01
6.459999999999999091e+03 7.489137829535021940e-01
6.469999999999999091e+03 7.488758775321363581e-01
6.479999999999999091e+03 7.468407668789011078e-01
6.489999999999999091e+03 7.457181981871059406e-01
6.499999999999999091e+03 7.473831694690459271e-01
6.509999999999999091e+03 7.462267763033746393e-01
6.519999999999999091e+03 7.471064545722808647e-01
6.529999999999999091e+03 7.501698194682797638e-01
6.539999999999999091e+03 7.469804405113268375e-01
6.549999999999999091e+03 7.468285681767072859e-01
6.559999999999999091e+03 7.444997747619434003e-01
6.569999999999999091e+03 7.442755308768822520e-01
6.579999999999999091e+03 7.456618496540733387e-01
6.589999999999999091e+03 7.481079654897243580e-01
6.599999999999999091e+03 7.439200193844134334e-01
6.609999999999999091e+03 7.453526431900626692e-01
6.619999999999999091e+03 7.426613402548531973e-01
6.629999999999999091e+03 7.447959523600975462e-01
6.639999999999999091e+03 7.416391846250025566e-01
6.649999999999999091e+03 7.409861521590527245e-01
6.659999999999999091e+03 7.426740367146950073e-01
6.669999999999999091e+03 7.401195923820788058e-01
6.679999999999999091e+03 7.404897531687558709e-01
6.689999999999999091e+03 7.418521567763831648e-01
6.699999999999999091e+03 7.368928193586794517e-01
6.709999999999999091e+03 7.354011196773153625e-01
6.719999999999999091e+03 7.352909744451910923e-01
6.729999999999999091e+03 7.331994909601066146e-01
6.739999999999999091e+03 7.305317097118313452e-01
6.749999999999999091e+03 7.339372349283715957e-01
6.759999999999999091e+03 7.290862934150312835e-01
6.769999999999999091e+03 7.315559236911520768e-01
6.779999999999999091e+03 7.323196825038855717e-01
6.789999999999999091e+03 7.299712742137007826e-01
6.799999999999999091e+03 7.331873088975354724e-01
6.809999999999999091e+03 7.318397613071617736e-01
6.819999999999999091e+03 7.314594556104649925e-01
6.829999999999999091e+03 7.306490211536358359e-01
6.839999999999999091e+03 7.293582309367657723e-01
6.849999999999999091e+03 7.305578107130954457e-01
6.859999999999999091e+03 7.296993823031936444e-01
6.869999999999999091e+03 7.364724606783079608e-01
6.879999999999999091e+03 7.329777266551147363e-01
6.889999999999999091e+03 7.318495228423916865e-01
6.899999999999999091e+03 7.333138596561536993e-01
6.909999999999999091e+03 7.339273720629567732e-01
6.919999999999999091e+03 7.330189911220300614e-01
6.929999999999999091e+03 7.310215058246047892e-01
6.939999999999999091e+03 7.307852771193201757e-01
6.949999999999999091e+03 7.353907699372355111e-01
6.959999999999999091e+03 7.312005026059468227e-01
6.969999999999999091e+03 7.264488793551696633e-01
6.979999999999999091e+03 7.244873700673166717e-01
6.989999999999999091e+03 7.247275051757734454e-01
6.999999999999999091e+03 7.228293523480064930e-01
7.009999999999999091e+03 7.277799232023933751e-01
7.019999999999999091e+03 7.238506863738406460e-01
7.029999999999999091e+03 7.234889314436897534e-01
7.039999999999999091e+03 7.260146524142184754e-01
7.049999999999999091e+03 7.259721116399427965e-01
7.059999999999999091e+03 7.243569132057551263e-01
7.069999999999999091e+03 7.243610777372766485e-01
7.079999999999999091e+03 7.200756463079616143e-01
7.089999999999999091e+03 7.223062636310737528e-01
7.099999999999999091e+03 7.201733853116525363e-01
7.109999999999999091e+03 7.178332631308788070e-01
7.119999999999999091e+03 7.149498373335073653e-01
7.129999999999999091e+03 7.190827894551382604e-01
7.139999999999999091e+03 7.163302783015976782e-01
7.149999999999999091e+03 7.120737947468449569e-01
7.159999999999999091e+03 7.140309268945330690e-01
7.169999999999999091e+03 7.141738922042750737e-01
7.179999999999999091e+03 7.114528127893232634e-01
7.189999999999999091e+03 7.114668233535058617e-01
7.199999999999999091e+03 7.134640702929485601e-01
7.209999999999999091e+03 7.072201448645847321e-01
7.219999999999999091e+03 7.137437805831678972e-01
7.229999999999999091e+03 7.096032829340459536e-01
7.239999999999999091e+03 7.114160621642907634e-01
7.249999999999999091e+03 7.065582489823676315e-01
7.259999999999999091e+03 7.132107236001671291e-01
7.269999999999999091e+03 7.111310293003455518e-01
7.279999999999999091e+03 7.087434100024431194e-01
7.289999999999999091e+03 7.085881850617382627e-01
7.299999999999999091e+03 7.094818199759495014e-01
7.309999999999999091e+03 7.122434188214984419e-01
7.319999999999999091e+03 7.070359638094341204e-01
7.329999999999999091e+03 7.067545832430639496e-01
7.339999999999999091e+03 7.074887907732376746e-01
7.349999999999999091e+03 7.112103082249687791e-01
7.359999999999999091e+03 7.076421550362674839e-01
7.369999999999999091e+03 7.056446352838103842e-01
7.379999999999999091e+03 7.051092609042526327e-01
7.389999999999999091e+03 7.071558157419411961e-01
7.399999999999999091e+03 7.070435609373454389e-01
7.409999999999999091e+03 7.016061829021839058e-01
7.419999999999999091e+03 6.993660586619037112e-01
7.429999999999999091e+03 7.020602784967013843e-01
7.439999999999999091e+03 6.953249764502961172e-01
7.449999999999999091e+03 6.952649199993106155e-01
7.459999999999999091e+03 6.954563302552121407e-01
7.469999999999999091e+03 6.952851950089808941e-01
7.479999999999999091e+03 7.002836874738227468e-01
7.489999999999999091e+03 6.945974327458095399e-01
7.499999999999999091e+03 6.936113115600632817e-01
7.509999999999999091e+03 6.922814013581978232e-01
7.519999999999999091e+03 6.932736337096770951e-01
7.529999999999999091e+03 6.880608089706872210e-01
7.539999999999999091e+03 6.912246696727936124e-01
7.549999999999999091e+03 6.897779676698501117e-01
7.559999999999999091e+03 6.864846403630410210e-01
7.569999999999999091e+03 6.866846382979231445e-01
7.579999999999999091e+03 6.885132041334574016e-01
7.589999999999999091e+03 6.838155528337408473e-01
7.599999999999999091e+03 6.826826868524529246e-01
7.609999999999999091e+03 6.801529114987951985e-01
7.619999999999999091e+03 6.824361996342622749e-01
7.629999999999999091e+03 6.825993708561838291e-01
7.639999999999999091e+03 6.819030498218087155e-01
7.649999999999999091e+03 6.795716839397765163e-01
7.659999999999999091e+03 6.777934038675343942e-01
7.669999999999999091e+03 6.807573487167352111e-01
7.679999999999998181e+03 6.789027113750550901e-01
7.689999999999998181e+03 6.740269518835289020e-01
7.699999999999998181e+03 6.747189220369099738e-01
7.709999999999998181e+03 6.733388196273575321e-01
7.719999999999998181e+03 6.725698979601236749e-01
7.729999999999998181e+03 6.698659727522230378e-01
7.739999999999998181e+03 6.741827661460918497e-01
7.749999999999998181e+03 6.670400170360906156e-01
7.759999999999998181e+03 6.654603217834130779e-01
7.769999999999998181e+03 6.666396998473034241e-01
7.779999999999998181e+03 6.698400973761896582e-01
7.789999999999998181e+03 6.629222804650972689e-01
7.799999999999998181e+03 6.620487368689498275e-01
7.809999999999998181e+03 6.637631009981399544e-01
7.819999999999998181e+03 6.663250050860755058e-01
7.829999999999998181e+03 6.623801795189420138e-01
7.839999999999998181e+03 6.561607187166312860e-01
7.849999999999998181e+03 6.576364076507055234e-01
7.859999999999998181e+03 6.587071846749533721e-01
7.869999999999998181e+03 6.596420331686900784e-01
7.879999999999998181e+03 6.583781812017205359e-01
7.889999999999998181e+03 6.615993649649930530e-01
7.899999999999998181e+03 6.576806153782471798e-01
7.909999999999998181e+03 6.519462253677787977e-01
7.919999999999998181e+03 6.487080464951081593e-01
7.929999999999998181e+03 6.499231372662678252e-01
7.939999999999998181e+03 6.482559791406790062e-01
7.949999999999998181e+03 6.510875851786188662e-01
7.959999999999998181e+03 6.518235661269348169e-01
7.969999999999998181e+03 6.461564636112545612e-01
7.979999999999998181e+03 6.410909600190614066e-01
7.989999999999998181e+03 6.444407017250189940e-01
7.999999999999998181e+03 6.365597273890511998e-01
8.009999999999998181e+03 6.307255503723582235e-01
8.019999999999998181e+03 6.317496773808336519e-01
8.029999999999998181e+03 6.306348473483853745e-01
8.039999999999998181e+03 6.323943839699611713e-01
8.049999999999998181e+03 6.327006138170148120e-01
8.059999999999998181e+03 6.294474040902050538e-01
8.069999999999998181e+03 6.313861836645526804e-01
8.079999999999998181e+03 6.287242899026609377e-01
8.089999999999998181e+03 6.223481918888849052e-01
8.099999999999998181e+03 6.211068586844907813e-01
8.109999999999998181e+03 6.158054116332636330e-01
8.119999999999998181e+03 6.174558022169742699e-01
8.129999999999998181e+03 6.185904680820045742e-01
8.139999999999998181e+03 6.162486498456390960e-01
8.149999999999998181e+03 6.113386908741639258e-01
8.159999999999998181e+03 6.137231821386069930e-01
8.169999999999998181e+03 6.125101261456811219e-01
8.179999999999998181e+03 6.159340552955918646e-01
8.189999999999998181e+03 6.080251684404868184e-01
8.199999999999998181e+03 6.048289756589917410e-01
8.209999999999998181e+03 6.061948166337558508e-01
8.219999999999998181e+03 6.049123802133090644e-01
8.229999999999998181e+03 5.994487051962206214e-01
8.239999999999998181e+03 5.980408311869206406e-01
8.249999999999998181e+03 5.936433543145809288e-01
8.259999999999998181e+03 5.966662045358777089e-01
8.269999999999998181e+03 5.955199707652576446e-01
8.279999999999998181e+03 5.928067422232142780e-01
8.289999999999998181e+03 5.909291159114885561e-01
8.299999999999998181e+03 5.904083148033379969e-01
8.309999999999998181e+03 5.862915988427263025e-01
8.319999999999998181e+03 5.821817757276412930e-01
8.329999999999998181e+03 5.822039219414384403e-01
8.339999999999998181e+03 5.818944799058602957e-01
8.349999999999998181e+03 5.822282742843903902e-01
8.359999999999998181e+03 5.800990446274728596e-01
8.369999999999998181e+03 5.715461379321854496e-01
8.379999999999998181e+03 5.696065721466415654e-01
8.389999999999998181e+03 5.727545273326123398e-01
8.399999999999998181e+03 5.690846483517858490e-01
8.409999999999998181e+03 5.666376730552180607e-01
8.419999999999998181e+03 5.638642341849945394e-01
8.429999999999998181e+03 5.575288668301745520e-01
8.439999999999998181e+03 5.627491735834617703e-01
8.449999999999998181e+03 5.614690649595934779e-01
8.459999999999998181e+03 5.535419517250015353e-01
8.469999999999998181e+03 5.495000458889321981e-01
8.479999999999998181e+03 5.448019322130318587e-01
8.489999999999998181e+03 5.421957790432700985e-01
8.499999999999998181e+03 5.432413937885880451e-01
8.509999999999998181e+03 5.430814049005801003e-01
8.519999999999998181e+03 5.414135409210241168e-01
8.529999999999998181e+03 5.430610985820779613e-01
8.539999999999998181e+03 5.445789580384238215e-01
8.549999999999998181e+03 5.321010727985162614e-01
8.559999999999998181e+03 5.275586207262822347e-01
8.569999999999998181e+03 5.289990729933368163e-01
8.579999999999998181e+03 5.238301269164008511e-01
8.589999999999998181e+03 5.214931590891962454e-01
8.599999999999998181e+03 5.283906951197798740e-01
8.609999999999998181e+03 5.273673703678215530e-01
8.619999999999998181e+03 5.256216869677978742e-01
8.629999999999998181e+03 5.210117756080577811e-01
8.639999999999998181e+03 5.186963713281034227e-01
8.649999999999998181e+03 5.027114876446777680e-01
8.659999999999998181e+03 5.062939924594287433e-01
8.669999999999998181e+03 5.039410929147013496e-01
8.679999999999998181e+03 4.899614307543161962e-01
8.689999999999998181e+03 4.977519651627840824e-01
8.699999999999998181e+03 4.945451648247642940e-01
8.709999999999998181e+03 4.924002729269927325e-01
8.719999999999998181e+03 4.841486218608620495e-01
8.729999999999998181e+03 4.912192464817054516e-01
8.739999999999998181e+03 4.810450237197972934e-01
8.749999999999998181e+03 4.716726558787464052e-01
8.759999999999998181e+03 4.719984563636109298e-01
8.769999999999998181e+03 4.712697011463182761e-01
8.779999999999998181e+03 4.734169539247848890e-01
8.789999999999998181e+03 4.658401265639168232e-01
8.799999999999998181e+03 4.550783669035795009e-01
8.809999999999998181e+03 4.513827300628042161e-01
8.819999999999998181e+03 4.546432489769547391e-01
8.829999999999998181e+03 4.434768801615651679e-01
8.839999999999998181e+03 4.418948396133736134e-01
8.849999999999998181e+03 4.414374005541603641e-01
8.859999999999998181e+03 4.360964833872871260e-01
8.869999999999998181e+03 4.353977892885098622e-01
8.879999999999998181e+03 4.312513746645884605e-01
8.889999999999998181e+03 4.301367604187944504e-01
8.899999999999998181e+03 4.287438525106014864e-01
8.909999999999998181e+03 4.239624150245521195e-01
8.919999999999998181e+03 4.244732228435999510e-01
8.929999999999998181e+03 4.227214929485800798e-01
8.939999999999998181e+03 4.171873445814581749e-01
8.949999999999998181e+03 4.127083349717965977e-01
8.959999999999998181e+03 4.124264702783231873e-01
8.969999999999998181e+03 4.092002216022432859e-01
8.979999999999998181e+03 4.044373651665828517e-01
8.989999999999998181e+03 4.012252923718796493e-01
8.999999999999998181e+03 3.944900329303648312e-01
9.009999999999998181e+03 3.889263219985485964e-01
9.019999999999998181e+03 3.869623399205313063e-01
9.029999999999998181e+03 3.818882556777822845e-01
9.039999999999998181e+03 3.754091647469109949e-01
9.049999999999998181e+03 3.769089606715919083e-01
9.059999999999998181e+03 3.770241860470710527e-01
9.069999999999998181e+03 3.718111459454012668e-01
9.079999999999998181e+03 3.683483635064478401e-01
9.089999999999998181e+03 3.656362773004112054e-01
9.099999999999998181e+03 3.570068449867093152e-01
9.109999999999998181e+03 3.496198453904586501e-01
9.119999999999998181e+03 3.456483393204523025e-01
9.129999999999998181e+03 3.437664662018305450e-01
9.139999999999998181e+03 3.417359175910751334e-01
9.149999999999998181e+03 3.346323331637014453e-01
9.159999999999998181e+03 3.234412849381690380e-01
9.169999999999998181e+03 3.104425544219804878e-01
9.179999999999998181e+03 2.932510686927886079e-01
9.189999999999998181e+03 2.729149808881303207e-01
9.199999999999998181e+03 2.491973324267970358e-01
9.209999999999998181e+03 2.215178768995744452e-01
9.219999999999998181e+03 1.865152388040826892e-01
9.229999999999998181e+03 1.507272842373048038e-01
9.239999999999998181e+03 1.171330535406295559e-01
9.249999999999998181e+03 8.537485025400164129e-02
9.259999999999998181e+03 5.814395639172643959e-02
9.269999999999998181e+03 3.687480403079066577e-02
9.279999999999998181e+03 2.156668459867813747e-02
9.289999999999998181e+03 1.142376617152464705e-02
9.299999999999998181e+03 6.326478638112151623e-03
9.309999999999998181e+03 3.860053009573019035e-03
9.319999999999998181e+03 3.217604403663130042e-03
9.329999999999998181e+03 3.295135004629872258e-03
9.339999999999998181e+03 3.683709309088109996e-03
9.349999999999998181e+03 4.029538374685394733e-03
9.359999999999998181e+03 4.414328155204388753e-03
9.369999999999998181e+03 4.810367080249415908e-03
9.379999999999998181e+03 5.002695007416279108e-03
9.389999999999998181e+03 4.886727632784264655e-03
9.399999999999998181e+03 4.742456994271788094e-03
9.409999999999998181e+03 4.533212880438607442e-03
9.419999999999998181e+03 3.919409533964949947e-03
9.429999999999998181e+03 3.442909663868856662e-03
9.439999999999998181e+03 2.973681965131264125e-03
9.449999999999998181e+03 2.653023584435926317e-03
9.459999999999998181e+03 2.145516913711737004e-03
9.469999999999998181e+03 1.713208436605146053e-03
9.479999999999998181e+03 1.363199547834408097e-03
9.489999999999998181e+03 1.011294113941151908e-03
9.499999999999998181e+03 7.877077141179750523e-04
9.509999999999998181e+03 5.921425965493349241e-04
9.519999999999998181e+03 5.234358003583280527e-04
9.529999999999998181e+03 5.500813909370419691e-04
9.539999999999998181e+03 5.365446881926730057e-04
9.549999999999998181e+03 4.978398768809889647e-04
9.559999999999998181e+03 3.975035995817930204e-04
9.569999999999998181e+03 3.114171050113199828e-04
9.579999999999998181e+03 3.563946215962800397e-04
9.589999999999998181e+03 3.004399679280119937e-04
9.599999999999998181e+03 3.233188968294039905e-04
9.609999999999998181e+03 4.053035072085100338e-04
9.619999999999998181e+03 2.840751452818719887e-04
9.629999999999998181e+03 2.747774540577579473e-04
9.639999999999998181e+03 2.892257209761249894e-04
9.649999999999998181e+03 2.866171197426880114e-04
9.659999999999998181e+03 3.005514064205539793e-04
9.669999999999998181e+03 2.272466710156200072e-04
9.679999999999998181e+03 2.309353426313990123e-04
9.689999999999998181e+03 2.540947388901010242e-04
9.699999999999998181e+03 2.244069683643640028e-04
9.709999999999998181e+03 2.251785102859319766e-04
9.719999999999998181e+03 1.984307535787629853e-04
9.729999999999998181e+03 1.850033186058750172e-04
9.739999999999998181e+03 1.398547912017000154e-04
9.749999999999998181e+03 1.679730948566580094e-04
9.759999999999998181e+03 1.718687159297660071e-04
9.769999999999998181e+03 1.723008212322810315e-04
9.779999999999998181e+03 1.924453316531459640e-04
9.789999999999998181e+03 1.801596784256640025e-04
9.799999999999998181e+03 1.802047601427999939e-04
9.809999999999998181e+03 2.001022548811199969e-04
9.819999999999998181e+03 2.168108019932800065e-04
9.829999999999998181e+03 2.252354775527999923e-04
9.839999999999998181e+03 2.235329580086400014e-04
9.849999999999998181e+03 2.191443096650910153e-04
9.859999999999998181e+03 2.223160846403310299e-04
9.869999999999998181e+03 2.115007674475579682e-04
9.879999999999998181e+03 2.020803201931270206e-04
9.889999999999998181e+03 1.905735814508429922e-04
9.899999999999998181e+03 1.771343561392340043e-04
9.909999999999998181e+03 1.564037703793740085e-04
9.919999999999998181e+03 1.367100238212779959e-04
9.929999999999998181e+03 1.173963595516400063e-04
9.939999999999998181e+03 9.298040121829900264e-05
9.949999999999998181e+03 7.906693961656099490e-05
9.959999999999998181e+03 6.843051201307499810e-05
9.969999999999998181e+03 5.645144594312999662e-05
9.979999999999998181e+03 4.685888690230800120e-05
9.989999999999998181e+03 3.614231761707999656e-05
9.999999999999998181e+03 2.961390267335500102e-05
1.000999999999999818e+04 2.340096846195599856e-05
1.001999999999999818e+04 2.137543557562899600e-05
1.002999999999999818e+04 1.803898646557799826e-05
1.003999999999999818e+04 1.666289678924099893e-05
1.004999999999999818e+04 1.484770017000000057e-05
1.005999999999999818e+04 1.372252070998600052e-05
1.006999999999999818e+04 1.335751368226799941e-05
1.007999999999999818e+04 1.272196223037500003e-05
1.008999999999999818e+04 1.246507401750500059e-05
1.009999999999999818e+04 1.164674465806499942e-05
1.010999999999999818e+04 1.203007837207400116e-05
1.011999999999999818e+04 1.124987918833399945e-05
1.012999999999999818e+04 9.918151004784000042e-06
1.013999999999999818e+04 1.075282672466299953e-05
1.014999999999999818e+04 1.010376923779999873e-05
1.015999999999999818e+04 9.869752034701999942e-06
1.016999999999999818e+04 1.056330702088199994e-05
1.017999999999999818e+04 1.043192375679999997e-05
1.018999999999999818e+04 1.158582540546200039e-05
1.019999999999999818e+04 1.246246748321399821e-05
1.020999999999999818e+04 1.226537037831000075e-05
1.021999999999999818e+04 1.393876367294400022e-05
1.022999999999999818e+04 1.460345308021799925e-05
1.023999999999999818e+04 1.590761084940399981e-05
1.024999999999999818e+04 1.826305078995800167e-05
1.025999999999999818e+04 1.970239903226400356e-05
1.026999999999999818e+04 2.056344871333500187e-05
1.027999999999999818e+04 2.177404426740599982e-05
1.028999999999999818e+04 2.384699219333200269e-05
1.029999999999999818e+04 2.493278581431600000e-05
1.030999999999999818e+04 2.556230511899000043e-05
1.031999999999999818e+04 2.490381494039799949e-05
1.032999999999999818e+04 2.560157203031999739e-05
1.033999999999999818e+04 2.482448729193299900e-05
1.034999999999999818e+04 2.398673809492499952e-05
1.035999999999999818e+04 2.304177100561800111e-05
1.036999999999999818e+04 2.266040941220000032e-05
1.037999999999999818e+04 2.063155397129199848e-05
1.038999999999999818e+04 1.960333286883000187e-05
1.039999999999999818e+04 1.764216048477400056e-05
1.040999999999999818e+04 1.517491219245000101e-05
1.041999999999999818e+04 1.421316326532800056e-05
1.042999999999999818e+04 1.275257170390799904e-05
1.043999999999999818e+04 1.204261006432000205e-05
1.044999999999999818e+04 1.037474106841200134e-05
1.045999999999999818e+04 9.436986208326001352e-06
1.046999999999999818e+04 8.511700855244000118e-06
1.047999999999999818e+04 7.303927436996999773e-06
1.048999999999999818e+04 6.290324977356000341e-06
1.049999999999999818e+04 5.548259685902999876e-06
1.050999999999999818e+04 5.020396693382000005e-06
1.051999999999999818e+04 4.897149014554999927e-06
1.052999999999999818e+04 4.657095173216000196e-06
1.053999999999999818e+04 4.417900200719000071e-06
1.054999999999999818e+04 4.188262896873999373e-06
1.055999999999999818e+04 3.938596331188000024e-06
1.056999999999999818e+04 3.694060956275999921e-06
1.057999999999999818e+04 3.729285589936999861e-06
1.058999999999999818e+04 3.597240011048999615e-06
1.059999999999999818e+04 3.629899049322999931e-06
1.060999999999999818e+04 3.721632848331999873e-06
1.061999999999999818e+04 3.908590977412999639e-06
1.062999999999999818e+04 4.024450181970999379e-06
1.063999999999999818e+04 4.165392761171000138e-06
1.064999999999999818e+04 4.455954697102999709e-06
1.065999999999999818e+04 4.652635661920999901e-06
1.066999999999999818e+04 4.748983128171000252e-06
1.067999999999999818e+04 5.217154736173000466e-06
1.068999999999999818e+04 5.179452596236999515e-06
1.069999999999999818e+04 5.346425508033000359e-06
1.070999999999999818e+04 5.389490072661999669e-06
1.071999999999999818e+04 5.303702288712999698e-06
1.072999999999999818e+04 5.309229880491000327e-06
1.073999999999999818e+04 5.098906114452000022e-06
1.074999999999999818e+04 5.033841294101000273e-06
1.075999999999999818e+04 4.986085984257999862e-06
1.076999999999999818e+04 4.515998438069999747e-06
1.077999999999999818e+04 4.131203174575999570e-06
1.078999999999999818e+04 4.217486459779999575e-06
1.079999999999999818e+04 4.211771678638999987e-06
1.080999999999999818e+04 3.861661502994999565e-06
1.081999999999999818e+04 3.325419033694999713e-06
1.082999999999999818e+04 3.315993498710999898e-06
1.083999999999999818e+04 2.998872695511000096e-06
1.084999999999999818e+04 2.733019755494999816e-06
1.085999999999999818e+04 2.724948590607999640e-06
1.086999999999999818e+04 2.645382100193999750e-06
1.087999999999999818e+04 2.478299077007999793e-06
1.088999999999999818e+04 2.367890386254999990e-06
1.089999999999999818e+04 2.189917346597999774e-06
1.090999999999999818e+04 2.075687790611999784e-06
1.091999999999999818e+04 1.989217316044999974e-06
1.092999999999999818e+04 1.779267928731999916e-06
1.093999999999999818e+04 1.549608602608999988e-06
1.094999999999999818e+04 1.408390744933999963e-06
1.095999999999999818e+04 1.277292124000000053e-06
1.096999999999999818e+04 1.157468909402000051e-06
1.097999999999999818e+04 1.043094006381199851e-06
1.098999999999999818e+04 9.954411001309000930e-07
1.099999999999999818e+04 9.736335393413999021e-07
1.100999999999999818e+04 9.428750236588000263e-07
1.101999999999999818e+04 9.575176363010001075e-07
1.102999999999999818e+04 9.714665471862001004e-07
1.103999999999999818e+04 1.035637263050399995e-06
1.104999999999999818e+04 1.126197274641999911e-06
1.105999999999999818e+04 1.195457338951999881e-06
1.106999999999999818e+04 1.259321945151999895e-06
1.107999999999999818e+04 1.376084063107999817e-06
1.108999999999999818e+04 1.402279562788999842e-06
1.109999999999999818e+04 1.429135730809999839e-06
1.110999999999999818e+04 1.471517604821000158e-06
1.111999999999999818e+04 1.446742542071000002e-06
1.112999999999999818e+04 1.427561137932999858e-06
1.113999999999999818e+04 1.409117480107999743e-06
1.114999999999999818e+04 1.345891519970000050e-06
1.115999999999999818e+04 1.258408020614999886e-06
1.116999999999999818e+04 1.151699072565999848e-06
1.117999999999999818e+04 1.046922579411499980e-06
1.118999999999999818e+04 9.575925120461998178e-07
1.119999999999999818e+04 9.164086499584000528e-07
1.120999999999999818e+04 8.757268958089998777e-07
1.121999999999999818e+04 8.414117822293999949e-07
1.122999999999999818e+04 8.532025098705998780e-07
1.123999999999999818e+04 8.515882768932000121e-07
1.124999999999999818e+04 8.591353115637999923e-07
1.125999999999999818e+04 9.485754903190999027e-07
1.126999999999999818e+04 1.116485450043999946e-06
1.127999999999999818e+04 1.322107459729999959e-06
1.128999999999999818e+04 1.580098446499999944e-06
1.129999999999999818e+04 1.870076792064999810e-06
1.130999999999999818e+04 2.270992363054999839e-06
1.131999999999999818e+04 2.607492770894999841e-06
1.132999999999999818e+04 3.191380438648000144e-06
1.133999999999999818e+04 3.726411682658000010e-06
1.134999999999999818e+04 4.333279597503999932e-06
1.135999999999999818e+04 5.170643685036999309e-06
1.136999999999999818e+04 5.973289651302999665e-06
1.137999999999999818e+04 6.490703072912999542e-06
1.138999999999999818e+04 7.186265712403999402e-06
1.139999999999999818e+04 8.083519384958000821e-06
1.140999999999999818e+04 9.081414867972000617e-06
1.141999999999999818e+04 9.905037054032999537e-06
1.142999999999999818e+04 1.041426919936600055e-05
1.143999999999999818e+04 1.057638619886299971e-05
1.144999999999999818e+04 1.146888305936899980e-05
1.145999999999999818e+04 1.177368239802799817e-05
1.146999999999999818e+04 1.198490907746499908e-05
1.147999999999999818e+04 1.236679740026300014e-05
1.148999999999999818e+04 1.258868286225199923e-05
1.149999999999999818e+04 1.273966760021999856e-05
1.150999999999999818e+04 1.205708709360999821e-05
1.151999999999999818e+04 1.152010687799699875e-05
1.152999999999999818e+04 1.251880617415799965e-05
1.153999999999999818e+04 1.188416816675400036e-05
1.154999999999999818e+04 1.153459753692099843e-05
1.155999999999999818e+04 1.165505939758099981e-05
1.156999999999999818e+04 1.079831570540799896e-05
1.157999999999999818e+04 1.033604606791000068e-05
1.158999999999999818e+04 1.031826307842499969e-05
1.159999999999999818e+04 1.010238969832999953e-05
1.160999999999999818e+04 9.767441861088999432e-06
1.161999999999999818e+04 1.004490054161099908e-05
1.162999999999999818e+04 9.456333139782999405e-06
1.163999999999999818e+04 9.549586475973999137e-06
1.164999999999999818e+04 9.170472960203999280e-06
1.165999999999999818e+04 9.505189563526000266e-06
1.166999999999999818e+04 9.513062527911000598e-06
1.167999999999999818e+04 9.335662067481998989e-06
1.168999999999999818e+04 8.974144351833999468e-06
1.169999999999999818e+04 9.480601690138999279e-06
1.170999999999999818e+04 9.516145646830999485e-06
1.171999999999999818e+04 8.925739384790000181e-06
1.172999999999999818e+04 8.966524643646000018e-06
1.173999999999999818e+04 9.456134939281000409e-06
1.174999999999999818e+04 9.780908484085998930e-06
1.175999999999999818e+04 9.683030469515000022e-06
1.176999999999999818e+04 9.860430929943999936e-06
1.177999999999999818e+04 1.047922390832699991e-05
1.178999999999999818e+04 1.090983652119999968e-05
1.179999999999999818e+04 1.131348285466199863e-05
1.180999999999999818e+04 1.162840143006199838e-05
1.181999999999999818e+04 1.250097914011700020e-05
1.182999999999999818e+04 1.297688056769699856e-05
1.183999999999999818e+04 1.405059875386500002e-05
1.184999999999999818e+04 1.465963586309399988e-05
1.185999999999999818e+04 1.581640005959999938e-05
1.186999999999999818e+04 1.614653602909800134e-05
1.187999999999999818e+04 1.681272094973699707e-05
1.188999999999999818e+04 1.755455239530599894e-05
1.189999999999999818e+04 1.844719240061900122e-05
1.190999999999999818e+04 1.880104636352299775e-05
1.191999999999999818e+04 1.931516745457199886e-05
1.192999999999999818e+04 1.976327676731599861e-05
1.193999999999999818e+04 2.006892396367799993e-05
1.194999999999999818e+04 2.025500120163899960e-05
1.195999999999999818e+04 2.063864029553799998e-05
1.196999999999999818e+04 2.060830460759300098e-05
1.197999999999999818e+04 2.075801205343699756e-05
1.198999999999999818e+04 2.078947087755999708e-05
