2.999999999999999545e+03 2.214316895961699891e-08
3.009999999999999545e+03 1.485607451631599836e-08
3.019999999999999545e+03 2.782822622229900115e-12
3.029999999999999545e+03 6.234910904679000702e-09
3.039999999999999545e+03 8.371829318591999941e-09
3.049999999999999545e+03 3.271416321144300159e-09
3.059999999999999545e+03 3.174722921349000216e-09
3.069999999999999545e+03 1.365294384829500141e-12
3.079999999999999545e+03 2.937493304792700365e-09
3.089999999999999545e+03 1.637011632078000058e-09
3.099999999999999545e+03 1.043945545458600104e-09
3.109999999999999545e+03 1.880433936367999716e-09
3.119999999999999545e+03 1.326049230081200101e-10
3.129999999999999545e+03 5.024195922742699613e-10
3.139999999999999545e+03 9.044291343460000109e-10
3.149999999999999545e+03 1.639427136772499878e-12
3.159999999999999545e+03 6.266390349589999261e-10
3.169999999999999545e+03 1.456178200199599794e-09
3.179999999999999545e+03 1.075931981968199915e-09
3.189999999999999545e+03 2.399710820410000044e-09
3.199999999999999545e+03 4.971388139478299794e-09
3.209999999999999545e+03 9.464206565979000345e-09
3.219999999999999545e+03 2.818579206910500261e-08
3.229999999999999545e+03 8.948728297415999610e-08
3.239999999999999545e+03 1.240852290927999972e-06
3.249999999999999545e+03 1.474813421760000025e-06
3.259999999999999545e+03 2.860659985107599859e-06
3.269999999999999545e+03 1.165561754095199848e-05
3.279999999999999545e+03 1.991811684509900031e-05
3.289999999999999545e+03 7.162343877429000846e-06
3.299999999999999545e+03 1.904537552923499857e-05
3.309999999999999545e+03 2.728036909225600200e-05
3.319999999999999545e+03 2.687935837558199886e-05
3.329999999999999545e+03 1.959353432745800195e-05
3.339999999999999545e+03 1.523368228959200145e-05
3.349999999999999545e+03 1.220029467112799996e-05
3.359999999999999545e+03 3.694988330296200227e-06
3.369999999999999545e+03 5.543565914004000089e-06
3.379999999999999545e+03 7.232914899251999683e-06
3.389999999999999545e+03 8.363293024209999941e-06
3.399999999999999545e+03 1.831471218174000122e-05
3.409999999999999545e+03 1.820258616375000098e-05
3.419999999999999545e+03 2.662282689171000135e-05
3.429999999999999545e+03 1.291510119456000070e-05
3.439999999999999545e+03 1.437434054404000057e-05
3.449999999999999545e+03 7.237351309139999964e-06
3.459999999999999545e+03 4.707563061981600418e-06
3.469999999999999545e+03 3.200823926963200225e-06
3.479999999999999545e+03 6.356441068346000396e-06
3.489999999999999545e+03 1.160307077869200009e-05
3.499999999999999545e+03 9.595918056684000450e-06
3.509999999999999545e+03 1.218607045555199969e-05
3.519999999999999545e+03 1.223886556907099976e-05
3.529999999999999545e+03 1.146684110878599881e-05
3.539999999999999545e+03 1.210923861886499867e-05
3.549999999999999545e+03 1.922322495307200057e-05
3.559999999999999545e+03 3.110669413445400706e-05
3.569999999999999545e+03 3.566817373994800419e-05
3.579999999999999545e+03 4.760105594377599971e-05
3.589999999999999545e+03 3.199783922325899997e-05
3.599999999999999545e+03 2.800435645585800290e-05
3.609999999999999545e+03 2.950408929755300215e-05
3.619999999999999545e+03 5.172897733329100112e-05
3.629999999999999545e+03 3.906901092885000314e-05
3.639999999999999545e+03 6.455148240420000006e-05
3.649999999999999545e+03 8.918697768378500102e-05
3.659999999999999545e+03 9.453333389629000900e-05
3.669999999999999545e+03 1.132842990892559879e-04
3.679999999999999545e+03 8.887741383467699923e-05
3.689999999999999545e+03 9.046218784351499624e-05
3.699999999999999545e+03 9.880116426710400669e-05
3.709999999999999545e+03 1.180231923581149828e-04
3.719999999999999545e+03 1.184662715974919877e-04
3.729999999999999545e+03 1.391345090394600112e-04
3.739999999999999545e+03 1.391891321531079945e-04
3.749999999999999545e+03 1.574868244120199905e-04
3.759999999999999545e+03 1.643952389973529825e-04
3.769999999999999545e+03 1.796960918310000206e-04
3.779999999999999545e+03 1.567562117712909887e-04
3.789999999999999545e+03 1.473541937974719791e-04
3.799999999999999545e+03 1.198865080815349850e-04
3.809999999999999545e+03 1.285240231937639986e-04
3.819999999999999545e+03 1.772777580548639880e-04
3.829999999999999545e+03 2.057224068452669823e-04
3.839999999999999091e+03 1.934684939852220021e-04
3.849999999999999091e+03 2.126285074717219772e-04
3.859999999999999091e+03 2.644237214082509660e-04
3.869999999999999091e+03 2.861590916748000439e-04
3.879999999999999091e+03 3.134659251346919658e-04
3.889999999999999091e+03 3.382726557741419417e-04
3.899999999999999091e+03 2.828800270310139853e-04
3.909999999999999091e+03 1.830626448192059820e-04
3.919999999999999091e+03 5.867202858014399891e-05
3.929999999999999091e+03 1.821917889295140272e-05
3.939999999999999091e+03 8.599592137446299505e-06
3.949999999999999091e+03 5.555520942254399942e-06
3.959999999999999091e+03 6.451724984539500263e-06
3.969999999999999091e+03 7.330329045535601112e-06
3.979999999999999091e+03 7.639620071112000784e-06
3.989999999999999091e+03 9.436524241366599607e-06
3.999999999999999091e+03 1.505918015841959977e-05
4.009999999999999091e+03 1.411514913334600026e-05
4.019999999999999091e+03 9.534344588274800241e-06
4.029999999999999091e+03 5.042655576503999656e-06
4.039999999999999091e+03 4.327057751798399906e-06
4.049999999999999091e+03 4.193217213438400125e-06
4.059999999999999091e+03 2.480610240797220104e-06
4.069999999999999091e+03 1.692160178214880232e-06
4.079999999999999091e+03 1.787052518669200213e-06
4.089999999999999091e+03 2.807102321967599655e-06
4.099999999999999091e+03 4.468861628369600111e-06
4.109999999999999091e+03 5.068274286602400022e-06
4.119999999999999091e+03 4.756438543918499290e-06
4.129999999999999091e+03 4.498129215594000452e-06
4.139999999999999091e+03 4.295192772403499827e-06
4.149999999999999091e+03 4.143553009765000055e-06
4.159999999999999091e+03 3.132470350463999874e-06
4.169999999999999091e+03 2.161142481586919917e-06
4.179999999999999091e+03 2.710746964835519912e-06
4.189999999999999091e+03 4.890268185536999091e-06
4.199999999999999091e+03 8.167434765872400466e-06
4.209999999999999091e+03 1.050199938749249883e-05
4.219999999999999091e+03 9.212954020732800600e-06
4.229999999999999091e+03 7.845412128322598681e-06
4.239999999999999091e+03 7.718277481707000844e-06
4.249999999999999091e+03 9.583214252055000841e-06
4.259999999999999091e+03 1.343114436433499944e-05
4.269999999999999091e+03 1.614662342250479962e-05
4.279999999999999091e+03 1.692898794065140044e-05
4.289999999999999091e+03 2.260093005186809755e-05
4.299999999999999091e+03 2.782045685295949991e-05
4.309999999999999091e+03 3.008620618203069712e-05
4.319999999999999091e+03 2.508837441016619838e-05
4.329999999999999091e+03 2.342447789447700025e-05
4.339999999999999091e+03 2.500546823946600132e-05
4.349999999999999091e+03 3.127986630146000049e-05
4.359999999999999091e+03 3.662533744099629720e-05
4.369999999999999091e+03 4.074935361403600096e-05
4.379999999999999091e+03 5.568301979682499541e-05
4.389999999999999091e+03 7.364595316016000245e-05
4.399999999999999091e+03 7.963148700035999842e-05
4.409999999999999091e+03 6.676159522432900629e-05
4.419999999999999091e+03 5.413955059565099949e-05
4.429999999999999091e+03 6.206885485906800349e-05
4.439999999999999091e+03 8.837716243580800676e-05
4.449999999999999091e+03 1.260156146668920025e-04
4.459999999999999091e+03 1.504837513087199923e-04
4.469999999999999091e+03 1.878383950789960072e-04
4.479999999999999091e+03 2.101730560936829976e-04
4.489999999999999091e+03 2.531513764424049876e-04
4.499999999999999091e+03 2.530838323642859789e-04
4.509999999999999091e+03 2.467697244242279971e-04
4.519999999999999091e+03 2.417357123558120085e-04
4.529999999999999091e+03 2.608053200079869815e-04
4.539999999999999091e+03 3.238821386502599474e-04
4.549999999999999091e+03 4.286688348465600429e-04
4.559999999999999091e+03 5.064400594471049361e-04
4.569999999999999091e+03 5.065630406457199931e-04
4.579999999999999091e+03 4.142107376803889755e-04
4.589999999999999091e+03 2.770724935742919582e-04
4.599999999999999091e+03 1.801883540762369887e-04
4.609999999999999091e+03 1.303015593536760192e-04
4.619999999999999091e+03 1.277308139637350079e-04
4.629999999999999091e+03 1.490850507988480110e-04
4.639999999999999091e+03 1.652961640619169900e-04
4.649999999999999091e+03 1.568541293561970045e-04
4.659999999999999091e+03 1.294725592708200000e-04
4.669999999999999091e+03 1.171577271645659913e-04
4.679999999999999091e+03 1.355482153407480109e-04
4.689999999999999091e+03 1.678034178470520223e-04
4.699999999999999091e+03 1.823749052669280013e-04
4.709999999999999091e+03 1.744807740570570003e-04
4.719999999999999091e+03 1.646206235060110150e-04
4.729999999999999091e+03 1.827324167497899898e-04
4.739999999999999091e+03 2.275966479707700247e-04
4.749999999999999091e+03 2.961372206544210322e-04
4.759999999999999091e+03 3.604010770924919436e-04
4.769999999999999091e+03 3.745581840740200112e-04
4.779999999999999091e+03 3.378763957604430010e-04
4.789999999999999091e+03 2.642716199749229667e-04
4.799999999999999091e+03 1.966967335801499963e-04
4.809999999999999091e+03 1.483566791353759884e-04
4.819999999999999091e+03 1.166917999104300060e-04
4.829999999999999091e+03 1.214019521769599985e-04
4.839999999999999091e+03 1.127835765298659966e-04
4.849999999999999091e+03 1.220318860327999970e-04
4.859999999999999091e+03 1.484311779267379885e-04
4.869999999999999091e+03 1.982585212832980060e-04
4.879999999999999091e+03 2.719623961288350250e-04
4.889999999999999091e+03 3.616239908130780036e-04
4.899999999999999091e+03 4.316009667359630114e-04
4.909999999999999091e+03 4.831116657002239930e-04
4.919999999999999091e+03 5.630491408870450139e-04
4.929999999999999091e+03 7.852433880168900246e-04
4.939999999999999091e+03 1.218127612949519972e-03
4.949999999999999091e+03 1.855513022001840061e-03
4.959999999999999091e+03 2.570219314315685781e-03
4.969999999999999091e+03 3.015925026857916528e-03
4.979999999999999091e+03 2.892979969076892033e-03
4.989999999999999091e+03 2.350487505109051870e-03
4.999999999999999091e+03 1.792208674733497152e-03
5.009999999999999091e+03 1.489416009764222984e-03
5.019999999999999091e+03 1.500008225024001109e-03
5.029999999999999091e+03 1.739989743143489833e-03
5.039999999999999091e+03 2.009391639070761282e-03
5.049999999999999091e+03 1.940995746267191969e-03
5.059999999999999091e+03 1.523667331465607816e-03
5.069999999999999091e+03 9.762039383965439871e-04
5.079999999999999091e+03 5.883780350725400024e-04
5.089999999999999091e+03 4.193520596580180065e-04
5.099999999999999091e+03 4.286534823592319608e-04
5.109999999999999091e+03 5.973213169042680681e-04
5.119999999999999091e+03 8.850144011242939849e-04
5.129999999999999091e+03 1.258422632199740834e-03
5.139999999999999091e+03 1.840250738453824220e-03
5.149999999999999091e+03 2.669047099864838967e-03
5.159999999999999091e+03 3.662546280769000094e-03
5.169999999999999091e+03 4.915556563302000276e-03
5.179999999999999091e+03 6.438192069798990072e-03
5.189999999999999091e+03 8.212825905332520743e-03
5.199999999999999091e+03 1.017213502629192058e-02
5.209999999999999091e+03 1.201266423210878287e-02
5.219999999999999091e+03 1.341042184393996008e-02
5.229999999999999091e+03 1.374171011743556027e-02
5.239999999999999091e+03 1.270162689311877396e-02
5.249999999999999091e+03 1.068121167163008089e-02
5.259999999999999091e+03 8.425521371981633048e-03
5.269999999999999091e+03 6.645202406777554575e-03
5.279999999999999091e+03 5.770272570270879899e-03
5.289999999999999091e+03 5.850099186652401098e-03
5.299999999999999091e+03 6.898465356976196325e-03
5.309999999999999091e+03 9.639751704861081183e-03
5.319999999999999091e+03 1.520195796069486426e-02
5.329999999999999091e+03 2.593369477911071710e-02
5.339999999999999091e+03 4.560684350245283736e-02
5.349999999999999091e+03 7.819740671367186868e-02
5.359999999999999091e+03 1.231147767274649169e-01
5.369999999999999091e+03 1.768501409636888955e-01
5.379999999999999091e+03 2.383162572177214555e-01
5.389999999999999091e+03 3.070757973567789234e-01
5.399999999999999091e+03 3.810815485435932737e-01
5.409999999999999091e+03 4.516202134141311109e-01
5.419999999999999091e+03 5.118520349167493544e-01
5.429999999999999091e+03 5.614022715017489285e-01
5.439999999999999091e+03 6.031753765602646533e-01
5.449999999999999091e+03 6.303140228269591416e-01
5.459999999999999091e+03 6.454114583937966554e-01
5.469999999999999091e+03 6.540575761166714797e-01
5.479999999999999091e+03 6.588238116522610044e-01
5.489999999999999091e+03 6.636050468484112619e-01
5.499999999999999091e+03 6.663685100968169683e-01
5.509999999999999091e+03 6.677322568088993604e-01
5.519999999999999091e+03 6.689510230182444950e-01
5.529999999999999091e+03 6.722058337415938167e-01
5.539999999999999091e+03 6.746318745917185833e-01
5.549999999999999091e+03 6.783076918057066029e-01
5.559999999999999091e+03 6.806521294338676586e-01
5.569999999999999091e+03 6.805398116312786350e-01
5.579999999999999091e+03 6.814941666952508692e-01
5.589999999999999091e+03 6.838571735172236377e-01
5.599999999999999091e+03 6.881352025517686322e-01
5.609999999999999091e+03 6.896619859321677648e-01
5.619999999999999091e+03 6.928362203765253691e-01
5.629999999999999091e+03 6.969787324371753412e-01
5.639999999999999091e+03 6.950078822169902804e-01
5.649999999999999091e+03 6.976259646638812706e-01
5.659999999999999091e+03 6.972475974770059315e-01
5.669999999999999091e+03 6.993137028999621974e-01
5.679999999999999091e+03 7.004165086343565605e-01
5.689999999999999091e+03 6.999432363668455226e-01
5.699999999999999091e+03 7.031086609814428678e-01
5.709999999999999091e+03 7.046907905080336265e-01
5.719999999999999091e+03 7.051412953377383941e-01
5.729999999999999091e+03 7.073183185759732705e-01
5.739999999999999091e+03 7.104224672335366364e-01
5.749999999999999091e+03 7.133195760175512490e-01
5.759999999999999091e+03 7.138596792970209881e-01
5.769999999999999091e+03 7.141325354472816134e-01
5.779999999999999091e+03 7.163091690495708708e-01
5.789999999999999091e+03 7.173769769429659826e-01
5.799999999999999091e+03 7.196741785531239888e-01
5.809999999999999091e+03 7.200345504060471358e-01
5.819999999999999091e+03 7.202808545781665961e-01
5.829999999999999091e+03 7.197588868800415263e-01
5.839999999999999091e+03 7.213625491383961474e-01
5.849999999999999091e+03 7.235488122108093556e-01
5.859999999999999091e+03 7.225630832989137220e-01
5.869999999999999091e+03 7.250485970321167706e-01
5.879999999999999091e+03 7.274830368811263659e-01
5.889999999999999091e+03 7.261713292253368923e-01
5.899999999999999091e+03 7.296391247309363948e-01
5.909999999999999091e+03 7.307544178779444843e-01
5.919999999999999091e+03 7.285843862679844962e-01
5.929999999999999091e+03 7.288213712154896218e-01
5.939999999999999091e+03 7.316481294153873716e-01
5.949999999999999091e+03 7.332743361401371507e-01
5.959999999999999091e+03 7.312847716646683205e-01
5.969999999999999091e+03 7.323381733981199071e-01
5.979999999999999091e+03 7.346273874080451183e-01
5.989999999999999091e+03 7.347860163972048664e-01
5.999999999999999091e+03 7.359941339441902208e-01
6.009999999999999091e+03 7.362494013872948884e-01
6.019999999999999091e+03 7.351744522464908060e-01
6.029999999999999091e+03 7.370220909492027905e-01
6.039999999999999091e+03 7.401280669073649898e-01
6.049999999999999091e+03 7.392526193863087070e-01
6.059999999999999091e+03 7.402661301390177639e-01
6.069999999999999091e+03 7.410930723545131604e-01
6.079999999999999091e+03 7.423279119307943930e-01
6.089999999999999091e+03 7.405431504764600215e-01
6.099999999999999091e+03 7.425948026606855601e-01
6.109999999999999091e+03 7.443006746007209129e-01
6.119999999999999091e+03 7.416058325706474941e-01
6.129999999999999091e+03 7.416560645645461358e-01
6.139999999999999091e+03 7.428149647707150693e-01
6.149999999999999091e+03 7.468455457822789079e-01
6.159999999999999091e+03 7.442067361045497931e-01
6.169999999999999091e+03 7.419699667623157469e-01
6.179999999999999091e+03 7.441275399317460737e-01
6.189999999999999091e+03 7.455182069317203286e-01
6.199999999999999091e+03 7.471150627814484579e-01
6.209999999999999091e+03 7.476411584383777509e-01
6.219999999999999091e+03 7.451722622124247186e-01
6.229999999999999091e+03 7.442066526155952655e-01
6.239999999999999091e+03 7.459045767494918433e-01
6.249999999999999091e+03 7.455572404217573057e-01
6.259999999999999091e+03 7.478161907461787772e-01
6.269999999999999091e+03 7.483834782288862897e-01
6.279999999999999091e+03 7.480849342008437652e-01
6.289999999999999091e+03 7.477766408868647963e-01
6.299999999999999091e+03 7.493780440306136992e-01
6.309999999999999091e+03 7.491023957565907665e-01
6.319999999999999091e+03 7.488536070866120831e-01
6.329999999999999091e+03 7.482867998637009466e-01
6.339999999999999091e+03 7.494305643082926904e-01
6.349999999999999091e+03 7.481465063261514281e-01
6.359999999999999091e+03 7.503389271088014567e-01
6.369999999999999091e+03 7.478866580010860021e-01
6.379999999999999091e+03 7.492233288096679100e-01
6.389999999999999091e+03 7.475722446657593334e-01
6.399999999999999091e+03 7.476947383158072391e-01
6.409999999999999091e+03 7.475308271929697046e-01
6.419999999999999091e+03 7.497368246495975663e-01
6.429999999999999091e+03 7.475664226579507021e-01
6.439999999999999091e+03 7.465862005019786585e-01
6.449999999999999091e+03 7.494241197627770079e-01
6.459999999999999091e+03 7.486044592535490150e-01
6.469999999999999091e+03 7.483861820330841574e-01
6.479999999999999091e+03 7.463774582195203955e-01
6.489999999999999091e+03 7.456345604651911652e-01
6.499999999999999091e+03 7.476042135231339980e-01
6.509999999999999091e+03 7.464133566261867969e-01
6.519999999999999091e+03 7.474503429366493590e-01
6.529999999999999091e+03 7.500977472035855742e-01
6.539999999999999091e+03 7.471233138172741484e-01
6.549999999999999091e+03 7.471719540134152959e-01
6.559999999999999091e+03 7.450663121283643830e-01
6.569999999999999091e+03 7.449887440447092724e-01
6.579999999999999091e+03 7.457358474666575532e-01
6.589999999999999091e+03 7.483168970960808464e-01
6.599999999999999091e+03 7.441470547622529574e-01
6.609999999999999091e+03 7.457404964961894533e-01
6.619999999999999091e+03 7.431978097862332877e-01
6.629999999999999091e+03 7.458429838250978383e-01
6.639999999999999091e+03 7.428997249774507150e-01
6.649999999999999091e+03 7.418845885033102938e-01
6.659999999999999091e+03 7.438518679083072627e-01
6.669999999999999091e+03 7.413764703992772320e-01
6.679999999999999091e+03 7.422097357954027252e-01
6.689999999999999091e+03 7.436582281342587475e-01
6.699999999999999091e+03 7.389751959155257399e-01
6.709999999999999091e+03 7.379197218231241528e-01
6.719999999999999091e+03 7.378874005184712370e-01
6.729999999999999091e+03 7.360018712679766706e-01
6.739999999999999091e+03 7.330275555320908687e-01
6.749999999999999091e+03 7.360384237741265379e-01
6.759999999999999091e+03 7.313164554218751778e-01
6.769999999999999091e+03 7.334662036014317765e-01
6.779999999999999091e+03 7.341234464725870934e-01
6.789999999999999091e+03 7.314128072898340438e-01
6.799999999999999091e+03 7.340613681166137106e-01
6.809999999999999091e+03 7.327958247025743166e-01
6.819999999999999091e+03 7.316245566387801214e-01
6.829999999999999091e+03 7.296643089524752490e-01
6.839999999999999091e+03 7.281694315104068060e-01
6.849999999999999091e+03 7.287602953244826098e-01
6.859999999999999091e+03 7.272400046781435368e-01
6.869999999999999091e+03 7.334524363976147043e-01
6.879999999999999091e+03 7.298457648540490617e-01
6.889999999999999091e+03 7.288988123694714050e-01
6.899999999999999091e+03 7.303161094206572779e-01
6.909999999999999091e+03 7.315065954018946659e-01
6.919999999999999091e+03 7.307025705596690290e-01
6.929999999999999091e+03 7.291726361174002413e-01
6.939999999999999091e+03 7.291913603098488794e-01
6.949999999999999091e+03 7.344513471577942543e-01
6.959999999999999091e+03 7.305940571431865926e-01
6.969999999999999091e+03 7.265455767222287475e-01
6.979999999999999091e+03 7.251372287781007175e-01
6.989999999999999091e+03 7.255407476219246643e-01
6.999999999999999091e+03 7.238920918825171302e-01
7.009999999999999091e+03 7.285756796990563444e-01
7.019999999999999091e+03 7.247652184940038822e-01
7.029999999999999091e+03 7.237682570366167356e-01
7.039999999999999091e+03 7.267363847744353622e-01
7.049999999999999091e+03 7.273138893274548877e-01
7.059999999999999091e+03 7.255793476697034450e-01
7.069999999999999091e+03 7.251247388201411681e-01
7.079999999999999091e+03 7.211160494270902888e-01
7.089999999999999091e+03 7.236487605707460080e-01
7.099999999999999091e+03 7.215420421175275933e-01
7.109999999999999091e+03 7.192799994018539422e-01
7.119999999999999091e+03 7.163305631740876089e-01
7.129999999999999091e+03 7.207558059156080610e-01
7.139999999999999091e+03 7.177040059913851744e-01
7.149999999999999091e+03 7.137054061917927905e-01
7.159999999999999091e+03 7.160057851584115118e-01
7.169999999999999091e+03 7.156030326698178401e-01
7.179999999999999091e+03 7.135228219919247383e-01
7.189999999999999091e+03 7.130061096437175783e-01
7.199999999999999091e+03 7.149196891983909952e-01
7.209999999999999091e+03 7.080281198737365944e-01
7.219999999999999091e+03 7.138762489740819728e-01
7.229999999999999091e+03 7.094369533593564148e-01
7.239999999999999091e+03 7.111438937149053841e-01
7.249999999999999091e+03 7.056014448543821427e-01
7.259999999999999091e+03 7.116162632041356240e-01
7.269999999999999091e+03 7.090716155405134558e-01
7.279999999999999091e+03 7.063856049299982454e-01
7.289999999999999091e+03 7.066116753457537536e-01
7.299999999999999091e+03 7.071303539399633742e-01
7.309999999999999091e+03 7.108838507996667611e-01
7.319999999999999091e+03 7.053938515249976726e-01
7.329999999999999091e+03 7.052861940353591930e-01
7.339999999999999091e+03 7.054769474025058829e-01
7.349999999999999091e+03 7.095719257342228969e-01
7.359999999999999091e+03 7.061983692282264302e-01
7.369999999999999091e+03 7.043189854157557717e-01
7.379999999999999091e+03 7.041392515342617120e-01
7.389999999999999091e+03 7.059848807048548780e-01
7.399999999999999091e+03 7.065812489317350176e-01
7.409999999999999091e+03 7.012797782538637836e-01
7.419999999999999091e+03 6.996463309703212508e-01
7.429999999999999091e+03 7.019890184421199164e-01
7.439999999999999091e+03 6.960296140614856686e-01
7.449999999999999091e+03 6.955608597928775172e-01
7.459999999999999091e+03 6.956100871378637640e-01
7.469999999999999091e+03 6.950380588226053868e-01
7.479999999999999091e+03 7.003769970133763012e-01
7.489999999999999091e+03 6.952482814078071449e-01
7.499999999999999091e+03 6.934212162520307920e-01
7.509999999999999091e+03 6.931603757368296481e-01
7.519999999999999091e+03 6.937502708642524496e-01
7.529999999999999091e+03 6.886344921695329857e-01
7.539999999999999091e+03 6.922489089195358325e-01
7.549999999999999091e+03 6.907972704519204088e-01
7.559999999999999091e+03 6.876488291148509235e-01
7.569999999999999091e+03 6.880335960587562472e-01
7.579999999999999091e+03 6.900796584052150129e-01
7.589999999999999091e+03 6.848862624796896448e-01
7.599999999999999091e+03 6.841748861172414209e-01
7.609999999999999091e+03 6.815780967465182583e-01
7.619999999999999091e+03 6.841307635836962886e-01
7.629999999999999091e+03 6.844390927408996461e-01
7.639999999999999091e+03 6.840204804947619399e-01
7.649999999999999091e+03 6.818322764475577280e-01
7.659999999999999091e+03 6.798632659908703246e-01
7.669999999999999091e+03 6.820145134072900239e-01
7.679999999999998181e+03 6.803258224278860844e-01
7.689999999999998181e+03 6.753405183291925074e-01
7.699999999999998181e+03 6.754335222501309799e-01
7.709999999999998181e+03 6.739999828884378763e-01
7.719999999999998181e+03 6.727949329476532458e-01
7.729999999999998181e+03 6.691919973336117877e-01
7.739999999999998181e+03 6.730069170480903473e-01
7.749999999999998181e+03 6.657153017224005653e-01
7.759999999999998181e+03 6.641314394643469399e-01
7.769999999999998181e+03 6.651207014093178937e-01
7.779999999999998181e+03 6.689187422681116546e-01
7.789999999999998181e+03 6.617285487471324945e-01
7.799999999999998181e+03 6.606063174069329857e-01
7.809999999999998181e+03 6.624653660154296020e-01
7.819999999999998181e+03 6.652810128749644392e-01
7.829999999999998181e+03 6.615037883915022565e-01
7.839999999999998181e+03 6.555236071083690996e-01
7.849999999999998181e+03 6.574628072151028624e-01
7.859999999999998181e+03 6.585824947496874415e-01
7.869999999999998181e+03 6.595511156353939253e-01
7.879999999999998181e+03 6.581561179064937539e-01
7.889999999999998181e+03 6.618532813481583510e-01
7.899999999999998181e+03 6.578155094465544250e-01
7.909999999999998181e+03 6.525100034780808578e-01
7.919999999999998181e+03 6.486845458143520871e-01
7.929999999999998181e+03 6.496852327438212837e-01
7.939999999999998181e+03 6.487483690853408369e-01
7.949999999999998181e+03 6.514774218082449719e-01
7.959999999999998181e+03 6.527040253362469402e-01
7.969999999999998181e+03 6.472437448272959637e-01
7.979999999999998181e+03 6.420003279170590771e-01
7.989999999999998181e+03 6.461341479523730058e-01
7.999999999999998181e+03 6.384944206863711891e-01
8.009999999999998181e+03 6.328530201529359855e-01
8.019999999999998181e+03 6.333770512547364229e-01
8.029999999999998181e+03 6.323588679595643081e-01
8.039999999999998181e+03 6.339916674835480714e-01
8.049999999999998181e+03 6.342704994383451256e-01
8.059999999999998181e+03 6.310421629840460289e-01
8.069999999999998181e+03 6.332472497710983639e-01
8.079999999999998181e+03 6.301009596629109089e-01
8.089999999999998181e+03 6.232775068459250889e-01
8.099999999999998181e+03 6.226342997094787002e-01
8.109999999999998181e+03 6.172803322527589120e-01
8.119999999999998181e+03 6.187636135546364935e-01
8.129999999999998181e+03 6.193820532916286536e-01
8.139999999999998181e+03 6.170021662165122711e-01
8.149999999999998181e+03 6.119622525314778461e-01
8.159999999999998181e+03 6.135561872862771438e-01
8.169999999999998181e+03 6.124229961815910173e-01
8.179999999999998181e+03 6.145978888184157052e-01
8.189999999999998181e+03 6.059691969958664881e-01
8.199999999999998181e+03 6.039204708563663537e-01
8.209999999999998181e+03 6.057385233969382332e-01
8.219999999999998181e+03 6.040003927132669981e-01
8.229999999999998181e+03 5.988323227015250882e-01
8.239999999999998181e+03 5.975046817892645246e-01
8.249999999999998181e+03 5.934919613057072496e-01
8.259999999999998181e+03 5.965190814143668252e-01
8.269999999999998181e+03 5.955193156080244021e-01
8.279999999999998181e+03 5.931348193830242588e-01
8.289999999999998181e+03 5.916906271550858021e-01
8.299999999999998181e+03 5.905569255861269351e-01
8.309999999999998181e+03 5.864532900898936640e-01
8.319999999999998181e+03 5.828922881830201908e-01
8.329999999999998181e+03 5.832543867168203944e-01
8.339999999999998181e+03 5.825146518702805087e-01
8.349999999999998181e+03 5.835951313620038050e-01
8.359999999999998181e+03 5.813555818361493266e-01
8.369999999999998181e+03 5.724783733045749612e-01
8.379999999999998181e+03 5.706899551467244924e-01
8.389999999999998181e+03 5.741317762470786734e-01
8.399999999999998181e+03 5.700969984515420474e-01
8.409999999999998181e+03 5.675908065228967292e-01
8.419999999999998181e+03 5.647379152849131279e-01
8.429999999999998181e+03 5.584010736118827367e-01
8.439999999999998181e+03 5.631403029224952839e-01
8.449999999999998181e+03 5.621774940936581366e-01
8.459999999999998181e+03 5.539963048280728275e-01
8.469999999999998181e+03 5.492205207419730284e-01
8.479999999999998181e+03 5.445548499766098560e-01
8.489999999999998181e+03 5.423435964587106639e-01
8.499999999999998181e+03 5.428763965359766352e-01
8.509999999999998181e+03 5.426941031483225597e-01
8.519999999999998181e+03 5.400491075489017856e-01
8.529999999999998181e+03 5.417970854574062356e-01
8.539999999999998181e+03 5.433855563041065651e-01
8.549999999999998181e+03 5.314090238864396243e-01
8.559999999999998181e+03 5.271370799123723527e-01
8.569999999999998181e+03 5.290080309498562672e-01
8.579999999999998181e+03 5.232713458951818719e-01
8.589999999999998181e+03 5.205493824120455137e-01
8.599999999999998181e+03 5.280405351524298796e-01
8.609999999999998181e+03 5.276242847721045459e-01
8.619999999999998181e+03 5.258939866177515521e-01
8.629999999999998181e+03 5.213562825461355299e-01
8.639999999999998181e+03 5.192688805325282875e-01
8.649999999999998181e+03 5.036141516825896058e-01
8.659999999999998181e+03 5.069674944414603868e-01
8.669999999999998181e+03 5.048500513915459287e-01
8.679999999999998181e+03 4.908080480962195846e-01
8.689999999999998181e+03 4.988931938213342354e-01
8.699999999999998181e+03 4.955289964340284237e-01
8.709999999999998181e+03 4.930906568052837446e-01
8.719999999999998181e+03 4.851772321430197210e-01
8.729999999999998181e+03 4.924983191889532597e-01
8.739999999999998181e+03 4.821397471546025604e-01
8.749999999999998181e+03 4.726318408497292567e-01
8.759999999999998181e+03 4.733287638511783357e-01
8.769999999999998181e+03 4.726024428519270959e-01
8.779999999999998181e+03 4.744559612914663882e-01
8.789999999999998181e+03 4.664479730610061048e-01
8.799999999999998181e+03 4.555637633772405271e-01
8.809999999999998181e+03 4.519258362537619811e-01
8.819999999999998181e+03 4.545540997351881773e-01
8.829999999999998181e+03 4.432738988228289156e-01
8.839999999999998181e+03 4.417724805112541175e-01
8.849999999999998181e+03 4.413706000355839265e-01
8.859999999999998181e+03 4.353477492763081491e-01
8.869999999999998181e+03 4.349079320103750312e-01
8.879999999999998181e+03 4.304840537525354560e-01
8.889999999999998181e+03 4.284565598531336339e-01
8.899999999999998181e+03 4.282330997873813883e-01
8.909999999999998181e+03 4.235658941564652280e-01
8.919999999999998181e+03 4.237669731755152047e-01
8.929999999999998181e+03 4.224539193750680988e-01
8.939999999999998181e+03 4.168688024648705137e-01
8.949999999999998181e+03 4.129824353435247453e-01
8.959999999999998181e+03 4.121887478459402288e-01
8.969999999999998181e+03 4.088609819686706004e-01
8.979999999999998181e+03 4.042813586415178184e-01
8.989999999999998181e+03 4.016179173737728370e-01
8.999999999999998181e+03 3.946787076975994957e-01
9.009999999999998181e+03 3.884427493846634993e-01
9.019999999999998181e+03 3.871077645603195894e-01
9.029999999999998181e+03 3.816743636950453711e-01
9.039999999999998181e+03 3.755156016301755550e-01
9.049999999999998181e+03 3.764521877494637625e-01
9.059999999999998181e+03 3.754610297809883313e-01
9.069999999999998181e+03 3.690369090490606130e-01
9.079999999999998181e+03 3.644121302962685105e-01
9.089999999999998181e+03 3.589094636985368791e-01
9.099999999999998181e+03 3.465777931782039190e-01
9.109999999999998181e+03 3.348500445951815840e-01
9.119999999999998181e+03 3.247431611210517821e-01
9.129999999999998181e+03 3.141059277514328674e-01
9.139999999999998181e+03 3.020880837087016046e-01
9.149999999999998181e+03 2.839913348497222767e-01
9.159999999999998181e+03 2.614103605580556100e-01
9.169999999999998181e+03 2.365285959136369243e-01
9.179999999999998181e+03 2.088783846461078342e-01
9.189999999999998181e+03 1.803942407622947941e-01
9.199999999999998181e+03 1.510286713425126881e-01
9.209999999999998181e+03 1.219812261640001450e-01
9.219999999999998181e+03 9.250936159589709384e-02
9.229999999999998181e+03 6.689355757543664904e-02
9.239999999999998181e+03 4.591107233619508982e-02
9.249999999999998181e+03 2.921784006016497209e-02
9.259999999999998181e+03 1.749148957503805432e-02
9.269999999999998181e+03 9.768724472520751156e-03
9.279999999999998181e+03 5.347607278865906810e-03
9.289999999999998181e+03 3.202782458970980951e-03
9.299999999999998181e+03 2.666300984086773362e-03
9.309999999999998181e+03 2.754550256493305902e-03
9.319999999999998181e+03 2.967008787366519785e-03
9.329999999999998181e+03 3.175780558456344112e-03
9.339999999999998181e+03 3.473468072075869967e-03
9.349999999999998181e+03 3.489881919631964997e-03
9.359999999999998181e+03 3.706932591660644979e-03
9.369999999999998181e+03 3.703776694012457949e-03
9.379999999999998181e+03 3.429854947519407529e-03
9.389999999999998181e+03 3.170749696794972466e-03
9.399999999999998181e+03 2.895287513309135943e-03
9.409999999999998181e+03 2.569757387890780464e-03
9.419999999999998181e+03 1.985300823302049971e-03
9.429999999999998181e+03 1.658663033538770827e-03
9.439999999999998181e+03 1.316074032908096146e-03
9.449999999999998181e+03 1.060295600845161113e-03
9.459999999999998181e+03 8.126308198123290832e-04
9.469999999999998181e+03 6.121078616929738914e-04
9.479999999999998181e+03 5.170121926896419822e-04
9.489999999999998181e+03 3.537339810384959463e-04
9.499999999999998181e+03 3.007507116818249819e-04
9.509999999999998181e+03 3.420357035674799658e-04
9.519999999999998181e+03 3.158487759264559831e-04
9.529999999999998181e+03 4.436827374831220274e-04
9.539999999999998181e+03 3.128752328284380092e-04
9.549999999999998181e+03 3.952822177878409851e-04
9.559999999999998181e+03 3.287616503582080482e-04
9.569999999999998181e+03 3.061574829325320072e-04
9.579999999999998181e+03 3.898119245219519948e-04
9.589999999999998181e+03 4.354164361089119971e-04
9.599999999999998181e+03 4.165552647675040219e-04
9.609999999999998181e+03 4.197781761000099997e-04
9.619999999999998181e+03 3.076450108898239814e-04
9.629999999999998181e+03 2.530474084034279431e-04
9.639999999999998181e+03 2.568114105699100111e-04
9.649999999999998181e+03 2.438065984208499857e-04
9.659999999999998181e+03 2.575740629293579568e-04
9.669999999999998181e+03 1.295049615937359920e-04
9.679999999999998181e+03 1.404552342729409949e-04
9.689999999999998181e+03 1.087329298915129950e-04
9.699999999999998181e+03 1.122902988875999970e-04
9.709999999999998181e+03 1.090259524707919961e-04
9.719999999999998181e+03 1.493090397049080115e-04
9.729999999999998181e+03 1.370430426208200090e-04
9.739999999999998181e+03 1.357413845335919938e-04
9.749999999999998181e+03 1.635316518522259954e-04
9.759999999999998181e+03 1.947595567326360088e-04
9.769999999999998181e+03 2.037880657790249893e-04
9.779999999999998181e+03 2.468629074764969785e-04
9.789999999999998181e+03 2.248493216892719830e-04
9.799999999999998181e+03 2.526010229013599833e-04
9.809999999999998181e+03 2.865858310281600317e-04
9.819999999999998181e+03 2.878426810828799945e-04
9.829999999999998181e+03 2.896616615151999621e-04
9.839999999999998181e+03 2.746221445646399636e-04
9.849999999999998181e+03 2.758753549934539820e-04
9.859999999999998181e+03 2.570006388752010189e-04
9.869999999999998181e+03 2.416998337917880047e-04
9.879999999999998181e+03 2.333815690058999948e-04
9.889999999999998181e+03 2.100152639651969779e-04
9.899999999999998181e+03 1.978236168426050095e-04
9.909999999999998181e+03 1.796575065117629838e-04
9.919999999999998181e+03 1.573232765587020032e-04
9.929999999999998181e+03 1.385642800469599973e-04
9.939999999999998181e+03 1.183156847274009944e-04
9.949999999999998181e+03 1.060102921504249964e-04
9.959999999999998181e+03 1.009332116828430114e-04
9.969999999999998181e+03 7.522504977997800373e-05
9.979999999999998181e+03 7.130250388441999084e-05
9.989999999999998181e+03 5.877827805877900347e-05
9.999999999999998181e+03 4.897808767624499849e-05
1.000999999999999818e+04 4.765838221271699853e-05
1.001999999999999818e+04 4.018056781850399927e-05
1.002999999999999818e+04 3.461863215356299580e-05
1.003999999999999818e+04 3.123882903000599559e-05
1.004999999999999818e+04 2.502986978013000338e-05
1.005999999999999818e+04 2.216935766068100011e-05
1.006999999999999818e+04 2.004766592828999909e-05
1.007999999999999818e+04 1.598589362648899983e-05
1.008999999999999818e+04 1.610829575217100266e-05
1.009999999999999818e+04 1.451394491877000097e-05
1.010999999999999818e+04 1.195416680912200072e-05
1.011999999999999818e+04 9.998011401361999850e-06
1.012999999999999818e+04 9.835563433343998848e-06
1.013999999999999818e+04 9.302630945385000622e-06
1.014999999999999818e+04 8.919332397039999419e-06
1.015999999999999818e+04 8.498701486534000207e-06
1.016999999999999818e+04 8.972924431086001261e-06
1.017999999999999818e+04 9.307155947600000007e-06
1.018999999999999818e+04 9.434736732078001048e-06
1.019999999999999818e+04 9.601066211015999398e-06
1.020999999999999818e+04 9.656891503549998838e-06
1.021999999999999818e+04 9.815084192824000950e-06
1.022999999999999818e+04 9.325729943657999136e-06
1.023999999999999818e+04 9.191614567803999670e-06
1.024999999999999818e+04 1.021329862157800012e-05
1.025999999999999818e+04 1.020411843121800076e-05
1.026999999999999818e+04 1.012129270240999865e-05
1.027999999999999818e+04 1.010461842801599974e-05
1.028999999999999818e+04 9.767260436703000619e-06
1.029999999999999818e+04 9.816091759901999657e-06
1.030999999999999818e+04 9.748300080409999296e-06
1.031999999999999818e+04 8.930294839791999827e-06
1.032999999999999818e+04 9.791991131119999716e-06
1.033999999999999818e+04 9.057382393038000297e-06
1.034999999999999818e+04 8.614461600435000441e-06
1.035999999999999818e+04 7.916350438286999457e-06
1.036999999999999818e+04 7.547415974350000442e-06
1.037999999999999818e+04 7.267029301215998837e-06
1.038999999999999818e+04 8.064485439910001215e-06
1.039999999999999818e+04 7.086621369442999880e-06
1.040999999999999818e+04 6.416890037775000092e-06
1.041999999999999818e+04 7.040854648213999935e-06
1.042999999999999818e+04 6.328896355661999546e-06
1.043999999999999818e+04 6.466636949190000652e-06
1.044999999999999818e+04 6.738318897172000812e-06
1.045999999999999818e+04 6.640049510772000419e-06
1.046999999999999818e+04 6.389181813464000149e-06
1.047999999999999818e+04 6.105476411034000233e-06
1.048999999999999818e+04 5.671996714922999745e-06
1.049999999999999818e+04 5.519036122996999675e-06
1.050999999999999818e+04 5.386450998298000090e-06
1.051999999999999818e+04 6.187566416242999347e-06
1.052999999999999818e+04 6.103276147198000359e-06
1.053999999999999818e+04 6.308369622212000223e-06
1.054999999999999818e+04 6.240728195334999965e-06
1.055999999999999818e+04 5.771906930131999180e-06
1.056999999999999818e+04 5.649253852811000327e-06
1.057999999999999818e+04 5.756623469200000127e-06
1.058999999999999818e+04 5.406017792300999671e-06
1.059999999999999818e+04 5.024613959618999456e-06
1.060999999999999818e+04 4.679216551467000210e-06
1.061999999999999818e+04 4.372765541958000323e-06
1.062999999999999818e+04 3.928840462033999905e-06
1.063999999999999818e+04 3.680594333278999576e-06
1.064999999999999818e+04 3.515394214861999829e-06
1.065999999999999818e+04 3.061316864780000029e-06
1.066999999999999818e+04 2.689173399996999899e-06
1.067999999999999818e+04 2.566267066479000163e-06
1.068999999999999818e+04 2.242946992021999932e-06
1.069999999999999818e+04 2.254618799361999951e-06
1.070999999999999818e+04 2.060470396513999690e-06
1.071999999999999818e+04 1.908637800842999942e-06
1.072999999999999818e+04 1.901029103793999895e-06
1.073999999999999818e+04 1.657033274692999980e-06
1.074999999999999818e+04 1.641749813761000079e-06
1.075999999999999818e+04 1.690661293199000073e-06
1.076999999999999818e+04 1.670576975662999958e-06
1.077999999999999818e+04 1.702178944592999978e-06
1.078999999999999818e+04 1.781789479563000021e-06
1.079999999999999818e+04 2.059897817285999813e-06
1.080999999999999818e+04 2.184742111267999949e-06
1.081999999999999818e+04 2.197228742893999844e-06
1.082999999999999818e+04 2.427857049248999760e-06
1.083999999999999818e+04 2.400802680725999918e-06
1.084999999999999818e+04 2.537583049384000148e-06
1.085999999999999818e+04 2.919911817741999775e-06
1.086999999999999818e+04 3.095385328846000175e-06
1.087999999999999818e+04 3.243870538260999692e-06
1.088999999999999818e+04 3.763486187671000044e-06
1.089999999999999818e+04 3.803038198959000242e-06
1.090999999999999818e+04 3.775554396015000174e-06
1.091999999999999818e+04 4.055578671923999443e-06
1.092999999999999818e+04 4.149635821261999434e-06
1.093999999999999818e+04 4.140694776393999615e-06
1.094999999999999818e+04 3.968865952298999635e-06
1.095999999999999818e+04 3.839330913102999668e-06
1.096999999999999818e+04 3.697683621007000265e-06
1.097999999999999818e+04 3.523091001022999971e-06
1.098999999999999818e+04 3.236768353606000351e-06
1.099999999999999818e+04 3.023119223588999893e-06
1.100999999999999818e+04 2.737369155400000151e-06
1.101999999999999818e+04 2.543540075583000156e-06
1.102999999999999818e+04 2.303607356773000001e-06
1.103999999999999818e+04 2.022966457079999854e-06
1.104999999999999818e+04 1.724179200314999782e-06
1.105999999999999818e+04 1.467102138081999805e-06
1.106999999999999818e+04 1.245524987985000093e-06
1.107999999999999818e+04 1.133497659798999942e-06
1.108999999999999818e+04 1.019586325730100045e-06
1.109999999999999818e+04 8.226289813231999904e-07
1.110999999999999818e+04 7.423908114302000893e-07
1.111999999999999818e+04 6.452087008439999218e-07
1.112999999999999818e+04 5.765927881654999731e-07
1.113999999999999818e+04 5.138843515604999657e-07
1.114999999999999818e+04 4.890795587352000019e-07
1.115999999999999818e+04 4.776125585805999130e-07
1.116999999999999818e+04 4.339721113818999934e-07
1.117999999999999818e+04 4.527273844406000078e-07
1.118999999999999818e+04 4.302833798168999494e-07
1.119999999999999818e+04 4.222815851055999407e-07
1.120999999999999818e+04 4.328148406730000260e-07
1.121999999999999818e+04 4.996700722253999374e-07
1.122999999999999818e+04 5.529089292903999771e-07
1.123999999999999818e+04 5.970691022499000350e-07
1.124999999999999818e+04 6.141396710416000015e-07
1.125999999999999818e+04 6.714911885230999744e-07
1.126999999999999818e+04 8.106334464965999653e-07
1.127999999999999818e+04 9.398667804840000033e-07
1.128999999999999818e+04 1.030136098006000135e-06
1.129999999999999818e+04 1.137516725533999973e-06
1.130999999999999818e+04 1.303773913295000017e-06
1.131999999999999818e+04 1.411980376247999768e-06
1.132999999999999818e+04 1.642872949938999970e-06
1.133999999999999818e+04 1.780203875547000001e-06
1.134999999999999818e+04 1.926167534131000048e-06
1.135999999999999818e+04 2.294479122541999953e-06
1.136999999999999818e+04 2.476768528686999965e-06
1.137999999999999818e+04 2.625176660129000061e-06
1.138999999999999818e+04 2.867058350542000232e-06
1.139999999999999818e+04 3.211057344041000109e-06
1.140999999999999818e+04 3.585667303959999518e-06
1.141999999999999818e+04 3.772669477596999861e-06
1.142999999999999818e+04 3.970969079848000189e-06
1.143999999999999818e+04 4.127789721485999533e-06
1.144999999999999818e+04 4.454699427256999569e-06
1.145999999999999818e+04 4.593759101687999696e-06
1.146999999999999818e+04 4.880268938468000391e-06
1.147999999999999818e+04 4.918466579658999680e-06
1.148999999999999818e+04 5.099423637985000132e-06
1.149999999999999818e+04 5.214027572696999732e-06
1.150999999999999818e+04 5.392143757160999600e-06
1.151999999999999818e+04 5.256915959102000122e-06
1.152999999999999818e+04 5.898127616489000302e-06
1.153999999999999818e+04 5.755896734025999288e-06
1.154999999999999818e+04 6.174011704133999542e-06
1.155999999999999818e+04 6.156371859455999899e-06
1.156999999999999818e+04 6.203873913101999428e-06
1.157999999999999818e+04 6.123767876877000622e-06
1.158999999999999818e+04 6.215193363993999913e-06
1.159999999999999818e+04 6.146406778660999899e-06
1.160999999999999818e+04 6.862384069857999754e-06
1.161999999999999818e+04 6.878284154573999263e-06
1.162999999999999818e+04 6.925632052273999948e-06
1.163999999999999818e+04 7.865014342641999957e-06
1.164999999999999818e+04 7.500710808826999197e-06
1.165999999999999818e+04 7.810927627873999503e-06
1.166999999999999818e+04 8.024918103199999881e-06
1.167999999999999818e+04 8.213230602378000556e-06
1.168999999999999818e+04 8.034872172855998996e-06
1.169999999999999818e+04 8.562030452480999800e-06
1.170999999999999818e+04 8.810452759459999896e-06
1.171999999999999818e+04 8.724367674757999735e-06
1.172999999999999818e+04 8.465583885980000798e-06
1.173999999999999818e+04 8.820307728864998665e-06
1.174999999999999818e+04 8.977932183649999117e-06
1.175999999999999818e+04 8.440159166029000283e-06
1.176999999999999818e+04 8.400508054489999317e-06
1.177999999999999818e+04 8.579670297159000289e-06
1.178999999999999818e+04 8.285771986109999256e-06
1.179999999999999818e+04 8.494928571414999728e-06
1.180999999999999818e+04 8.197143328299000395e-06
1.181999999999999818e+04 8.021185327079000425e-06
1.182999999999999818e+04 7.770858093052998773e-06
1.183999999999999818e+04 7.778048366820000114e-06
1.184999999999999818e+04 7.852307488235999718e-06
1.185999999999999818e+04 7.705947428647999561e-06
1.186999999999999818e+04 7.694374721558999887e-06
1.187999999999999818e+04 7.442726150852999559e-06
1.188999999999999818e+04 7.145557531520998987e-06
1.189999999999999818e+04 7.307201052040999045e-06
1.190999999999999818e+04 7.141450376673999920e-06
1.191999999999999818e+04 7.318190168763000073e-06
1.192999999999999818e+04 7.072586713368000484e-06
1.193999999999999818e+04 6.893193236780000400e-06
1.194999999999999818e+04 6.708404302082000146e-06
1.195999999999999818e+04 7.206823508916999049e-06
1.196999999999999818e+04 6.923848247755999660e-06
1.197999999999999818e+04 7.171753031201999647e-06
1.198999999999999818e+04 7.293580273097999857e-06
