2.999999999999999545e+03 2.191217605814699977e-08
3.009999999999999545e+03 1.472948155791999749e-08
3.019999999999999545e+03 2.757024409844700173e-12
3.029999999999999545e+03 6.170763048009000295e-09
3.039999999999999545e+03 8.305064338559999900e-09
3.049999999999999545e+03 3.249206965441499603e-09
3.059999999999999545e+03 3.148956709577999621e-09
3.069999999999999545e+03 1.356549335701000037e-12
3.079999999999999545e+03 2.912405757971800297e-09
3.089999999999999545e+03 1.622659159869599981e-09
3.099999999999999545e+03 1.034166184127099896e-09
3.109999999999999545e+03 1.860791919756000139e-09
3.119999999999999545e+03 1.312416794891000027e-10
3.129999999999999545e+03 4.976436067650300102e-10
3.139999999999999545e+03 8.934009555344000871e-10
3.149999999999999545e+03 1.614453354163499883e-12
3.159999999999999545e+03 6.180103652077999620e-10
3.169999999999999545e+03 1.435628343366399875e-09
3.179999999999999545e+03 1.065453305723499950e-09
3.189999999999999545e+03 2.378484992160999774e-09
3.199999999999999545e+03 4.929117616198500189e-09
3.209999999999999545e+03 9.427678178129999837e-09
3.219999999999999545e+03 2.813709721548000056e-08
3.229999999999999545e+03 8.969350776695999190e-08
3.239999999999999545e+03 1.242381951664000160e-06
3.249999999999999545e+03 1.477539519276800133e-06
3.259999999999999545e+03 2.872233990003599949e-06
3.269999999999999545e+03 1.170900541755999857e-05
3.279999999999999545e+03 2.003654804388000141e-05
3.289999999999999545e+03 7.201540217026999265e-06
3.299999999999999545e+03 1.920845569759199948e-05
3.309999999999999545e+03 2.756827012642600275e-05
3.319999999999999545e+03 2.727794580412999827e-05
3.329999999999999545e+03 1.998549899154900076e-05
3.339999999999999545e+03 1.567701482966399876e-05
3.349999999999999545e+03 1.272725511458400096e-05
3.359999999999999545e+03 3.894925765210200484e-06
3.369999999999999545e+03 5.713707924610199546e-06
3.379999999999999545e+03 6.860040961607999616e-06
3.389999999999999545e+03 7.674746223150000259e-06
3.399999999999999545e+03 1.744818559107999973e-05
3.409999999999999545e+03 1.797410531855000095e-05
3.419999999999999545e+03 2.709981948303000082e-05
3.429999999999999545e+03 1.365004618923499946e-05
3.439999999999999545e+03 1.594443451904000000e-05
3.449999999999999545e+03 8.461142514135000146e-06
3.459999999999999545e+03 4.908576149234399942e-06
3.469999999999999545e+03 2.983604348518400051e-06
3.479999999999999545e+03 6.202774640423500008e-06
3.489999999999999545e+03 1.141323622504199998e-05
3.499999999999999545e+03 9.405795440960001082e-06
3.509999999999999545e+03 1.230723543859199863e-05
3.519999999999999545e+03 1.290203583121799870e-05
3.529999999999999545e+03 1.171003199687999876e-05
3.539999999999999545e+03 1.090707119331399950e-05
3.549999999999999545e+03 1.752223085706000312e-05
3.559999999999999545e+03 2.990089179615000337e-05
3.569999999999999545e+03 3.532465249017500481e-05
3.579999999999999545e+03 4.924590502732800279e-05
3.589999999999999545e+03 3.450902245408800481e-05
3.599999999999999545e+03 2.782460829905199860e-05
3.609999999999999545e+03 2.962332483627399957e-05
3.619999999999999545e+03 5.122670210953099673e-05
3.629999999999999545e+03 3.817014528074999747e-05
3.639999999999999545e+03 6.445032612479999776e-05
3.649999999999999545e+03 8.735578078768899905e-05
3.659999999999999545e+03 9.802724606519801795e-05
3.669999999999999545e+03 1.189692522849599912e-04
3.679999999999999545e+03 8.843835647875799373e-05
3.689999999999999545e+03 8.997015055317300408e-05
3.699999999999999545e+03 9.883951124492800432e-05
3.709999999999999545e+03 1.139196367366199914e-04
3.719999999999999545e+03 1.171085622734439956e-04
3.729999999999999545e+03 1.411330623566440102e-04
3.739999999999999545e+03 1.381968656055239885e-04
3.749999999999999545e+03 1.550279849873400010e-04
3.759999999999999545e+03 1.656660724875520080e-04
3.769999999999999545e+03 1.829008165391220165e-04
3.779999999999999545e+03 1.588371167435580146e-04
3.789999999999999545e+03 1.585717968492480004e-04
3.799999999999999545e+03 1.274448592755549742e-04
3.809999999999999545e+03 1.220641269817200088e-04
3.819999999999999545e+03 1.729783172502559962e-04
3.829999999999999545e+03 2.065376964436099673e-04
3.839999999999999091e+03 1.925542336193880220e-04
3.849999999999999091e+03 2.091228400649099769e-04
3.859999999999999091e+03 2.611160724942869797e-04
3.869999999999999091e+03 2.874145875408000254e-04
3.879999999999999091e+03 3.141489263493240053e-04
3.889999999999999091e+03 3.437575261592539519e-04
3.899999999999999091e+03 3.041723534199560213e-04
3.909999999999999091e+03 2.147945935433959955e-04
3.919999999999999091e+03 7.371286975526400063e-05
3.929999999999999091e+03 2.341386223612800384e-05
3.939999999999999091e+03 1.101207086314950117e-05
3.949999999999999091e+03 6.601325864511999676e-06
3.959999999999999091e+03 6.749313665278500017e-06
3.969999999999999091e+03 7.641552041175799799e-06
3.979999999999999091e+03 8.639934817859998956e-06
3.989999999999999091e+03 9.814622592049100614e-06
3.999999999999999091e+03 1.607432465969339829e-05
4.009999999999999091e+03 1.678159894139679835e-05
4.019999999999999091e+03 1.234712159013519968e-05
4.029999999999999091e+03 5.966556388884000383e-06
4.039999999999999091e+03 4.793175071021000492e-06
4.049999999999999091e+03 5.153547782140399716e-06
4.059999999999999091e+03 3.391523938664999918e-06
4.069999999999999091e+03 2.220917449490079997e-06
4.079999999999999091e+03 2.063271483352000005e-06
4.089999999999999091e+03 2.911812529396799613e-06
4.099999999999999091e+03 4.568938734830399446e-06
4.109999999999999091e+03 5.233633422520800397e-06
4.119999999999999091e+03 4.837769172527999743e-06
4.129999999999999091e+03 4.789775767454999997e-06
4.139999999999999091e+03 5.325591418480500072e-06
4.149999999999999091e+03 5.519262824940800836e-06
4.159999999999999091e+03 4.227398060121599751e-06
4.169999999999999091e+03 2.781732118967619756e-06
4.179999999999999091e+03 2.839515834816960029e-06
4.189999999999999091e+03 4.397101556222199545e-06
4.199999999999999091e+03 7.599006625681999803e-06
4.209999999999999091e+03 1.075188474950820026e-05
4.219999999999999091e+03 1.045141903372320045e-05
4.229999999999999091e+03 9.288176902308199428e-06
4.239999999999999091e+03 8.048162927696001217e-06
4.249999999999999091e+03 9.257610502687499665e-06
4.259999999999999091e+03 1.383372507243600057e-05
4.269999999999999091e+03 1.751494358999039947e-05
4.279999999999999091e+03 1.839954962942580189e-05
4.289999999999999091e+03 2.425500877945360186e-05
4.299999999999999091e+03 3.122032257816529960e-05
4.309999999999999091e+03 3.660125555149870160e-05
4.319999999999999091e+03 3.123483073995059813e-05
4.329999999999999091e+03 2.585259773415179939e-05
4.339999999999999091e+03 2.554423005763200032e-05
4.349999999999999091e+03 3.570899785774999936e-05
4.359999999999999091e+03 4.446600220432200205e-05
4.369999999999999091e+03 4.494173066995099832e-05
4.379999999999999091e+03 5.372818825940400155e-05
4.389999999999999091e+03 7.839029942215998545e-05
4.399999999999999091e+03 9.182913939037600946e-05
4.409999999999999091e+03 8.025915658571599709e-05
4.419999999999999091e+03 6.488084010164299822e-05
4.429999999999999091e+03 6.414156839616000816e-05
4.439999999999999091e+03 8.463141380799200583e-05
4.449999999999999091e+03 1.252524399586729946e-04
4.459999999999999091e+03 1.641601321286399794e-04
4.469999999999999091e+03 2.139844245957560050e-04
4.479999999999999091e+03 2.297126126492550025e-04
4.489999999999999091e+03 2.644443813350850006e-04
4.499999999999999091e+03 2.656170854964899890e-04
4.509999999999999091e+03 2.709279228390169716e-04
4.519999999999999091e+03 2.808144036554519984e-04
4.529999999999999091e+03 2.922050258597669900e-04
4.539999999999999091e+03 3.364876897787500202e-04
4.549999999999999091e+03 4.478114465009040116e-04
4.559999999999999091e+03 5.602926505112649667e-04
4.569999999999999091e+03 6.003156020121959814e-04
4.579999999999999091e+03 5.189396895892170545e-04
4.589999999999999091e+03 3.573928552388160149e-04
4.599999999999999091e+03 2.190485047914499670e-04
4.609999999999999091e+03 1.336354731589280305e-04
4.619999999999999091e+03 1.169764463225149973e-04
4.629999999999999091e+03 1.445816286688560040e-04
4.639999999999999091e+03 1.839380415967920099e-04
4.649999999999999091e+03 1.990810819578750436e-04
4.659999999999999091e+03 1.770626245562399975e-04
4.669999999999999091e+03 1.486735754776469720e-04
4.679999999999999091e+03 1.468696705311360064e-04
4.689999999999999091e+03 1.671060577937429992e-04
4.699999999999999091e+03 1.814285058030239747e-04
4.709999999999999091e+03 1.751097339422339806e-04
4.719999999999999091e+03 1.691897759053670111e-04
4.729999999999999091e+03 1.883426990599079763e-04
4.739999999999999091e+03 2.290137299310900153e-04
4.749999999999999091e+03 2.931184914477570364e-04
4.759999999999999091e+03 3.602723052956000212e-04
4.769999999999999091e+03 3.926627040692400321e-04
4.779999999999999091e+03 3.816493852587930389e-04
4.789999999999999091e+03 3.269781933326829917e-04
4.799999999999999091e+03 2.607084503192999819e-04
4.809999999999999091e+03 2.040418655061079930e-04
4.819999999999999091e+03 1.590717252681700064e-04
4.829999999999999091e+03 1.626725682691200102e-04
4.839999999999999091e+03 1.499523534305379727e-04
4.849999999999999091e+03 1.505049590958199967e-04
4.859999999999999091e+03 1.647197528706049899e-04
4.869999999999999091e+03 1.958593442556449829e-04
4.879999999999999091e+03 2.527935002837099839e-04
4.889999999999999091e+03 3.238480534086349977e-04
4.899999999999999091e+03 3.846862652879740117e-04
4.909999999999999091e+03 4.387250383017920205e-04
4.919999999999999091e+03 5.293897312578499641e-04
4.929999999999999091e+03 7.691709363630660871e-04
4.939999999999999091e+03 1.214656669567379995e-03
4.949999999999999091e+03 1.840718198501376229e-03
4.959999999999999091e+03 2.552285412969587837e-03
4.969999999999999091e+03 3.030731172352560225e-03
4.979999999999999091e+03 2.960239976260165082e-03
4.989999999999999091e+03 2.470338949614498021e-03
4.999999999999999091e+03 1.934499566785633298e-03
5.009999999999999091e+03 1.619001168035479098e-03
5.019999999999999091e+03 1.588070944857936052e-03
5.029999999999999091e+03 1.797256845617287895e-03
5.039999999999999091e+03 2.129236557757920208e-03
5.049999999999999091e+03 2.163275345380319924e-03
5.059999999999999091e+03 1.803288878281911938e-03
5.069999999999999091e+03 1.217594590521738074e-03
5.079999999999999091e+03 7.413542607431599773e-04
5.089999999999999091e+03 4.874670177654380466e-04
5.099999999999999091e+03 4.304229045542399624e-04
5.109999999999999091e+03 5.766256867992270710e-04
5.119999999999999091e+03 8.611032472798001505e-04
5.129999999999999091e+03 1.204281546703422088e-03
5.139999999999999091e+03 1.719551602382392167e-03
5.149999999999999091e+03 2.463557271559150934e-03
5.159999999999999091e+03 3.332510674990039889e-03
5.169999999999999091e+03 4.443990673962000017e-03
5.179999999999999091e+03 5.804716813754035205e-03
5.189999999999999091e+03 7.395306316221188919e-03
5.199999999999999091e+03 9.217125564965341494e-03
5.209999999999999091e+03 1.111863186888755600e-02
5.219999999999999091e+03 1.296210543447567920e-02
5.229999999999999091e+03 1.408832508649254973e-02
5.239999999999999091e+03 1.385187423321562576e-02
5.249999999999999091e+03 1.228688636402295621e-02
5.259999999999999091e+03 9.956609422738292234e-03
5.269999999999999091e+03 7.792587625452813797e-03
5.279999999999999091e+03 6.583530845570784162e-03
5.289999999999999091e+03 6.435738055354476087e-03
5.299999999999999091e+03 7.161311434695303256e-03
5.309999999999999091e+03 9.239281857594774938e-03
5.319999999999999091e+03 1.364040699523151427e-02
5.329999999999999091e+03 2.256695267032874860e-02
5.339999999999999091e+03 3.935951379315383997e-02
5.349999999999999091e+03 6.756692126124025366e-02
5.359999999999999091e+03 1.080469995952298146e-01
5.369999999999999091e+03 1.594102850302758223e-01
5.379999999999999091e+03 2.211837333175876719e-01
5.389999999999999091e+03 2.906196841365568662e-01
5.399999999999999091e+03 3.620245258990022474e-01
5.409999999999999091e+03 4.278027928895166143e-01
5.419999999999999091e+03 4.858653410528414596e-01
5.429999999999999091e+03 5.398284515066362754e-01
5.439999999999999091e+03 5.896430831784187365e-01
5.449999999999999091e+03 6.236512815258540288e-01
5.459999999999999091e+03 6.425027704360598557e-01
5.469999999999999091e+03 6.526570246271077291e-01
5.479999999999999091e+03 6.580610145556713420e-01
5.489999999999999091e+03 6.630745964302428019e-01
5.499999999999999091e+03 6.659972359390505803e-01
5.509999999999999091e+03 6.673629156790957806e-01
5.519999999999999091e+03 6.686558773884639928e-01
5.529999999999999091e+03 6.719585593001815571e-01
5.539999999999999091e+03 6.744937053715217568e-01
5.549999999999999091e+03 6.781459681264003780e-01
5.559999999999999091e+03 6.806101498805015027e-01
5.569999999999999091e+03 6.804407600970022729e-01
5.579999999999999091e+03 6.813952078517063748e-01
5.589999999999999091e+03 6.836770179122547697e-01
5.599999999999999091e+03 6.880024334932587360e-01
5.609999999999999091e+03 6.895446135072084148e-01
5.619999999999999091e+03 6.927054737473069546e-01
5.629999999999999091e+03 6.968429344616309251e-01
5.639999999999999091e+03 6.948931699165066256e-01
5.649999999999999091e+03 6.975334557748708031e-01
5.659999999999999091e+03 6.971431043894730228e-01
5.669999999999999091e+03 6.992679190537376410e-01
5.679999999999999091e+03 7.003780702071191744e-01
5.689999999999999091e+03 6.997253452271053886e-01
5.699999999999999091e+03 7.029306582225103295e-01
5.709999999999999091e+03 7.045208603020570726e-01
5.719999999999999091e+03 7.049538940735042836e-01
5.729999999999999091e+03 7.072427945226502644e-01
5.739999999999999091e+03 7.103795866999451647e-01
5.749999999999999091e+03 7.132725760802685055e-01
5.759999999999999091e+03 7.137902548103480793e-01
5.769999999999999091e+03 7.140743011110302074e-01
5.779999999999999091e+03 7.162880702200783434e-01
5.789999999999999091e+03 7.172735673373464849e-01
5.799999999999999091e+03 7.195204446164926715e-01
5.809999999999999091e+03 7.199855853594218091e-01
5.819999999999999091e+03 7.202231234196849741e-01
5.829999999999999091e+03 7.197732138855238437e-01
5.839999999999999091e+03 7.212495337365572023e-01
5.849999999999999091e+03 7.233920125912388643e-01
5.859999999999999091e+03 7.225210572555197386e-01
5.869999999999999091e+03 7.249473700198941772e-01
5.879999999999999091e+03 7.274551139159579627e-01
5.889999999999999091e+03 7.261615054723321583e-01
5.899999999999999091e+03 7.296233423659420625e-01
5.909999999999999091e+03 7.306537838486770742e-01
5.919999999999999091e+03 7.285695759041473929e-01
5.929999999999999091e+03 7.287578218055192902e-01
5.939999999999999091e+03 7.317139132771489640e-01
5.949999999999999091e+03 7.332512364785772618e-01
5.959999999999999091e+03 7.312195962020530127e-01
5.969999999999999091e+03 7.322446833407183497e-01
5.979999999999999091e+03 7.346031756160996684e-01
5.989999999999999091e+03 7.347534048501282999e-01
5.999999999999999091e+03 7.360033503700738056e-01
6.009999999999999091e+03 7.361873107682304074e-01
6.019999999999999091e+03 7.351342034518641988e-01
6.029999999999999091e+03 7.369643521403091979e-01
6.039999999999999091e+03 7.400979415543337270e-01
6.049999999999999091e+03 7.391447775156527733e-01
6.059999999999999091e+03 7.402786657995589215e-01
6.069999999999999091e+03 7.409855830525666764e-01
6.079999999999999091e+03 7.423261611494840206e-01
6.089999999999999091e+03 7.406424094433528005e-01
6.099999999999999091e+03 7.426732086900972307e-01
6.109999999999999091e+03 7.441776157830194416e-01
6.119999999999999091e+03 7.414988208781979617e-01
6.129999999999999091e+03 7.416657455194128890e-01
6.139999999999999091e+03 7.429576356673054383e-01
6.149999999999999091e+03 7.467625174872701832e-01
6.159999999999999091e+03 7.441048471474377424e-01
6.169999999999999091e+03 7.419513206089358714e-01
6.179999999999999091e+03 7.441410633188232371e-01
6.189999999999999091e+03 7.454725404956935586e-01
6.199999999999999091e+03 7.471859601556767316e-01
6.209999999999999091e+03 7.476670726585461502e-01
6.219999999999999091e+03 7.451716626995945614e-01
6.229999999999999091e+03 7.441570834108658383e-01
6.239999999999999091e+03 7.458095393811643437e-01
6.249999999999999091e+03 7.455610490413704383e-01
6.259999999999999091e+03 7.479024328285643897e-01
6.269999999999999091e+03 7.484129705379042319e-01
6.279999999999999091e+03 7.480807820299176791e-01
6.289999999999999091e+03 7.477613501433494347e-01
6.299999999999999091e+03 7.493192243041599809e-01
6.309999999999999091e+03 7.490910606820114781e-01
6.319999999999999091e+03 7.488642566395331546e-01
6.329999999999999091e+03 7.482871141506437507e-01
6.339999999999999091e+03 7.493423326254932126e-01
6.349999999999999091e+03 7.481222956677621161e-01
6.359999999999999091e+03 7.503416491685032108e-01
6.369999999999999091e+03 7.478863377006340629e-01
6.379999999999999091e+03 7.492234402577302443e-01
6.389999999999999091e+03 7.476007259474516387e-01
6.399999999999999091e+03 7.476737601847009973e-01
6.409999999999999091e+03 7.474854534991788313e-01
6.419999999999999091e+03 7.498094559571927276e-01
6.429999999999999091e+03 7.475039694768352838e-01
6.439999999999999091e+03 7.464910039226930749e-01
6.449999999999999091e+03 7.493428231017468244e-01
6.459999999999999091e+03 7.486496091132583963e-01
6.469999999999999091e+03 7.484561159391976970e-01
6.479999999999999091e+03 7.464175333782961941e-01
6.489999999999999091e+03 7.455746511953863509e-01
6.499999999999999091e+03 7.474947813871497537e-01
6.509999999999999091e+03 7.462868158253370687e-01
6.519999999999999091e+03 7.474274734423446143e-01
6.529999999999999091e+03 7.501839802426296666e-01
6.539999999999999091e+03 7.471409205714446555e-01
6.549999999999999091e+03 7.471199841953433118e-01
6.559999999999999091e+03 7.449468069750431187e-01
6.569999999999999091e+03 7.448682831239621382e-01
6.579999999999999091e+03 7.457397791063264947e-01
6.589999999999999091e+03 7.483744089660840926e-01
6.599999999999999091e+03 7.442310561496998655e-01
6.609999999999999091e+03 7.457418199260648084e-01
6.619999999999999091e+03 7.432426442039715697e-01
6.629999999999999091e+03 7.458073908217804915e-01
6.639999999999999091e+03 7.428816032246374768e-01
6.649999999999999091e+03 7.419850155098537403e-01
6.659999999999999091e+03 7.440552651668042028e-01
6.669999999999999091e+03 7.415285232169405161e-01
6.679999999999999091e+03 7.423154265938645135e-01
6.689999999999999091e+03 7.438523904081711935e-01
6.699999999999999091e+03 7.392144664130352316e-01
6.709999999999999091e+03 7.381853256432998611e-01
6.719999999999999091e+03 7.381987263884332018e-01
6.729999999999999091e+03 7.362662119909857417e-01
6.739999999999999091e+03 7.333518461661046040e-01
6.749999999999999091e+03 7.364539062884525311e-01
6.759999999999999091e+03 7.316565166634345641e-01
6.769999999999999091e+03 7.337643994542292214e-01
6.779999999999999091e+03 7.342799419714443054e-01
6.789999999999999091e+03 7.315320265140125011e-01
6.799999999999999091e+03 7.341661602676500253e-01
6.809999999999999091e+03 7.327045981582307466e-01
6.819999999999999091e+03 7.315048745241625738e-01
6.829999999999999091e+03 7.295686571836135226e-01
6.839999999999999091e+03 7.278342859452255897e-01
6.849999999999999091e+03 7.283718847855936707e-01
6.859999999999999091e+03 7.269054569016695222e-01
6.869999999999999091e+03 7.330175183663028005e-01
6.879999999999999091e+03 7.294278229380792844e-01
6.889999999999999091e+03 7.285572625298454286e-01
6.899999999999999091e+03 7.300501833382384564e-01
6.909999999999999091e+03 7.312411202659409026e-01
6.919999999999999091e+03 7.305598246145323937e-01
6.929999999999999091e+03 7.290570371985550802e-01
6.939999999999999091e+03 7.291078647969088111e-01
6.949999999999999091e+03 7.342817744409361191e-01
6.959999999999999091e+03 7.305598663901496925e-01
6.969999999999999091e+03 7.262940928853490741e-01
6.979999999999999091e+03 7.247870095806253632e-01
6.989999999999999091e+03 7.253492418735046909e-01
6.999999999999999091e+03 7.236321328319050838e-01
7.009999999999999091e+03 7.283938051118460377e-01
7.019999999999999091e+03 7.246782492830109446e-01
7.029999999999999091e+03 7.238393720481395288e-01
7.039999999999999091e+03 7.267011304127122262e-01
7.049999999999999091e+03 7.272503795849223351e-01
7.059999999999999091e+03 7.255576045243099514e-01
7.069999999999999091e+03 7.252641597634562620e-01
7.079999999999999091e+03 7.212694790696222435e-01
7.089999999999999091e+03 7.238100896742808432e-01
7.099999999999999091e+03 7.217084935506614674e-01
7.109999999999999091e+03 7.194406648080566846e-01
7.119999999999999091e+03 7.166459224173347131e-01
7.129999999999999091e+03 7.209608183556087679e-01
7.139999999999999091e+03 7.179207348414531342e-01
7.149999999999999091e+03 7.139303080449788119e-01
7.159999999999999091e+03 7.162765713115963884e-01
7.169999999999999091e+03 7.158770859413361443e-01
7.179999999999999091e+03 7.136433757769395925e-01
7.189999999999999091e+03 7.131132635723804736e-01
7.199999999999999091e+03 7.148492653720993628e-01
7.209999999999999091e+03 7.080904579826821088e-01
7.219999999999999091e+03 7.139971454923098593e-01
7.229999999999999091e+03 7.093801098811101102e-01
7.239999999999999091e+03 7.109178378760575567e-01
7.249999999999999091e+03 7.053266389635809430e-01
7.259999999999999091e+03 7.113500588802894598e-01
7.269999999999999091e+03 7.087435078103231367e-01
7.279999999999999091e+03 7.061834624016490869e-01
7.289999999999999091e+03 7.062485716509355749e-01
7.299999999999999091e+03 7.067731980460786323e-01
7.309999999999999091e+03 7.105037445737552027e-01
7.319999999999999091e+03 7.050063283687275639e-01
7.329999999999999091e+03 7.049759079411541673e-01
7.339999999999999091e+03 7.053605951878736402e-01
7.349999999999999091e+03 7.095415639320461487e-01
7.359999999999999091e+03 7.062038245734008068e-01
7.369999999999999091e+03 7.043351836675432187e-01
7.379999999999999091e+03 7.041049184907520742e-01
7.389999999999999091e+03 7.060605686961265448e-01
7.399999999999999091e+03 7.064917665618977161e-01
7.409999999999999091e+03 7.011445721747650017e-01
7.419999999999999091e+03 6.994278631277673908e-01
7.429999999999999091e+03 7.019543209995419142e-01
7.439999999999999091e+03 6.959024898270645965e-01
7.449999999999999091e+03 6.955060712780120058e-01
7.459999999999999091e+03 6.956260562533990166e-01
7.469999999999999091e+03 6.951226036344900772e-01
7.479999999999999091e+03 7.003945044391245434e-01
7.489999999999999091e+03 6.951498916482726775e-01
7.499999999999999091e+03 6.934322403372968902e-01
7.509999999999999091e+03 6.930190614213682654e-01
7.519999999999999091e+03 6.937069068458029397e-01
7.529999999999999091e+03 6.886281174764570245e-01
7.539999999999999091e+03 6.921556654563395528e-01
7.549999999999999091e+03 6.908248287021419021e-01
7.559999999999999091e+03 6.876349571955900908e-01
7.569999999999999091e+03 6.879918305646494092e-01
7.579999999999999091e+03 6.901621408128114643e-01
7.589999999999999091e+03 6.850337020579162495e-01
7.599999999999999091e+03 6.842963129031423009e-01
7.609999999999999091e+03 6.818119935354512995e-01
7.619999999999999091e+03 6.843006067023743588e-01
7.629999999999999091e+03 6.846357885836744650e-01
7.639999999999999091e+03 6.841352341266812020e-01
7.649999999999999091e+03 6.818304802210632953e-01
7.659999999999999091e+03 6.799534830618465531e-01
7.669999999999999091e+03 6.821542673931123568e-01
7.679999999999998181e+03 6.804049792877059355e-01
7.689999999999998181e+03 6.753631945207949627e-01
7.699999999999998181e+03 6.754444077319319284e-01
7.709999999999998181e+03 6.740131292591543533e-01
7.719999999999998181e+03 6.727489887865762963e-01
7.729999999999998181e+03 6.692586463671036379e-01
7.739999999999998181e+03 6.729229446598298248e-01
7.749999999999998181e+03 6.655652685973793004e-01
7.759999999999998181e+03 6.638932011271281297e-01
7.769999999999998181e+03 6.649000365028837622e-01
7.779999999999998181e+03 6.684587635743057810e-01
7.789999999999998181e+03 6.613813790420937089e-01
7.799999999999998181e+03 6.603882414061170714e-01
7.809999999999998181e+03 6.621495659798043443e-01
7.819999999999998181e+03 6.649585506812223379e-01
7.829999999999998181e+03 6.612626285725015096e-01
7.839999999999998181e+03 6.553360469511906317e-01
7.849999999999998181e+03 6.571749739821389769e-01
7.859999999999998181e+03 6.583134862130607390e-01
7.869999999999998181e+03 6.593074786350588967e-01
7.879999999999998181e+03 6.579862594762627692e-01
7.889999999999998181e+03 6.616989270399474821e-01
7.899999999999998181e+03 6.576577754849515234e-01
7.909999999999998181e+03 6.523402638494623096e-01
7.919999999999998181e+03 6.486558041847624301e-01
7.929999999999998181e+03 6.498368066345682204e-01
7.939999999999998181e+03 6.487593182277435755e-01
7.949999999999998181e+03 6.515178732689201890e-01
7.959999999999998181e+03 6.526696486637983963e-01
7.969999999999998181e+03 6.472984900040877898e-01
7.979999999999998181e+03 6.420836683476143225e-01
7.989999999999998181e+03 6.460553813597240680e-01
7.999999999999998181e+03 6.383224856690109528e-01
8.009999999999998181e+03 6.326908630087807461e-01
8.019999999999998181e+03 6.333698374899126016e-01
8.029999999999998181e+03 6.323312624848305141e-01
8.039999999999998181e+03 6.340233441127460789e-01
8.049999999999998181e+03 6.343647927758931937e-01
8.059999999999998181e+03 6.309790002842710077e-01
8.069999999999998181e+03 6.332458836529542001e-01
8.079999999999998181e+03 6.301502800844156482e-01
8.089999999999998181e+03 6.233390852154131467e-01
8.099999999999998181e+03 6.224785844526719014e-01
8.109999999999998181e+03 6.170474240386092379e-01
8.119999999999998181e+03 6.185405123507511371e-01
8.129999999999998181e+03 6.192005197830392493e-01
8.139999999999998181e+03 6.166769705660550827e-01
8.149999999999998181e+03 6.114342051090132513e-01
8.159999999999998181e+03 6.131589798337345742e-01
8.169999999999998181e+03 6.119788816537236054e-01
8.179999999999998181e+03 6.143427028117369737e-01
8.189999999999998181e+03 6.059893268532766664e-01
8.199999999999998181e+03 6.036069821637336519e-01
8.209999999999998181e+03 6.053403019277731056e-01
8.219999999999998181e+03 6.036755949583095804e-01
8.229999999999998181e+03 5.983375896833738050e-01
8.239999999999998181e+03 5.970682870703605261e-01
8.249999999999998181e+03 5.930704766279214502e-01
8.259999999999998181e+03 5.962550548294128783e-01
8.269999999999998181e+03 5.952836720216665434e-01
8.279999999999998181e+03 5.928969578805431961e-01
8.289999999999998181e+03 5.914421872805620817e-01
8.299999999999998181e+03 5.905803109436844611e-01
8.309999999999998181e+03 5.865793834260143447e-01
8.319999999999998181e+03 5.829041403549749534e-01
8.329999999999998181e+03 5.832232554101212108e-01
8.339999999999998181e+03 5.825784949152287284e-01
8.349999999999998181e+03 5.835018333190488127e-01
8.359999999999998181e+03 5.813471756776942279e-01
8.369999999999998181e+03 5.726091591082852483e-01
8.379999999999998181e+03 5.707139668438000468e-01
8.389999999999998181e+03 5.741218553027880311e-01
8.399999999999998181e+03 5.702003955119928635e-01
8.409999999999998181e+03 5.675949866564365953e-01
8.419999999999998181e+03 5.647563761619078804e-01
8.429999999999998181e+03 5.583154127007273759e-01
8.439999999999998181e+03 5.630730526218301613e-01
8.449999999999998181e+03 5.619380987527530236e-01
8.459999999999998181e+03 5.537045815685102124e-01
8.469999999999998181e+03 5.490755358614458626e-01
8.479999999999998181e+03 5.444775350515341783e-01
8.489999999999998181e+03 5.420568420603218973e-01
8.499999999999998181e+03 5.426451353418429990e-01
8.509999999999998181e+03 5.423562997250823692e-01
8.519999999999998181e+03 5.398886653166302674e-01
8.529999999999998181e+03 5.415838841943986237e-01
8.539999999999998181e+03 5.432118833314040218e-01
8.549999999999998181e+03 5.311765337070482040e-01
8.559999999999998181e+03 5.269324265922852302e-01
8.569999999999998181e+03 5.286951566972515337e-01
8.579999999999998181e+03 5.231806920148371898e-01
8.589999999999998181e+03 5.205446912546112248e-01
8.599999999999998181e+03 5.279722586477098023e-01
8.609999999999998181e+03 5.274813820444833601e-01
8.619999999999998181e+03 5.257897623811508270e-01
8.629999999999998181e+03 5.212707475493284504e-01
8.639999999999998181e+03 5.191817944466033952e-01
8.649999999999998181e+03 5.034139769469007097e-01
8.659999999999998181e+03 5.068959442749720878e-01
8.669999999999998181e+03 5.048613218529700575e-01
8.679999999999998181e+03 4.908508216076682418e-01
8.689999999999998181e+03 4.988352544650040965e-01
8.699999999999998181e+03 4.955867660125725105e-01
8.709999999999998181e+03 4.932107112409559457e-01
8.719999999999998181e+03 4.851800218038921919e-01
8.729999999999998181e+03 4.924755112214364572e-01
8.739999999999998181e+03 4.822243765170762808e-01
8.749999999999998181e+03 4.727660803698698899e-01
8.759999999999998181e+03 4.733266507377711374e-01
8.769999999999998181e+03 4.726046213786831429e-01
8.779999999999998181e+03 4.744578296953129160e-01
8.789999999999998181e+03 4.665185250668328898e-01
8.799999999999998181e+03 4.556003048351549012e-01
8.809999999999998181e+03 4.518458377071757348e-01
8.819999999999998181e+03 4.546221078679162919e-01
8.829999999999998181e+03 4.431855462178371785e-01
8.839999999999998181e+03 4.416933167671039939e-01
8.849999999999998181e+03 4.411603863623023147e-01
8.859999999999998181e+03 4.353493336727751184e-01
8.869999999999998181e+03 4.347384520298351318e-01
8.879999999999998181e+03 4.303688040459314745e-01
8.889999999999998181e+03 4.286499795405847579e-01
8.899999999999998181e+03 4.281155188838421943e-01
8.909999999999998181e+03 4.232978849614414396e-01
8.919999999999998181e+03 4.236695089325462349e-01
8.929999999999998181e+03 4.223193173303206316e-01
8.939999999999998181e+03 4.166335653993783472e-01
8.949999999999998181e+03 4.128231149024220170e-01
8.959999999999998181e+03 4.122870152211862149e-01
8.969999999999998181e+03 4.088889547720198636e-01
8.979999999999998181e+03 4.043240525674824948e-01
8.989999999999998181e+03 4.016850852366052327e-01
8.999999999999998181e+03 3.947886181354822166e-01
9.009999999999998181e+03 3.887593065237687773e-01
9.019999999999998181e+03 3.873224463667681028e-01
9.029999999999998181e+03 3.819563316950300158e-01
9.039999999999998181e+03 3.757448089300324257e-01
9.049999999999998181e+03 3.768539393707724394e-01
9.059999999999998181e+03 3.760897409904558342e-01
9.069999999999998181e+03 3.699843433272698157e-01
9.079999999999998181e+03 3.656077481900099624e-01
9.089999999999998181e+03 3.607876937386458316e-01
9.099999999999998181e+03 3.492774906490311859e-01
9.109999999999998181e+03 3.385165974950817280e-01
9.119999999999998181e+03 3.297503069325672942e-01
9.129999999999998181e+03 3.210515522361819807e-01
9.139999999999998181e+03 3.112766334223046050e-01
9.149999999999998181e+03 2.955407877293937946e-01
9.159999999999998181e+03 2.753387683504086580e-01
9.169999999999998181e+03 2.527698992615347029e-01
9.179999999999998181e+03 2.269437111021064823e-01
9.189999999999998181e+03 1.995913152721643102e-01
9.199999999999998181e+03 1.706511262306233678e-01
9.209999999999998181e+03 1.410113967766027931e-01
9.219999999999998181e+03 1.094565737363171892e-01
9.229999999999998181e+03 8.094911333571225276e-02
9.239999999999998181e+03 5.683607831114135395e-02
9.249999999999998181e+03 3.691768801262628602e-02
9.259999999999998181e+03 2.241374786179884879e-02
9.269999999999998181e+03 1.259164565489259181e-02
9.279999999999998181e+03 6.729136899834395509e-03
9.289999999999998181e+03 3.673442568117294815e-03
9.299999999999998181e+03 2.780609899995649045e-03
9.309999999999998181e+03 2.729946202658494175e-03
9.319999999999998181e+03 2.950302548458590308e-03
9.329999999999998181e+03 3.196577447835880284e-03
9.339999999999998181e+03 3.557537148706747809e-03
9.349999999999998181e+03 3.634012981948634650e-03
9.359999999999998181e+03 3.865203709226802068e-03
9.369999999999998181e+03 3.952793030187518736e-03
9.379999999999998181e+03 3.796367022410156774e-03
9.389999999999998181e+03 3.541757377201244176e-03
9.399999999999998181e+03 3.275761448606504238e-03
9.409999999999998181e+03 2.966383907200343447e-03
9.419999999999998181e+03 2.354225253723600010e-03
9.429999999999998181e+03 1.984290184211815605e-03
9.439999999999998181e+03 1.598045755173056011e-03
9.449999999999998181e+03 1.335197101078044145e-03
9.459999999999998181e+03 1.025488904990958221e-03
9.469999999999998181e+03 7.891263402491579702e-04
9.479999999999998181e+03 6.515299316554230315e-04
9.489999999999998181e+03 4.544435293457040016e-04
9.499999999999998181e+03 3.665664115011000408e-04
9.509999999999998181e+03 3.631870583868150267e-04
9.519999999999998181e+03 3.407611220872400291e-04
9.529999999999998181e+03 4.673484292675019955e-04
9.539999999999998181e+03 3.681520237289639518e-04
9.549999999999998181e+03 4.151239281579179713e-04
9.559999999999998181e+03 3.375516556562300000e-04
9.569999999999998181e+03 3.099358968912359824e-04
9.579999999999998181e+03 3.906343879260419844e-04
9.589999999999998181e+03 4.167744504739730291e-04
9.599999999999998181e+03 4.153381055494320554e-04
9.609999999999998181e+03 4.374035640146049851e-04
9.619999999999998181e+03 3.205158696127359910e-04
9.629999999999998181e+03 2.796165201908379968e-04
9.639999999999998181e+03 2.841219528554000235e-04
9.649999999999998181e+03 2.711123626462960245e-04
9.659999999999998181e+03 2.868398809609979945e-04
9.669999999999998181e+03 1.636137663925480096e-04
9.679999999999998181e+03 1.808030665036260078e-04
9.689999999999998181e+03 1.624779262820000053e-04
9.699999999999998181e+03 1.509354313971399792e-04
9.709999999999998181e+03 1.500406744119919843e-04
9.719999999999998181e+03 1.723726085596299982e-04
9.729999999999998181e+03 1.600721726188199896e-04
9.739999999999998181e+03 1.399769818503960065e-04
9.749999999999998181e+03 1.745507055443059903e-04
9.759999999999998181e+03 2.014052793647720251e-04
9.769999999999998181e+03 2.094469941533340233e-04
9.779999999999998181e+03 2.555844000866520113e-04
9.789999999999998181e+03 2.308740127073519611e-04
9.799999999999998181e+03 2.543680768567999919e-04
9.809999999999998181e+03 2.878479702806399968e-04
9.819999999999998181e+03 2.948722984943999924e-04
9.829999999999998181e+03 3.000424423099999714e-04
9.839999999999998181e+03 2.875221815544000024e-04
9.849999999999998181e+03 2.903912763048959876e-04
9.859999999999998181e+03 2.757259438412940143e-04
9.869999999999998181e+03 2.592009851997149525e-04
9.879999999999998181e+03 2.523680490964709685e-04
9.889999999999998181e+03 2.328316342086869716e-04
9.899999999999998181e+03 2.226784513333770013e-04
9.909999999999998181e+03 2.041861414220550017e-04
9.919999999999998181e+03 1.828654568706420042e-04
9.929999999999998181e+03 1.639949076870399940e-04
9.939999999999998181e+03 1.389777663068059957e-04
9.949999999999998181e+03 1.256353318354940050e-04
9.959999999999998181e+03 1.193561083461300147e-04
9.969999999999998181e+03 9.425068468968599781e-05
9.979999999999998181e+03 8.806147383250400446e-05
9.989999999999998181e+03 7.159784399988599734e-05
9.999999999999998181e+03 6.039276127930499660e-05
1.000999999999999818e+04 5.599835958178799191e-05
1.001999999999999818e+04 4.785454266414999809e-05
1.002999999999999818e+04 4.022608113341999387e-05
1.003999999999999818e+04 3.559067489813699976e-05
1.004999999999999818e+04 2.848666982401000023e-05
1.005999999999999818e+04 2.454857393286100369e-05
1.006999999999999818e+04 2.200250265496500127e-05
1.007999999999999818e+04 1.757912217369199948e-05
1.008999999999999818e+04 1.702341314720700032e-05
1.009999999999999818e+04 1.484201365330499944e-05
1.010999999999999818e+04 1.246361482415800126e-05
1.011999999999999818e+04 1.035725188283799814e-05
1.012999999999999818e+04 9.627553691843999500e-06
1.013999999999999818e+04 9.291363700368000797e-06
1.014999999999999818e+04 8.806383523050000065e-06
1.015999999999999818e+04 8.387374494156000135e-06
1.016999999999999818e+04 8.902007465273999845e-06
1.017999999999999818e+04 9.076027270799998941e-06
1.018999999999999818e+04 9.320674353766999348e-06
1.019999999999999818e+04 9.523529443847999132e-06
1.020999999999999818e+04 9.296735531879999999e-06
1.021999999999999818e+04 9.602959850614001526e-06
1.022999999999999818e+04 9.071460629279999130e-06
1.023999999999999818e+04 8.907460435913999795e-06
1.024999999999999818e+04 9.761100915358001499e-06
1.025999999999999818e+04 9.700903296430000343e-06
1.026999999999999818e+04 9.505580062655001242e-06
1.027999999999999818e+04 9.374265949425000701e-06
1.028999999999999818e+04 9.284042377302001396e-06
1.029999999999999818e+04 9.357366337071999223e-06
1.030999999999999818e+04 9.326741771120000013e-06
1.031999999999999818e+04 8.705066501515999999e-06
1.032999999999999818e+04 9.388643124079999229e-06
1.033999999999999818e+04 8.902066608498001020e-06
1.034999999999999818e+04 8.632826693610000848e-06
1.035999999999999818e+04 8.175311707077000066e-06
1.036999999999999818e+04 8.038638793850000109e-06
1.037999999999999818e+04 7.801333244808000033e-06
1.038999999999999818e+04 8.442807276485000484e-06
1.039999999999999818e+04 7.636581862952000161e-06
1.040999999999999818e+04 6.963691703850000103e-06
1.041999999999999818e+04 7.504509003178000208e-06
1.042999999999999818e+04 6.902932896971999440e-06
1.043999999999999818e+04 7.096289553430001190e-06
1.044999999999999818e+04 7.184110595616000437e-06
1.045999999999999818e+04 7.201311447450000338e-06
1.046999999999999818e+04 6.988442007498000630e-06
1.047999999999999818e+04 6.676967622794999133e-06
1.048999999999999818e+04 6.239062078332999977e-06
1.049999999999999818e+04 6.063228634654999705e-06
1.050999999999999818e+04 5.938241195865999492e-06
1.051999999999999818e+04 6.713403359187999781e-06
1.052999999999999818e+04 6.726319425234999901e-06
1.053999999999999818e+04 6.918639979008999297e-06
1.054999999999999818e+04 6.894613673710999421e-06
1.055999999999999818e+04 6.490273638491999739e-06
1.056999999999999818e+04 6.307301541728999889e-06
1.057999999999999818e+04 6.476102302599000327e-06
1.058999999999999818e+04 6.066388831547999707e-06
1.059999999999999818e+04 5.688728786125999833e-06
1.060999999999999818e+04 5.314603316322999572e-06
1.061999999999999818e+04 4.991734698565000066e-06
1.062999999999999818e+04 4.489065192075999904e-06
1.063999999999999818e+04 4.147565727129999843e-06
1.064999999999999818e+04 3.905937292913999708e-06
1.065999999999999818e+04 3.419872584037000239e-06
1.066999999999999818e+04 2.986749431471999774e-06
1.067999999999999818e+04 2.847326389453999651e-06
1.068999999999999818e+04 2.464777398316000103e-06
1.069999999999999818e+04 2.408763734223000134e-06
1.070999999999999818e+04 2.201368931157999873e-06
1.071999999999999818e+04 2.027613157737999954e-06
1.072999999999999818e+04 2.006680982498999850e-06
1.073999999999999818e+04 1.784443164061999952e-06
1.074999999999999818e+04 1.767188709248999959e-06
1.075999999999999818e+04 1.820174310116999963e-06
1.076999999999999818e+04 1.757697107430999914e-06
1.077999999999999818e+04 1.765988495098000011e-06
1.078999999999999818e+04 1.895226233541000001e-06
1.079999999999999818e+04 2.166034186106999973e-06
1.080999999999999818e+04 2.273668069831999846e-06
1.081999999999999818e+04 2.233884824625000113e-06
1.082999999999999818e+04 2.472033738916999981e-06
1.083999999999999818e+04 2.449582026495999663e-06
1.084999999999999818e+04 2.584479490385000107e-06
1.085999999999999818e+04 2.963581995016000349e-06
1.086999999999999818e+04 3.195487593494999635e-06
1.087999999999999818e+04 3.364783855620000105e-06
1.088999999999999818e+04 3.863324184983999430e-06
1.089999999999999818e+04 3.939521266863999859e-06
1.090999999999999818e+04 3.994334716806000304e-06
1.091999999999999818e+04 4.313811903751999849e-06
1.092999999999999818e+04 4.411888118825000294e-06
1.093999999999999818e+04 4.394754786540999876e-06
1.094999999999999818e+04 4.294234098610000229e-06
1.095999999999999818e+04 4.196829563015999582e-06
1.096999999999999818e+04 4.076455791468000203e-06
1.097999999999999818e+04 3.900013300132000238e-06
1.098999999999999818e+04 3.656678139370999660e-06
1.099999999999999818e+04 3.454326437968000033e-06
1.100999999999999818e+04 3.131942310326000099e-06
1.101999999999999818e+04 2.912600421445999706e-06
1.102999999999999818e+04 2.626068562387999781e-06
1.103999999999999818e+04 2.326984004869999731e-06
1.104999999999999818e+04 2.013463844122999771e-06
1.105999999999999818e+04 1.712022902858999980e-06
1.106999999999999818e+04 1.446687486375999810e-06
1.107999999999999818e+04 1.309191393682999839e-06
1.108999999999999818e+04 1.148351686310000040e-06
1.109999999999999818e+04 9.349403968953999447e-07
1.110999999999999818e+04 8.383242588537999920e-07
1.111999999999999818e+04 7.233118108848999631e-07
1.112999999999999818e+04 6.438664429998999662e-07
1.113999999999999818e+04 5.852387345082999502e-07
1.114999999999999818e+04 5.523451589736000028e-07
1.115999999999999818e+04 5.336933906214999680e-07
1.116999999999999818e+04 4.969712420564999974e-07
1.117999999999999818e+04 5.048563186944000122e-07
1.118999999999999818e+04 4.874730335550999723e-07
1.119999999999999818e+04 4.887525279069000057e-07
1.120999999999999818e+04 5.072743648188000324e-07
1.121999999999999818e+04 5.677034956508000372e-07
1.122999999999999818e+04 6.212429568104999387e-07
1.123999999999999818e+04 6.574629974371000017e-07
1.124999999999999818e+04 6.697855630920000230e-07
1.125999999999999818e+04 7.205469138820000047e-07
1.126999999999999818e+04 8.474018418454000123e-07
1.127999999999999818e+04 9.624517276869001082e-07
1.128999999999999818e+04 1.038029983555099948e-06
1.129999999999999818e+04 1.127133221456999997e-06
1.130999999999999818e+04 1.265697394632999879e-06
1.131999999999999818e+04 1.333856345043000035e-06
1.132999999999999818e+04 1.533334139166999810e-06
1.133999999999999818e+04 1.632951913699999911e-06
1.134999999999999818e+04 1.745441709723999979e-06
1.135999999999999818e+04 2.041751460214000099e-06
1.136999999999999818e+04 2.217566316626999994e-06
1.137999999999999818e+04 2.320102042994999888e-06
1.138999999999999818e+04 2.522982279070000086e-06
1.139999999999999818e+04 2.832417307247999785e-06
1.140999999999999818e+04 3.175997877465000322e-06
1.141999999999999818e+04 3.397828283758999646e-06
1.142999999999999818e+04 3.599045837844999556e-06
1.143999999999999818e+04 3.750636188458000154e-06
1.144999999999999818e+04 4.105580254123000059e-06
1.145999999999999818e+04 4.305850850255000056e-06
1.146999999999999818e+04 4.592503831841999556e-06
1.147999999999999818e+04 4.734272246466999805e-06
1.148999999999999818e+04 4.982485341805000019e-06
1.149999999999999818e+04 5.162704653817999593e-06
1.150999999999999818e+04 5.285754132142999828e-06
1.151999999999999818e+04 5.216439012137999666e-06
1.152999999999999818e+04 5.994398004766000384e-06
1.153999999999999818e+04 5.870831002908000040e-06
1.154999999999999818e+04 6.238316755894000031e-06
1.155999999999999818e+04 6.340929560234999347e-06
1.156999999999999818e+04 6.332384916370999214e-06
1.157999999999999818e+04 6.305341558986999835e-06
1.158999999999999818e+04 6.498245703128000417e-06
1.159999999999999818e+04 6.542939916328999478e-06
1.160999999999999818e+04 7.081516747096999418e-06
1.161999999999999818e+04 7.307289141152999352e-06
1.162999999999999818e+04 7.315965918684999945e-06
1.163999999999999818e+04 8.241386084801000423e-06
1.164999999999999818e+04 7.914762668643998843e-06
1.165999999999999818e+04 8.405231833121000533e-06
1.166999999999999818e+04 8.633030276752999904e-06
1.167999999999999818e+04 8.863988917278000124e-06
1.168999999999999818e+04 8.647664080484000082e-06
1.169999999999999818e+04 9.357530189535998968e-06
1.170999999999999818e+04 9.700483124829999859e-06
1.171999999999999818e+04 9.381952895837999379e-06
1.172999999999999818e+04 9.240327626020000475e-06
1.173999999999999818e+04 9.777979521112000581e-06
1.174999999999999818e+04 9.946350847560999522e-06
1.175999999999999818e+04 9.434321872921998928e-06
1.176999999999999818e+04 9.345539059164999530e-06
1.177999999999999818e+04 9.605853396264000412e-06
1.178999999999999818e+04 9.357695356620999544e-06
1.179999999999999818e+04 9.460858717911999931e-06
1.180999999999999818e+04 9.133090143298999442e-06
1.181999999999999818e+04 9.001055575549998388e-06
1.182999999999999818e+04 8.694681644013999616e-06
1.183999999999999818e+04 8.691455380287000230e-06
1.184999999999999818e+04 8.640925263416000313e-06
1.185999999999999818e+04 8.587444161293000277e-06
1.186999999999999818e+04 8.429214093862999409e-06
1.187999999999999818e+04 8.138167667814999844e-06
1.188999999999999818e+04 7.912461340592999293e-06
1.189999999999999818e+04 8.008445439256000071e-06
1.190999999999999818e+04 7.776660963306000361e-06
1.191999999999999818e+04 7.885561128016000413e-06
1.192999999999999818e+04 7.731460237711000383e-06
1.193999999999999818e+04 7.577513503351999196e-06
1.194999999999999818e+04 7.452239774949000527e-06
1.195999999999999818e+04 7.822423256989998909e-06
1.196999999999999818e+04 7.646707500827999783e-06
1.197999999999999818e+04 7.879339834481000754e-06
1.198999999999999818e+04 8.037404734825999352e-06
