2.999999999999999545e+03 2.077010295418199912e-08
3.009999999999999545e+03 1.427347410065600096e-08
3.019999999999999545e+03 2.655625718221199971e-12
3.029999999999999545e+03 5.795941384685999770e-09
3.039999999999999545e+03 8.152347246384001283e-09
3.049999999999999545e+03 3.105509738230900181e-09
3.059999999999999545e+03 3.079338834684599877e-09
3.069999999999999545e+03 1.336714513016500022e-12
3.079999999999999545e+03 2.777704692530400128e-09
3.089999999999999545e+03 1.556485145429799998e-09
3.099999999999999545e+03 9.858311162406001064e-10
3.109999999999999545e+03 1.803099253454000054e-09
3.119999999999999545e+03 1.235899751774900068e-10
3.129999999999999545e+03 4.580921555235299524e-10
3.139999999999999545e+03 8.239507290435998980e-10
3.149999999999999545e+03 1.459076988613499969e-12
3.159999999999999545e+03 5.646243509198000272e-10
3.169999999999999545e+03 1.304667071085800058e-09
3.179999999999999545e+03 9.711244388047998896e-10
3.189999999999999545e+03 2.192086088849999932e-09
3.199999999999999545e+03 4.583357048585699897e-09
3.209999999999999545e+03 8.695800220725000073e-09
3.219999999999999545e+03 2.594619730395000040e-08
3.229999999999999545e+03 8.472772051264000266e-08
3.239999999999999545e+03 1.189746750643999983e-06
3.249999999999999545e+03 1.411051547942399989e-06
3.259999999999999545e+03 2.773067273054400211e-06
3.269999999999999545e+03 1.125278663731199928e-05
3.279999999999999545e+03 1.921817819013999924e-05
3.289999999999999545e+03 6.960173283712999769e-06
3.299999999999999545e+03 1.854397625534299983e-05
3.309999999999999545e+03 2.646825169558200070e-05
3.319999999999999545e+03 2.588599596842000106e-05
3.329999999999999545e+03 1.955818087124199981e-05
3.339999999999999545e+03 1.578176970011999918e-05
3.349999999999999545e+03 1.349818504659600029e-05
3.359999999999999545e+03 4.473471058803000225e-06
3.369999999999999545e+03 6.593805249431999680e-06
3.379999999999999545e+03 5.418145140073200276e-06
3.389999999999999545e+03 3.508902906231499756e-06
3.399999999999999545e+03 8.867516660720000125e-06
3.409999999999999545e+03 1.071924099169999983e-05
3.419999999999999545e+03 1.786281818265000079e-05
3.429999999999999545e+03 9.028490880430000502e-06
3.439999999999999545e+03 1.132606053404000119e-05
3.449999999999999545e+03 7.614639051525000553e-06
3.459999999999999545e+03 4.491931180858500246e-06
3.469999999999999545e+03 1.105130979130399929e-06
3.479999999999999545e+03 4.867557394598200100e-06
3.489999999999999545e+03 1.762889808604799791e-05
3.499999999999999545e+03 2.180692252497899933e-05
3.509999999999999545e+03 3.471038023283200068e-05
3.519999999999999545e+03 4.084846474357799835e-05
3.529999999999999545e+03 3.714542108442199432e-05
3.539999999999999545e+03 1.801486327605600102e-05
3.549999999999999545e+03 1.938454322790000286e-05
3.559999999999999545e+03 4.004915091739200253e-05
3.569999999999999545e+03 5.143804906007200202e-05
3.579999999999999545e+03 7.366518389401600225e-05
3.589999999999999545e+03 6.040434852188099861e-05
3.599999999999999545e+03 3.928785288295599646e-05
3.609999999999999545e+03 3.087600199385000477e-05
3.619999999999999545e+03 5.715339846218100203e-05
3.629999999999999545e+03 3.426587610600000122e-05
3.639999999999999545e+03 6.340821964488000219e-05
3.649999999999999545e+03 7.970281279884599993e-05
3.659999999999999545e+03 1.015474971327900208e-04
3.669999999999999545e+03 1.583674104823919973e-04
3.679999999999999545e+03 1.009668110243909918e-04
3.689999999999999545e+03 9.060399205732800980e-05
3.699999999999999545e+03 1.026989234786319959e-04
3.709999999999999545e+03 1.021409241792499954e-04
3.719999999999999545e+03 1.010683688949060114e-04
3.729999999999999545e+03 1.476002260510580089e-04
3.739999999999999545e+03 1.451181529298559961e-04
3.749999999999999545e+03 1.429258275073000059e-04
3.759999999999999545e+03 1.603406006152859943e-04
3.769999999999999545e+03 1.916821850537100253e-04
3.779999999999999545e+03 1.701404721354250152e-04
3.789999999999999545e+03 1.920029786275519971e-04
3.799999999999999545e+03 1.807284591967650122e-04
3.809999999999999545e+03 1.182154821811040102e-04
3.819999999999999545e+03 1.279408325402320106e-04
3.829999999999999545e+03 1.955230905364549790e-04
3.839999999999999091e+03 1.895852333535200010e-04
3.849999999999999091e+03 1.892611564865499850e-04
3.859999999999999091e+03 2.298736499113499833e-04
3.869999999999999091e+03 2.660629868820000177e-04
3.879999999999999091e+03 3.024933621431040030e-04
3.889999999999999091e+03 3.404348330251949668e-04
3.899999999999999091e+03 3.466506473567879630e-04
3.909999999999999091e+03 3.263685353363100067e-04
3.919999999999999091e+03 1.557160673078160026e-04
3.929999999999999091e+03 5.846699079694200093e-05
3.939999999999999091e+03 1.913776433128300161e-05
3.949999999999999091e+03 1.109039818970559945e-05
3.959999999999999091e+03 6.023217963964499722e-06
3.969999999999999091e+03 3.571518600776199975e-06
3.979999999999999091e+03 4.147890088388000556e-06
3.989999999999999091e+03 4.338798562979999695e-06
3.999999999999999091e+03 5.772343252187999355e-06
4.009999999999999091e+03 7.395685766441999169e-06
4.019999999999999091e+03 9.036394564092000244e-06
4.029999999999999091e+03 6.703770632832000089e-06
4.039999999999999091e+03 3.802956045634800327e-06
4.049999999999999091e+03 4.838481354202800275e-06
4.059999999999999091e+03 6.683101794847800318e-06
4.069999999999999091e+03 6.888336335126400992e-06
4.079999999999999091e+03 5.951683726230000532e-06
4.089999999999999091e+03 5.976980590622399610e-06
4.099999999999999091e+03 7.546949063043598798e-06
4.109999999999999091e+03 9.213377251177601123e-06
4.119999999999999091e+03 8.896873407221998114e-06
4.129999999999999091e+03 7.041513658252500139e-06
4.139999999999999091e+03 6.728335884482999958e-06
4.149999999999999091e+03 8.574193467057400161e-06
4.159999999999999091e+03 8.352805232590000182e-06
4.169999999999999091e+03 6.995666035259199207e-06
4.179999999999999091e+03 5.681975555120800799e-06
4.189999999999999091e+03 5.083065086696799229e-06
4.199999999999999091e+03 9.087379221017500894e-06
4.209999999999999091e+03 2.034926137657079920e-05
4.219999999999999091e+03 2.912538362572800286e-05
4.229999999999999091e+03 3.282006681680480257e-05
4.239999999999999091e+03 2.649990693510300473e-05
4.249999999999999091e+03 1.860841513103899945e-05
4.259999999999999091e+03 2.334841077425849778e-05
4.269999999999999091e+03 3.831115506451199807e-05
4.279999999999999091e+03 4.280344608509600293e-05
4.289999999999999091e+03 4.373043226470400119e-05
4.299999999999999091e+03 4.175449005990400039e-05
4.309999999999999091e+03 4.981967191709999452e-05
4.319999999999999091e+03 5.728488095299199472e-05
4.329999999999999091e+03 5.755486277151000181e-05
4.339999999999999091e+03 4.536359300437800297e-05
4.349999999999999091e+03 4.374765847882500751e-05
4.359999999999999091e+03 5.416449735338499638e-05
4.369999999999999091e+03 5.040028830217100091e-05
4.379999999999999091e+03 3.289865550033569498e-05
4.389999999999999091e+03 3.091150099178399706e-05
4.399999999999999091e+03 6.647834640702399264e-05
4.409999999999999091e+03 1.126757249143919972e-04
4.419999999999999091e+03 1.374712482494409816e-04
4.429999999999999091e+03 1.155597866418119882e-04
4.439999999999999091e+03 9.468756394181800421e-05
4.449999999999999091e+03 8.659167262503799517e-05
4.459999999999999091e+03 9.651530196907198733e-05
4.469999999999999091e+03 1.185928066671699974e-04
4.479999999999999091e+03 1.505237402353230250e-04
4.489999999999999091e+03 1.920849651495249973e-04
4.499999999999999091e+03 2.152709594980560038e-04
4.509999999999999091e+03 2.281866714170130114e-04
4.519999999999999091e+03 2.249294179008120057e-04
4.529999999999999091e+03 1.942548936372839776e-04
4.539999999999999091e+03 1.475940333395099960e-04
4.549999999999999091e+03 1.125973067922239965e-04
4.559999999999999091e+03 1.144917115701099894e-04
4.569999999999999091e+03 1.364808905524679723e-04
4.579999999999999091e+03 1.693392849893159862e-04
4.589999999999999091e+03 1.988993771604480223e-04
4.599999999999999091e+03 2.092440008262729737e-04
4.609999999999999091e+03 1.814001803575740273e-04
4.619999999999999091e+03 1.258481365323300028e-04
4.629999999999999091e+03 1.051206947311360192e-04
4.639999999999999091e+03 1.530483855672269927e-04
4.649999999999999091e+03 2.332514453936160249e-04
4.659999999999999091e+03 3.296642233289399969e-04
4.669999999999999091e+03 4.053370293933510060e-04
4.679999999999999091e+03 4.283845984274280237e-04
4.689999999999999091e+03 4.582514341264469905e-04
4.699999999999999091e+03 5.296382584987199610e-04
4.709999999999999091e+03 5.551956689864130049e-04
4.719999999999999091e+03 4.868379426662140233e-04
4.729999999999999091e+03 3.874455221932799785e-04
4.739999999999999091e+03 3.143344406998600034e-04
4.749999999999999091e+03 3.181758906914640200e-04
4.759999999999999091e+03 3.916429628649039534e-04
4.769999999999999091e+03 5.266289314218600094e-04
4.779999999999999091e+03 6.847381444154970872e-04
4.789999999999999091e+03 8.119062645475130617e-04
4.799999999999999091e+03 8.802185542540499853e-04
4.809999999999999091e+03 8.356874444998320123e-04
4.819999999999999091e+03 7.169663730500260707e-04
4.829999999999999091e+03 6.778191668102399609e-04
4.839999999999999091e+03 6.832335713358918955e-04
4.849999999999999091e+03 7.024778295737798585e-04
4.859999999999999091e+03 7.756353567124680453e-04
4.869999999999999091e+03 9.185033003371610499e-04
4.879999999999999091e+03 1.113918014451419861e-03
4.889999999999999091e+03 1.302171936743944103e-03
4.899999999999999091e+03 1.382557286551707029e-03
4.909999999999999091e+03 1.340318652972639782e-03
4.919999999999999091e+03 1.260213301149240139e-03
4.929999999999999091e+03 1.253859085035081153e-03
4.939999999999999091e+03 1.390470079031279772e-03
4.949999999999999091e+03 1.726345742726678994e-03
4.959999999999999091e+03 2.420893689544745871e-03
4.969999999999999091e+03 3.339878330033976394e-03
4.979999999999999091e+03 4.128081166479453945e-03
4.989999999999999091e+03 4.461595126932861415e-03
4.999999999999999091e+03 4.216208392335922366e-03
5.009999999999999091e+03 3.598775259677452088e-03
5.019999999999999091e+03 2.951549653075023240e-03
5.029999999999999091e+03 2.609416623714148724e-03
5.039999999999999091e+03 2.837061733620416248e-03
5.049999999999999091e+03 3.558151636060778982e-03
5.059999999999999091e+03 4.528511306942559732e-03
5.069999999999999091e+03 4.937626638650772538e-03
5.079999999999999091e+03 4.562984920392259766e-03
5.089999999999999091e+03 3.654607374074765776e-03
5.099999999999999091e+03 2.548714379674943929e-03
5.109999999999999091e+03 1.877702371006713172e-03
5.119999999999999091e+03 1.874436029800096142e-03
5.129999999999999091e+03 2.400104436891396017e-03
5.139999999999999091e+03 3.532915151719116190e-03
5.149999999999999091e+03 5.631108890044438445e-03
5.159999999999999091e+03 8.492062336183965957e-03
5.169999999999999091e+03 1.197826506664200104e-02
5.179999999999999091e+03 1.549979754202662589e-02
5.189999999999999091e+03 1.853470613733953012e-02
5.199999999999999091e+03 2.057179809937180470e-02
5.209999999999999091e+03 2.204402912938756634e-02
5.219999999999999091e+03 2.363876944921575879e-02
5.229999999999999091e+03 2.522993666872187790e-02
5.239999999999999091e+03 2.613280205868220157e-02
5.249999999999999091e+03 2.558912265235947781e-02
5.259999999999999091e+03 2.298950085933991819e-02
5.269999999999999091e+03 1.894261264673700873e-02
5.279999999999999091e+03 1.548023466919910308e-02
5.289999999999999091e+03 1.318306646521603259e-02
5.299999999999999091e+03 1.202916767145115369e-02
5.309999999999999091e+03 1.167855001062135557e-02
5.319999999999999091e+03 1.148810989531201532e-02
5.329999999999999091e+03 1.250792023665331029e-02
5.339999999999999091e+03 1.644819359960060512e-02
5.349999999999999091e+03 2.584583425934183776e-02
5.359999999999999091e+03 4.427821869470309479e-02
5.369999999999999091e+03 7.555952512391465870e-02
5.379999999999999091e+03 1.235277268037485165e-01
5.389999999999999091e+03 1.881171243512759494e-01
5.399999999999999091e+03 2.583339296219497871e-01
5.409999999999999091e+03 3.221523094208825211e-01
5.419999999999999091e+03 3.772469213907612695e-01
5.429999999999999091e+03 4.304967381080927469e-01
5.439999999999999091e+03 4.914381945257432771e-01
5.449999999999999091e+03 5.533121091675657910e-01
5.459999999999999091e+03 6.049381425467152962e-01
5.469999999999999091e+03 6.359343913043066232e-01
5.479999999999999091e+03 6.512680585736091432e-01
5.489999999999999091e+03 6.603254168183642081e-01
5.499999999999999091e+03 6.652663473427063989e-01
5.509999999999999091e+03 6.674917214563128587e-01
5.519999999999999091e+03 6.691018436443849637e-01
5.529999999999999091e+03 6.724986714864257253e-01
5.539999999999999091e+03 6.749408204882982876e-01
5.549999999999999091e+03 6.783253685740897598e-01
5.559999999999999091e+03 6.812882258806933766e-01
5.569999999999999091e+03 6.808612666608492292e-01
5.579999999999999091e+03 6.821914311778796147e-01
5.589999999999999091e+03 6.846191896802809040e-01
5.599999999999999091e+03 6.885272013368524124e-01
5.609999999999999091e+03 6.895796226552046715e-01
5.619999999999999091e+03 6.924860412296292012e-01
5.629999999999999091e+03 6.962676322462196810e-01
5.639999999999999091e+03 6.951551203131561829e-01
5.649999999999999091e+03 6.978897239812010822e-01
5.659999999999999091e+03 6.979713799197041491e-01
5.669999999999999091e+03 6.993412644872291084e-01
5.679999999999999091e+03 7.004818770397939209e-01
5.689999999999999091e+03 6.992569859268515930e-01
5.699999999999999091e+03 7.029968946321367707e-01
5.709999999999999091e+03 7.043103359573891220e-01
5.719999999999999091e+03 7.046434320565019283e-01
5.729999999999999091e+03 7.073080966130208536e-01
5.739999999999999091e+03 7.101660658871207232e-01
5.749999999999999091e+03 7.132079954924389620e-01
5.759999999999999091e+03 7.137781158098670531e-01
5.769999999999999091e+03 7.142858841085896193e-01
5.779999999999999091e+03 7.165353949478545648e-01
5.789999999999999091e+03 7.172620813007805074e-01
5.799999999999999091e+03 7.193925150032017823e-01
5.809999999999999091e+03 7.202365576545044501e-01
5.819999999999999091e+03 7.209238168283261805e-01
5.829999999999999091e+03 7.200698181198970094e-01
5.839999999999999091e+03 7.213754265261399512e-01
5.849999999999999091e+03 7.240455387231867768e-01
5.859999999999999091e+03 7.231588794115495489e-01
5.869999999999999091e+03 7.252533767095444839e-01
5.879999999999999091e+03 7.278371961634756415e-01
5.889999999999999091e+03 7.265298523779315509e-01
5.899999999999999091e+03 7.293577222697876783e-01
5.909999999999999091e+03 7.305549561126111202e-01
5.919999999999999091e+03 7.290028093531665254e-01
5.929999999999999091e+03 7.291986235729083221e-01
5.939999999999999091e+03 7.316643465051644313e-01
5.949999999999999091e+03 7.335989517750596267e-01
5.959999999999999091e+03 7.313450921089533763e-01
5.969999999999999091e+03 7.321646640122655425e-01
5.979999999999999091e+03 7.345336739141276050e-01
5.989999999999999091e+03 7.346556028159171303e-01
5.999999999999999091e+03 7.359798010099100063e-01
6.009999999999999091e+03 7.360225932246441394e-01
6.019999999999999091e+03 7.353491471320882100e-01
6.029999999999999091e+03 7.366786023204590084e-01
6.039999999999999091e+03 7.402703000367588659e-01
6.049999999999999091e+03 7.389906346801820014e-01
6.059999999999999091e+03 7.403824829492662296e-01
6.069999999999999091e+03 7.408807627790263695e-01
6.079999999999999091e+03 7.427990246230887772e-01
6.089999999999999091e+03 7.410359945976703333e-01
6.099999999999999091e+03 7.431759810980701486e-01
6.109999999999999091e+03 7.441308376848657646e-01
6.119999999999999091e+03 7.417142432943846231e-01
6.129999999999999091e+03 7.423562683454234534e-01
6.139999999999999091e+03 7.432999298481551831e-01
6.149999999999999091e+03 7.471349177210445669e-01
6.159999999999999091e+03 7.441168786717929917e-01
6.169999999999999091e+03 7.414653722460308183e-01
6.179999999999999091e+03 7.438159177759562368e-01
6.189999999999999091e+03 7.454603426460930660e-01
6.199999999999999091e+03 7.471780528783869002e-01
6.209999999999999091e+03 7.478470875759586356e-01
6.219999999999999091e+03 7.453292700110039082e-01
6.229999999999999091e+03 7.443102130897846225e-01
6.239999999999999091e+03 7.457766356872560509e-01
6.249999999999999091e+03 7.455480980719364492e-01
6.259999999999999091e+03 7.477405134644506957e-01
6.269999999999999091e+03 7.481114340096461923e-01
6.279999999999999091e+03 7.480789853463305494e-01
6.289999999999999091e+03 7.479919127843706050e-01
6.299999999999999091e+03 7.488209088271874370e-01
6.309999999999999091e+03 7.492814917878357628e-01
6.319999999999999091e+03 7.490566399650546714e-01
6.329999999999999091e+03 7.486318683847983380e-01
6.339999999999999091e+03 7.494153702738650669e-01
6.349999999999999091e+03 7.486241250212263276e-01
6.359999999999999091e+03 7.503346226720825074e-01
6.369999999999999091e+03 7.479609324264602233e-01
6.379999999999999091e+03 7.493047202582556743e-01
6.389999999999999091e+03 7.474824862632654110e-01
6.399999999999999091e+03 7.470728424927882694e-01
6.409999999999999091e+03 7.466383195531464123e-01
6.419999999999999091e+03 7.491248565880495036e-01
6.429999999999999091e+03 7.469528437934469522e-01
6.439999999999999091e+03 7.459987361528017669e-01
6.449999999999999091e+03 7.490545766336107469e-01
6.459999999999999091e+03 7.485513915643895455e-01
6.469999999999999091e+03 7.482988890822036554e-01
6.479999999999999091e+03 7.461857245912955072e-01
6.489999999999999091e+03 7.452275446454845742e-01
6.499999999999999091e+03 7.464812525067590077e-01
6.509999999999999091e+03 7.452375904877022172e-01
6.519999999999999091e+03 7.456651943606810162e-01
6.529999999999999091e+03 7.480252796767925538e-01
6.539999999999999091e+03 7.449026648554608609e-01
6.549999999999999091e+03 7.446557139167447881e-01
6.559999999999999091e+03 7.418683064379427705e-01
6.569999999999999091e+03 7.413360640933185364e-01
6.579999999999999091e+03 7.426304782507201496e-01
6.589999999999999091e+03 7.445199191749461987e-01
6.599999999999999091e+03 7.404822760917441071e-01
6.609999999999999091e+03 7.423552828487716138e-01
6.619999999999999091e+03 7.397082017897403938e-01
6.629999999999999091e+03 7.419444600196676287e-01
6.639999999999999091e+03 7.393061839038909122e-01
6.649999999999999091e+03 7.388010208676858426e-01
6.659999999999999091e+03 7.408917498791659506e-01
6.669999999999999091e+03 7.389875643785606130e-01
6.679999999999999091e+03 7.398507003866584553e-01
6.689999999999999091e+03 7.415842444737850148e-01
6.699999999999999091e+03 7.364531199946069417e-01
6.709999999999999091e+03 7.351615357279704943e-01
6.719999999999999091e+03 7.351991665446215851e-01
6.729999999999999091e+03 7.331798515822137707e-01
6.739999999999999091e+03 7.307926545180720712e-01
6.749999999999999091e+03 7.344290878359029939e-01
6.759999999999999091e+03 7.297746099217302662e-01
6.769999999999999091e+03 7.326718301624264296e-01
6.779999999999999091e+03 7.344100916760732956e-01
6.789999999999999091e+03 7.325934734118063618e-01
6.799999999999999091e+03 7.357779572291632819e-01
6.809999999999999091e+03 7.350782842112224547e-01
6.819999999999999091e+03 7.343831439192400889e-01
6.829999999999999091e+03 7.331502676905817806e-01
6.839999999999999091e+03 7.320303470313650473e-01
6.849999999999999091e+03 7.327643960389488287e-01
6.859999999999999091e+03 7.312553043687014531e-01
6.869999999999999091e+03 7.377528174467705702e-01
6.879999999999999091e+03 7.336576343574319203e-01
6.889999999999999091e+03 7.318637806666352663e-01
6.899999999999999091e+03 7.332467360657851652e-01
6.909999999999999091e+03 7.336207811288074643e-01
6.919999999999999091e+03 7.323292349534562540e-01
6.929999999999999091e+03 7.299472386649475952e-01
6.939999999999999091e+03 7.300181421528901815e-01
6.949999999999999091e+03 7.339093989155159869e-01
6.959999999999999091e+03 7.295930320578325468e-01
6.969999999999999091e+03 7.249494321871103875e-01
6.979999999999999091e+03 7.229785530698862317e-01
6.989999999999999091e+03 7.229821257788463518e-01
6.999999999999999091e+03 7.205702088025659480e-01
7.009999999999999091e+03 7.255252375152363431e-01
7.019999999999999091e+03 7.215111983076509805e-01
7.029999999999999091e+03 7.210196682890507303e-01
7.039999999999999091e+03 7.236905442850931625e-01
7.049999999999999091e+03 7.241868663405918172e-01
7.059999999999999091e+03 7.227665794644010377e-01
7.069999999999999091e+03 7.227125012900667000e-01
7.079999999999999091e+03 7.183713272407372674e-01
7.089999999999999091e+03 7.204520373916757370e-01
7.099999999999999091e+03 7.187434963268635180e-01
7.109999999999999091e+03 7.167740752740435761e-01
7.119999999999999091e+03 7.141520828081305838e-01
7.129999999999999091e+03 7.183899719825705965e-01
7.139999999999999091e+03 7.162349219621942931e-01
7.149999999999999091e+03 7.123366577899306051e-01
7.159999999999999091e+03 7.142259525188823233e-01
7.169999999999999091e+03 7.146968863069522726e-01
7.179999999999999091e+03 7.125488827068564568e-01
7.189999999999999091e+03 7.134136555677206282e-01
7.199999999999999091e+03 7.157169061199051274e-01
7.209999999999999091e+03 7.092080079347913291e-01
7.219999999999999091e+03 7.152808728645125846e-01
7.229999999999999091e+03 7.118509896933201686e-01
7.239999999999999091e+03 7.137783961750751027e-01
7.249999999999999091e+03 7.087017793139954724e-01
7.259999999999999091e+03 7.148786985379174119e-01
7.269999999999999091e+03 7.126308087898409749e-01
7.279999999999999091e+03 7.097224887092942192e-01
7.289999999999999091e+03 7.093911917283736157e-01
7.299999999999999091e+03 7.103022308035308319e-01
7.309999999999999091e+03 7.123627882264779165e-01
7.319999999999999091e+03 7.072886077957223350e-01
7.329999999999999091e+03 7.065247306963038376e-01
7.339999999999999091e+03 7.074269698365897030e-01
7.349999999999999091e+03 7.103826301592546244e-01
7.359999999999999091e+03 7.070255579376377719e-01
7.369999999999999091e+03 7.049987268862502043e-01
7.379999999999999091e+03 7.041130820013687952e-01
7.389999999999999091e+03 7.063078547064511881e-01
7.399999999999999091e+03 7.061060212149127269e-01
7.409999999999999091e+03 7.007352427343249701e-01
7.419999999999999091e+03 6.983868061610564171e-01
7.429999999999999091e+03 7.003258931637951212e-01
7.439999999999999091e+03 6.933767886837842731e-01
7.449999999999999091e+03 6.929669350323340860e-01
7.459999999999999091e+03 6.930884148669321787e-01
7.469999999999999091e+03 6.929074562000252513e-01
7.479999999999999091e+03 6.980704342076404778e-01
7.489999999999999091e+03 6.923905848245699435e-01
7.499999999999999091e+03 6.919514737335002996e-01
7.509999999999999091e+03 6.905432513426197350e-01
7.519999999999999091e+03 6.915298008591043155e-01
7.529999999999999091e+03 6.865946861536563750e-01
7.539999999999999091e+03 6.899537639906335729e-01
7.549999999999999091e+03 6.886334082432534753e-01
7.559999999999999091e+03 6.853688139020855941e-01
7.569999999999999091e+03 6.857401627777529596e-01
7.579999999999999091e+03 6.874844000918228781e-01
7.589999999999999091e+03 6.827915351787701148e-01
7.599999999999999091e+03 6.819058229976321384e-01
7.609999999999999091e+03 6.796789516222353500e-01
7.619999999999999091e+03 6.819316123687018116e-01
7.629999999999999091e+03 6.825487225923455581e-01
7.639999999999999091e+03 6.822219077255420316e-01
7.649999999999999091e+03 6.805636181748569991e-01
7.659999999999999091e+03 6.785608626517596331e-01
7.669999999999999091e+03 6.820003940887987559e-01
7.679999999999998181e+03 6.806317559371186654e-01
7.689999999999998181e+03 6.757273392871588902e-01
7.699999999999998181e+03 6.763428385432959100e-01
7.709999999999998181e+03 6.747558695842535981e-01
7.719999999999998181e+03 6.738308264558638960e-01
7.729999999999998181e+03 6.707445455176280769e-01
7.739999999999998181e+03 6.756118260268678677e-01
7.749999999999998181e+03 6.679274092586166001e-01
7.759999999999998181e+03 6.661158742662743881e-01
7.769999999999998181e+03 6.671178436938384193e-01
7.779999999999998181e+03 6.701058931801134877e-01
7.789999999999998181e+03 6.630456664909220033e-01
7.799999999999998181e+03 6.612120162847131555e-01
7.809999999999998181e+03 6.634856601780536600e-01
7.819999999999998181e+03 6.653884253895646639e-01
7.829999999999998181e+03 6.608960174674436416e-01
7.839999999999998181e+03 6.547211143472005945e-01
7.849999999999998181e+03 6.561068450519151884e-01
7.859999999999998181e+03 6.571256736302057977e-01
7.869999999999998181e+03 6.586248102937665161e-01
7.879999999999998181e+03 6.568407393713002751e-01
7.889999999999998181e+03 6.597627425103667065e-01
7.899999999999998181e+03 6.562505026064393565e-01
7.909999999999998181e+03 6.508352256388277857e-01
7.919999999999998181e+03 6.474222886891007889e-01
7.929999999999998181e+03 6.485597219580246930e-01
7.939999999999998181e+03 6.470656330604601658e-01
7.949999999999998181e+03 6.504743727178124990e-01
7.959999999999998181e+03 6.505239414150325583e-01
7.969999999999998181e+03 6.447148403550947426e-01
7.979999999999998181e+03 6.400114832422433286e-01
7.989999999999998181e+03 6.436176353248461712e-01
7.999999999999998181e+03 6.360355324278549327e-01
8.009999999999998181e+03 6.304642585982258574e-01
8.019999999999998181e+03 6.313256742979592717e-01
8.029999999999998181e+03 6.304382133236334784e-01
8.039999999999998181e+03 6.323987650819951067e-01
8.049999999999998181e+03 6.327147218074393731e-01
8.059999999999998181e+03 6.301776329786907827e-01
8.069999999999998181e+03 6.319551886649561467e-01
8.079999999999998181e+03 6.296389423305223110e-01
8.089999999999998181e+03 6.237289676279339501e-01
8.099999999999998181e+03 6.226614456922642260e-01
8.109999999999998181e+03 6.172744009562620704e-01
8.119999999999998181e+03 6.188774665735661262e-01
8.129999999999998181e+03 6.197339076493824095e-01
8.139999999999998181e+03 6.170977948974522009e-01
8.149999999999998181e+03 6.126573412064489910e-01
8.159999999999998181e+03 6.144531973502036504e-01
8.169999999999998181e+03 6.127590697661348118e-01
8.179999999999998181e+03 6.157077424818093725e-01
8.189999999999998181e+03 6.069552957664813286e-01
8.199999999999998181e+03 6.036398169111235612e-01
8.209999999999998181e+03 6.050372757136232016e-01
8.219999999999998181e+03 6.039476620066531742e-01
8.229999999999998181e+03 5.994103032501544304e-01
8.239999999999998181e+03 5.978579636403559272e-01
8.249999999999998181e+03 5.935026731378016951e-01
8.259999999999998181e+03 5.959028935134811356e-01
8.269999999999998181e+03 5.950143306609241289e-01
8.279999999999998181e+03 5.921635893272952922e-01
8.289999999999998181e+03 5.902238752532912303e-01
8.299999999999998181e+03 5.894939816470452509e-01
8.309999999999998181e+03 5.853467506673621923e-01
8.319999999999998181e+03 5.813303936312245179e-01
8.329999999999998181e+03 5.814025849040634908e-01
8.339999999999998181e+03 5.816070653926780354e-01
8.349999999999998181e+03 5.821215683392463314e-01
8.359999999999998181e+03 5.799438251838138214e-01
8.369999999999998181e+03 5.711241095142565172e-01
8.379999999999998181e+03 5.699121132068536433e-01
8.389999999999998181e+03 5.728222618934700749e-01
8.399999999999998181e+03 5.692750888311384205e-01
8.409999999999998181e+03 5.672375305286064817e-01
8.419999999999998181e+03 5.644986725774027159e-01
8.429999999999998181e+03 5.583125934808664814e-01
8.439999999999998181e+03 5.637712986353282663e-01
8.449999999999998181e+03 5.625250754316449830e-01
8.459999999999998181e+03 5.544693610298824238e-01
8.469999999999998181e+03 5.499080238885475369e-01
8.479999999999998181e+03 5.442281693198361969e-01
8.489999999999998181e+03 5.417277187073310518e-01
8.499999999999998181e+03 5.423778054004613214e-01
8.509999999999998181e+03 5.428072128187875212e-01
8.519999999999998181e+03 5.406639893452285239e-01
8.529999999999998181e+03 5.425377568305602693e-01
8.539999999999998181e+03 5.436440935823860787e-01
8.549999999999998181e+03 5.308794152581209902e-01
8.559999999999998181e+03 5.259831003155971407e-01
8.569999999999998181e+03 5.275992839971231918e-01
8.579999999999998181e+03 5.223596613805318034e-01
8.589999999999998181e+03 5.201227552784660757e-01
8.599999999999998181e+03 5.271137794941378463e-01
8.609999999999998181e+03 5.260722679985072592e-01
8.619999999999998181e+03 5.245002008920613967e-01
8.629999999999998181e+03 5.198877987208869733e-01
8.639999999999998181e+03 5.176716487510991671e-01
8.649999999999998181e+03 5.021146282369928215e-01
8.659999999999998181e+03 5.055838863609058986e-01
8.669999999999998181e+03 5.027538853881623471e-01
8.679999999999998181e+03 4.887011680702093019e-01
8.689999999999998181e+03 4.969985830889598333e-01
8.699999999999998181e+03 4.936086844520526928e-01
8.709999999999998181e+03 4.917315620659957753e-01
8.719999999999998181e+03 4.839649871820437266e-01
8.729999999999998181e+03 4.910689507090491568e-01
8.739999999999998181e+03 4.806941197334567151e-01
8.749999999999998181e+03 4.711927377269880535e-01
8.759999999999998181e+03 4.718796767557502103e-01
8.769999999999998181e+03 4.711091737593364193e-01
8.779999999999998181e+03 4.735664978555949589e-01
8.789999999999998181e+03 4.658071289889929023e-01
8.799999999999998181e+03 4.549988325825350954e-01
8.809999999999998181e+03 4.514411276098029835e-01
8.819999999999998181e+03 4.541733700185791589e-01
8.829999999999998181e+03 4.434012684382159231e-01
8.839999999999998181e+03 4.413441271753029693e-01
8.849999999999998181e+03 4.408867035045366811e-01
8.859999999999998181e+03 4.348499015498807907e-01
8.869999999999998181e+03 4.343862293098419425e-01
8.879999999999998181e+03 4.300661046305669366e-01
8.889999999999998181e+03 4.287619672246684721e-01
8.899999999999998181e+03 4.275307461985385360e-01
8.909999999999998181e+03 4.228179768253932380e-01
8.919999999999998181e+03 4.229308645711965520e-01
8.929999999999998181e+03 4.213017114480408498e-01
8.939999999999998181e+03 4.162115853815169242e-01
8.949999999999998181e+03 4.109136433502662555e-01
8.959999999999998181e+03 4.101989837884885137e-01
8.969999999999998181e+03 4.078813201688644141e-01
8.979999999999998181e+03 4.031796516188028701e-01
8.989999999999998181e+03 3.995537060711376043e-01
8.999999999999998181e+03 3.932877879112336994e-01
9.009999999999998181e+03 3.877914804002752236e-01
9.019999999999998181e+03 3.857832057210003329e-01
9.029999999999998181e+03 3.810099124472922094e-01
9.039999999999998181e+03 3.745771165030442607e-01
9.049999999999998181e+03 3.758791767757999058e-01
9.059999999999998181e+03 3.762517112209106118e-01
9.069999999999998181e+03 3.708302439897721015e-01
9.079999999999998181e+03 3.673780068078117411e-01
9.089999999999998181e+03 3.644819851178958126e-01
9.099999999999998181e+03 3.558860319041421971e-01
9.109999999999998181e+03 3.484515930348810464e-01
9.119999999999998181e+03 3.446093665458403454e-01
9.129999999999998181e+03 3.430238190880860460e-01
9.139999999999998181e+03 3.410629263928764421e-01
9.149999999999998181e+03 3.346119145667600381e-01
9.159999999999998181e+03 3.244906012011757324e-01
9.169999999999998181e+03 3.136212154976964483e-01
9.179999999999998181e+03 2.995452675201052961e-01
9.189999999999998181e+03 2.832453210723548387e-01
9.199999999999998181e+03 2.643211090506072947e-01
9.209999999999998181e+03 2.415397158334436911e-01
9.219999999999998181e+03 2.109247998725171380e-01
9.229999999999998181e+03 1.781132538605125493e-01
9.239999999999998181e+03 1.457294768954410236e-01
9.249999999999998181e+03 1.126150552599795296e-01
9.259999999999998181e+03 8.112321017364250431e-02
9.269999999999998181e+03 5.439218743169277337e-02
9.279999999999998181e+03 3.345798282891961767e-02
9.289999999999998181e+03 1.848477364636569656e-02
9.299999999999998181e+03 9.779241435758020962e-03
9.309999999999998181e+03 4.992474721402103202e-03
9.319999999999998181e+03 3.274227011339699792e-03
9.329999999999998181e+03 2.958456711139048189e-03
9.339999999999998181e+03 3.055534497216725633e-03
9.349999999999998181e+03 3.410751990788999950e-03
9.359999999999998181e+03 3.823480733660756473e-03
9.369999999999998181e+03 4.130783603640603499e-03
9.379999999999998181e+03 4.216143011178744016e-03
9.389999999999998181e+03 4.211348027597074106e-03
9.399999999999998181e+03 4.152468588287580413e-03
9.409999999999998181e+03 4.002953501936025796e-03
9.419999999999998181e+03 3.577907298060000255e-03
9.429999999999998181e+03 3.219058062161447766e-03
9.439999999999998181e+03 2.899352725817855910e-03
9.449999999999998181e+03 2.612353838671575314e-03
9.459999999999998181e+03 2.213296193230650244e-03
9.469999999999998181e+03 1.791611422778838008e-03
9.479999999999998181e+03 1.439136976734450195e-03
9.489999999999998181e+03 1.107647790322752136e-03
9.499999999999998181e+03 9.036130588584751107e-04
9.509999999999998181e+03 6.951054621815850026e-04
9.519999999999998181e+03 5.847525165737519964e-04
9.529999999999998181e+03 5.283372616546820047e-04
9.539999999999998181e+03 5.063732503203130465e-04
9.549999999999998181e+03 5.098801747421609441e-04
9.559999999999998181e+03 4.304108130066940248e-04
9.569999999999998181e+03 3.106280083164719903e-04
9.579999999999998181e+03 3.394347069834780027e-04
9.589999999999998181e+03 2.726504133716189850e-04
9.599999999999998181e+03 2.689148823466670107e-04
9.609999999999998181e+03 3.486156806566299989e-04
9.619999999999998181e+03 2.304527752418880139e-04
9.629999999999998181e+03 2.052283271796399963e-04
9.639999999999998181e+03 2.195094817966800006e-04
9.649999999999998181e+03 2.174139413816760218e-04
9.659999999999998181e+03 2.185936135920079856e-04
9.669999999999998181e+03 1.665520358174000040e-04
9.679999999999998181e+03 1.464748634923839941e-04
9.689999999999998181e+03 1.601901077064249923e-04
9.699999999999998181e+03 1.535704581916639807e-04
9.709999999999998181e+03 1.505939430618279833e-04
9.719999999999998181e+03 1.378521241701999951e-04
9.729999999999998181e+03 1.276032120858600007e-04
9.739999999999998181e+03 1.127681618934480036e-04
9.749999999999998181e+03 1.232578223243360012e-04
9.759999999999998181e+03 1.250155763510599986e-04
9.769999999999998181e+03 1.242964913230950057e-04
9.779999999999998181e+03 1.239438900228749822e-04
9.789999999999998181e+03 1.222635151498320039e-04
9.799999999999998181e+03 1.161610020128000029e-04
9.809999999999998181e+03 1.236397316313600015e-04
9.819999999999998181e+03 1.269639224664800034e-04
9.829999999999998181e+03 1.248731847791999792e-04
9.839999999999998181e+03 1.199474244513600002e-04
9.849999999999998181e+03 1.083538868162619965e-04
9.859999999999998181e+03 1.111737736313640090e-04
9.869999999999998181e+03 1.094132014346029972e-04
9.879999999999998181e+03 1.037406929657229909e-04
9.889999999999998181e+03 9.953775576762599153e-05
9.899999999999998181e+03 9.407115007832100113e-05
9.909999999999998181e+03 8.799933391743600141e-05
9.919999999999998181e+03 8.199084528289799043e-05
9.929999999999998181e+03 7.531992360376000249e-05
9.939999999999998181e+03 6.806333395885099953e-05
9.949999999999998181e+03 6.425640921605100815e-05
9.959999999999998181e+03 6.194632293797100789e-05
9.969999999999998181e+03 5.792427135217800122e-05
9.979999999999998181e+03 5.377496187683599728e-05
9.989999999999998181e+03 4.816903113275200157e-05
9.999999999999998181e+03 4.354177993710999482e-05
1.000999999999999818e+04 3.678945129037799523e-05
1.001999999999999818e+04 3.716834932249299725e-05
1.002999999999999818e+04 3.399680546466000113e-05
1.003999999999999818e+04 3.334635723673199916e-05
1.004999999999999818e+04 3.075126340531499964e-05
1.005999999999999818e+04 2.954020682296200419e-05
1.006999999999999818e+04 2.831533205361000337e-05
1.007999999999999818e+04 2.796104130996900089e-05
1.008999999999999818e+04 2.735557372045900360e-05
1.009999999999999818e+04 2.682887495899500104e-05
1.010999999999999818e+04 2.877166437276400010e-05
1.011999999999999818e+04 2.882745738897399612e-05
1.012999999999999818e+04 2.756859420189600101e-05
1.013999999999999818e+04 3.070568688849800335e-05
1.014999999999999818e+04 2.951755532561000235e-05
1.015999999999999818e+04 2.982162776555200278e-05
1.016999999999999818e+04 3.130035981464699882e-05
1.017999999999999818e+04 3.073026888119999848e-05
1.018999999999999818e+04 3.333394999953200369e-05
1.019999999999999818e+04 3.354971255701800169e-05
1.020999999999999818e+04 3.218778621067000149e-05
1.021999999999999818e+04 3.202412600780999785e-05
1.022999999999999818e+04 3.136539576295799774e-05
1.023999999999999818e+04 3.109065952644199984e-05
1.024999999999999818e+04 3.156146133881000009e-05
1.025999999999999818e+04 3.062602549049400091e-05
1.026999999999999818e+04 2.908704661283999625e-05
1.027999999999999818e+04 2.928441701126099830e-05
1.028999999999999818e+04 2.850023633972900155e-05
1.029999999999999818e+04 2.704064652015799886e-05
1.030999999999999818e+04 2.581842293978499995e-05
1.031999999999999818e+04 2.350343391425400329e-05
1.032999999999999818e+04 2.293915533359999851e-05
1.033999999999999818e+04 2.100154242156599763e-05
1.034999999999999818e+04 1.928853629364000232e-05
1.035999999999999818e+04 1.789223920198200065e-05
1.036999999999999818e+04 1.697723882540000154e-05
1.037999999999999818e+04 1.476208817829199997e-05
1.038999999999999818e+04 1.358957586528500064e-05
1.039999999999999818e+04 1.212432033987300159e-05
1.040999999999999818e+04 1.032896055082499988e-05
1.041999999999999818e+04 9.452404718773999099e-06
1.042999999999999818e+04 8.597921200355999600e-06
1.043999999999999818e+04 8.118889735440001457e-06
1.044999999999999818e+04 7.137713060848000064e-06
1.045999999999999818e+04 6.464487392171999894e-06
1.046999999999999818e+04 6.124517991790000648e-06
1.047999999999999818e+04 5.587539771263999663e-06
1.048999999999999818e+04 5.572656276705000157e-06
1.049999999999999818e+04 5.252885882227999630e-06
1.050999999999999818e+04 5.161471406249999531e-06
1.051999999999999818e+04 5.382531032813999981e-06
1.052999999999999818e+04 5.564148759479999346e-06
1.053999999999999818e+04 5.802925308694999708e-06
1.054999999999999818e+04 6.029325337673999288e-06
1.055999999999999818e+04 6.190682568580000042e-06
1.056999999999999818e+04 6.337868463592999690e-06
1.057999999999999818e+04 6.553918021911999620e-06
1.058999999999999818e+04 6.638065146150000651e-06
1.059999999999999818e+04 6.802120106110999796e-06
1.060999999999999818e+04 6.939395976023999635e-06
1.061999999999999818e+04 6.983341431773000321e-06
1.062999999999999818e+04 6.888117101701000497e-06
1.063999999999999818e+04 6.689366042750999866e-06
1.064999999999999818e+04 6.627307263346999581e-06
1.065999999999999818e+04 6.460884908500998962e-06
1.066999999999999818e+04 6.142211534701999678e-06
1.067999999999999818e+04 6.151868303604999451e-06
1.068999999999999818e+04 5.735988594714000211e-06
1.069999999999999818e+04 5.459355749616999209e-06
1.070999999999999818e+04 5.123372865309999740e-06
1.071999999999999818e+04 4.739821860522999664e-06
1.072999999999999818e+04 4.381001873929999381e-06
1.073999999999999818e+04 4.005070577330999602e-06
1.074999999999999818e+04 3.727083362136999810e-06
1.075999999999999818e+04 3.445418426516999905e-06
1.076999999999999818e+04 3.029769951545000201e-06
1.077999999999999818e+04 2.632950524263000048e-06
1.078999999999999818e+04 2.501378424351999758e-06
1.079999999999999818e+04 2.335286403675999866e-06
1.080999999999999818e+04 2.039824510888999736e-06
1.081999999999999818e+04 1.749218530400999801e-06
1.082999999999999818e+04 1.716768703767999790e-06
1.083999999999999818e+04 1.546107060407000067e-06
1.084999999999999818e+04 1.377295288397999803e-06
1.085999999999999818e+04 1.365392247138999825e-06
1.086999999999999818e+04 1.304456603913000066e-06
1.087999999999999818e+04 1.253926487041999938e-06
1.088999999999999818e+04 1.215838957240999973e-06
1.089999999999999818e+04 1.193321177986000060e-06
1.090999999999999818e+04 1.212711793765000086e-06
1.091999999999999818e+04 1.237607979044000030e-06
1.092999999999999818e+04 1.228226488615999946e-06
1.093999999999999818e+04 1.220166334867999808e-06
1.094999999999999818e+04 1.229679958963999929e-06
1.095999999999999818e+04 1.293137153021000005e-06
1.096999999999999818e+04 1.324595977143999949e-06
1.097999999999999818e+04 1.362199016829000131e-06
1.098999999999999818e+04 1.446775575487999905e-06
1.099999999999999818e+04 1.539830711177000005e-06
1.100999999999999818e+04 1.613946687785999957e-06
1.101999999999999818e+04 1.714214119519999993e-06
1.102999999999999818e+04 1.785015743290000042e-06
1.103999999999999818e+04 1.896173191495000125e-06
1.104999999999999818e+04 2.033261872045000159e-06
1.105999999999999818e+04 2.178058349894999949e-06
1.106999999999999818e+04 2.365335802006999981e-06
1.107999999999999818e+04 2.577091016116000192e-06
1.108999999999999818e+04 2.709169628420999707e-06
1.109999999999999818e+04 2.907160918779999807e-06
1.110999999999999818e+04 3.152896507842999857e-06
1.111999999999999818e+04 3.371963118247999714e-06
1.112999999999999818e+04 3.625681783086000057e-06
1.113999999999999818e+04 3.918600102763999792e-06
1.114999999999999818e+04 4.229532645846000052e-06
1.115999999999999818e+04 4.495374574722999869e-06
1.116999999999999818e+04 4.685283689056000179e-06
1.117999999999999818e+04 4.908809810755999907e-06
1.118999999999999818e+04 5.207145610822000312e-06
1.119999999999999818e+04 5.627385730756999502e-06
1.120999999999999818e+04 6.119374432416000558e-06
1.121999999999999818e+04 6.393397637569999241e-06
1.122999999999999818e+04 6.749894273833999898e-06
1.123999999999999818e+04 7.181266655297998921e-06
1.124999999999999818e+04 7.161600761043999841e-06
1.125999999999999818e+04 7.552408106431998947e-06
1.126999999999999818e+04 8.142462012024999563e-06
1.127999999999999818e+04 8.708148267011000808e-06
1.128999999999999818e+04 9.298114083492000270e-06
1.129999999999999818e+04 9.685144608202998919e-06
1.130999999999999818e+04 1.027497829101599962e-05
1.131999999999999818e+04 1.042363967865499932e-05
1.132999999999999818e+04 1.073731399534799982e-05
1.133999999999999818e+04 1.133673838023000006e-05
1.134999999999999818e+04 1.186029601740199848e-05
1.135999999999999818e+04 1.240827636087600070e-05
1.136999999999999818e+04 1.277042171144699902e-05
1.137999999999999818e+04 1.293288005625300107e-05
1.138999999999999818e+04 1.300542143998499977e-05
1.139999999999999818e+04 1.336752274599999963e-05
1.140999999999999818e+04 1.375594067422499973e-05
1.141999999999999818e+04 1.395121221325099924e-05
1.142999999999999818e+04 1.388135754743499974e-05
1.143999999999999818e+04 1.334834134186199885e-05
1.144999999999999818e+04 1.380263891472399984e-05
1.145999999999999818e+04 1.329312047977699953e-05
1.146999999999999818e+04 1.295734680711099825e-05
1.147999999999999818e+04 1.294654487975199956e-05
1.148999999999999818e+04 1.265694091291299825e-05
1.149999999999999818e+04 1.250591213038899876e-05
1.150999999999999818e+04 1.167195048480700108e-05
1.151999999999999818e+04 1.097004542925199944e-05
1.152999999999999818e+04 1.107362721382499959e-05
1.153999999999999818e+04 1.066346228607499994e-05
1.154999999999999818e+04 1.022684860244699959e-05
1.155999999999999818e+04 1.040530613221999980e-05
1.156999999999999818e+04 9.748998203263999529e-06
1.157999999999999818e+04 9.421262662067999156e-06
1.158999999999999818e+04 9.426063518671998947e-06
1.159999999999999818e+04 9.251636065773000922e-06
1.160999999999999818e+04 9.398987127870999452e-06
1.161999999999999818e+04 9.729200175341999989e-06
1.162999999999999818e+04 9.553759697655000128e-06
1.163999999999999818e+04 9.713465257710999362e-06
1.164999999999999818e+04 1.019020353185499894e-05
1.165999999999999818e+04 1.075651742176399898e-05
1.166999999999999818e+04 1.165916655242800057e-05
1.167999999999999818e+04 1.196610205205299961e-05
1.168999999999999818e+04 1.260684023046299983e-05
1.169999999999999818e+04 1.367493172460200032e-05
1.170999999999999818e+04 1.420216708219999969e-05
1.171999999999999818e+04 1.487253623565899984e-05
1.172999999999999818e+04 1.557558644967000039e-05
1.173999999999999818e+04 1.648160498886800017e-05
1.174999999999999818e+04 1.793620948418499919e-05
1.175999999999999818e+04 1.838331678328000054e-05
1.176999999999999818e+04 1.937808510281800129e-05
1.177999999999999818e+04 2.038378748338299780e-05
1.178999999999999818e+04 2.129238262910699978e-05
1.179999999999999818e+04 2.187059956027499896e-05
1.180999999999999818e+04 2.209261715593199851e-05
1.181999999999999818e+04 2.332806695173199779e-05
1.182999999999999818e+04 2.352082795106599873e-05
1.183999999999999818e+04 2.463336040220899824e-05
1.184999999999999818e+04 2.485527889761499914e-05
1.185999999999999818e+04 2.529013079900299673e-05
1.186999999999999818e+04 2.480496900352400168e-05
1.187999999999999818e+04 2.504697181646599804e-05
1.188999999999999818e+04 2.472598610347699917e-05
1.189999999999999818e+04 2.487268750837400052e-05
1.190999999999999818e+04 2.451686255158899542e-05
1.191999999999999818e+04 2.413877307174600083e-05
1.192999999999999818e+04 2.330911678151300121e-05
1.193999999999999818e+04 2.281397889409999850e-05
1.194999999999999818e+04 2.201545109381999724e-05
1.195999999999999818e+04 2.170492596288099756e-05
1.196999999999999818e+04 2.065150130588999736e-05
1.197999999999999818e+04 1.996589273605499831e-05
1.198999999999999818e+04 1.910848837554200025e-05
