3.649999999999999545e+03 0.000000000000000000e+00
3.659999999999999545e+03 1.831176261145000262e-17
3.669999999999999545e+03 5.529242470031874507e-17
3.679999999999999545e+03 6.928702028259375243e-16
3.689999999999999545e+03 5.468346899925000201e-15
3.699999999999999545e+03 3.761661388056250100e-15
3.709999999999999545e+03 1.060710335838999922e-13
3.719999999999999545e+03 2.180439306101000104e-14
3.729999999999999545e+03 4.249130142687499703e-13
3.739999999999999545e+03 3.657800039936875040e-13
3.749999999999999545e+03 5.344408877318875640e-12
3.759999999999999545e+03 1.860959360203124835e-13
3.769999999999999545e+03 0.000000000000000000e+00
3.779999999999999545e+03 0.000000000000000000e+00
3.789999999999999545e+03 0.000000000000000000e+00
3.799999999999999545e+03 0.000000000000000000e+00
3.809999999999999545e+03 0.000000000000000000e+00
3.819999999999999545e+03 1.919703025696312520e-12
3.829999999999999545e+03 6.957761051028374920e-11
3.839999999999999091e+03 1.155802957233750074e-09
3.849999999999999091e+03 3.239877628510250129e-08
3.859999999999999091e+03 3.410656450712000539e-11
3.869999999999999091e+03 0.000000000000000000e+00
3.879999999999999091e+03 0.000000000000000000e+00
3.889999999999999091e+03 0.000000000000000000e+00
3.899999999999999091e+03 1.258938491643437778e-12
3.909999999999999091e+03 0.000000000000000000e+00
3.919999999999999091e+03 0.000000000000000000e+00
3.929999999999999091e+03 0.000000000000000000e+00
3.939999999999999091e+03 0.000000000000000000e+00
3.949999999999999091e+03 0.000000000000000000e+00
3.959999999999999091e+03 0.000000000000000000e+00
3.969999999999999091e+03 0.000000000000000000e+00
3.979999999999999091e+03 0.000000000000000000e+00
3.989999999999999091e+03 0.000000000000000000e+00
3.999999999999999091e+03 0.000000000000000000e+00
4.009999999999999091e+03 0.000000000000000000e+00
4.019999999999999091e+03 0.000000000000000000e+00
4.029999999999999091e+03 4.937496287088749661e-12
4.039999999999999091e+03 0.000000000000000000e+00
4.049999999999999091e+03 0.000000000000000000e+00
4.059999999999999091e+03 0.000000000000000000e+00
4.069999999999999091e+03 0.000000000000000000e+00
4.079999999999999091e+03 2.553620074721581182e-14
4.089999999999999091e+03 2.229349493697199922e-14
4.099999999999999091e+03 3.299451402254962449e-13
4.109999999999999091e+03 4.010461486030125506e-13
4.119999999999999091e+03 2.274981818506687695e-15
4.129999999999999091e+03 2.236584912788100336e-15
4.139999999999999091e+03 5.606901313090000249e-14
4.149999999999999091e+03 3.822148091405175392e-14
4.159999999999999091e+03 0.000000000000000000e+00
4.169999999999999091e+03 0.000000000000000000e+00
4.179999999999999091e+03 8.501449647103876127e-14
4.189999999999999091e+03 0.000000000000000000e+00
4.199999999999999091e+03 0.000000000000000000e+00
4.209999999999999091e+03 9.369547379813249652e-16
4.219999999999999091e+03 1.398226345723987460e-15
4.229999999999999091e+03 0.000000000000000000e+00
4.239999999999999091e+03 0.000000000000000000e+00
4.249999999999999091e+03 1.918204961684375197e-15
4.259999999999999091e+03 7.224666747238062785e-16
4.269999999999999091e+03 7.153935525512125799e-16
4.279999999999999091e+03 7.464374133804001165e-15
4.289999999999999091e+03 5.045221275025312312e-15
4.299999999999999091e+03 8.904535388367500649e-15
4.309999999999999091e+03 8.659863366039375019e-14
4.319999999999999091e+03 4.690472349052874903e-15
4.329999999999999091e+03 6.870326916281500123e-15
4.339999999999999091e+03 1.634882203633087519e-13
4.349999999999999091e+03 3.009861933824724930e-13
4.359999999999999091e+03 2.111634429177393943e-14
4.369999999999999091e+03 0.000000000000000000e+00
4.379999999999999091e+03 0.000000000000000000e+00
4.389999999999999091e+03 0.000000000000000000e+00
4.399999999999999091e+03 1.757408385832181246e-13
4.409999999999999091e+03 2.447332321225439825e-13
4.419999999999999091e+03 3.144513554703028195e-12
4.429999999999999091e+03 4.273384946177655079e-12
4.439999999999999091e+03 5.264199216780350361e-12
4.449999999999999091e+03 0.000000000000000000e+00
4.459999999999999091e+03 0.000000000000000000e+00
4.469999999999999091e+03 4.729289885954388662e-13
4.479999999999999091e+03 6.598223217638500659e-13
4.489999999999999091e+03 1.850539166504722063e-12
4.499999999999999091e+03 3.942989231584725122e-12
4.509999999999999091e+03 5.578493046704786419e-12
4.519999999999999091e+03 8.088954794077658439e-11
4.529999999999999091e+03 1.510097205525496929e-10
4.539999999999999091e+03 6.814475663369224640e-10
4.549999999999999091e+03 5.030468276943598542e-10
4.559999999999999091e+03 3.089566184124327968e-09
4.569999999999999091e+03 2.511254427130644638e-10
4.579999999999999091e+03 1.112439586716775646e-10
4.589999999999999091e+03 3.775655612667610259e-08
4.599999999999999091e+03 1.839918279199531098e-10
4.609999999999999091e+03 5.347347044850808376e-10
4.619999999999999091e+03 1.949422851374719847e-10
4.629999999999999091e+03 1.421959924112086180e-10
4.639999999999999091e+03 4.049390161885227853e-10
4.649999999999999091e+03 0.000000000000000000e+00
4.659999999999999091e+03 0.000000000000000000e+00
4.669999999999999091e+03 0.000000000000000000e+00
4.679999999999999091e+03 0.000000000000000000e+00
4.689999999999999091e+03 0.000000000000000000e+00
4.699999999999999091e+03 1.491140239852393255e-09
4.709999999999999091e+03 0.000000000000000000e+00
4.719999999999999091e+03 0.000000000000000000e+00
4.729999999999999091e+03 0.000000000000000000e+00
4.739999999999999091e+03 2.207267935633087782e-08
4.749999999999999091e+03 0.000000000000000000e+00
4.759999999999999091e+03 0.000000000000000000e+00
4.769999999999999091e+03 0.000000000000000000e+00
4.779999999999999091e+03 0.000000000000000000e+00
4.789999999999999091e+03 0.000000000000000000e+00
4.799999999999999091e+03 0.000000000000000000e+00
4.809999999999999091e+03 0.000000000000000000e+00
4.819999999999999091e+03 0.000000000000000000e+00
4.829999999999999091e+03 0.000000000000000000e+00
4.839999999999999091e+03 1.416988643879938707e-08
4.849999999999999091e+03 0.000000000000000000e+00
4.859999999999999091e+03 0.000000000000000000e+00
4.869999999999999091e+03 1.117755257208074806e-07
4.879999999999999091e+03 1.141056862143064679e-08
4.889999999999999091e+03 1.033343427867449973e-08
4.899999999999999091e+03 8.244101787347693103e-08
4.909999999999999091e+03 4.801530408936743643e-08
4.919999999999999091e+03 1.383188643889014422e-08
4.929999999999999091e+03 2.589851697327620255e-07
4.939999999999999091e+03 2.962362420828628220e-08
4.949999999999999091e+03 4.096924284432179712e-09
4.959999999999999091e+03 2.357109918177020815e-08
4.969999999999999091e+03 8.227936859626089232e-09
4.979999999999999091e+03 4.444477585746711899e-09
4.989999999999999091e+03 3.611480618595599825e-09
4.999999999999999091e+03 1.504088535072723387e-07
5.009999999999999091e+03 3.664080722456828089e-09
5.019999999999999091e+03 1.013335503297627219e-09
5.029999999999999091e+03 1.688148618915312956e-09
5.039999999999999091e+03 1.681540440703899787e-08
5.049999999999999091e+03 5.799799216769486866e-10
5.059999999999999091e+03 4.798634103892545768e-10
5.069999999999999091e+03 3.991001741603797295e-10
5.079999999999999091e+03 1.679036639833717825e-09
5.089999999999999091e+03 9.282123910099635585e-07
5.099999999999999091e+03 3.680377130019071784e-09
5.109999999999999091e+03 4.670805576926580326e-09
5.119999999999999091e+03 8.795542740072651906e-09
5.129999999999999091e+03 5.749448704220760040e-09
5.139999999999999091e+03 1.972529947688654688e-07
5.149999999999999091e+03 2.190819353390220305e-09
5.159999999999999091e+03 7.418221524797598749e-10
5.169999999999999091e+03 1.125759737981386409e-09
5.179999999999999091e+03 4.340918409966347075e-09
5.189999999999999091e+03 2.236154721312225584e-10
5.199999999999999091e+03 1.352325171613172866e-10
5.209999999999999091e+03 1.239500939254402257e-10
5.219999999999999091e+03 1.710796514077153118e-10
5.229999999999999091e+03 9.513659802495255192e-10
5.239999999999999091e+03 1.587507461984430162e-09
5.249999999999999091e+03 2.812770809299001640e-10
5.259999999999999091e+03 1.787691973106150720e-10
5.269999999999999091e+03 1.731008942698510159e-10
5.279999999999999091e+03 3.809136459795688238e-10
5.289999999999999091e+03 1.557871038249395689e-08
5.299999999999999091e+03 7.381629494585500829e-10
5.309999999999999091e+03 3.238688027944311445e-10
5.319999999999999091e+03 4.838362434352020436e-10
5.329999999999999091e+03 1.036044646485576038e-09
5.339999999999999091e+03 5.147474384763821946e-10
5.349999999999999091e+03 3.751515856906266393e-09
5.359999999999999091e+03 1.886410917546456072e-10
5.369999999999999091e+03 3.551779550783803492e-11
5.379999999999999091e+03 0.000000000000000000e+00
5.389999999999999091e+03 0.000000000000000000e+00
5.399999999999999091e+03 0.000000000000000000e+00
5.409999999999999091e+03 0.000000000000000000e+00
5.419999999999999091e+03 0.000000000000000000e+00
5.429999999999999091e+03 2.242436427074261289e-11
5.439999999999999091e+03 8.487533828354264308e-11
5.449999999999999091e+03 8.312057690910750719e-12
5.459999999999999091e+03 2.109525823395331622e-12
5.469999999999999091e+03 5.615726812834687374e-13
5.479999999999999091e+03 3.182980698806562487e-13
5.489999999999999091e+03 1.774713056353125113e-12
5.499999999999999091e+03 3.692386840642500040e-14
5.509999999999999091e+03 2.285153390520000392e-15
5.519999999999999091e+03 1.178608761163750152e-15
5.529999999999999091e+03 7.099665439365625556e-16
5.539999999999999091e+03 5.198026120280000743e-16
5.549999999999999091e+03 7.631913177717500014e-16
5.559999999999999091e+03 2.367231131396250083e-15
5.569999999999999091e+03 3.846388041553749558e-14
5.579999999999999091e+03 2.101991066048125120e-14
5.589999999999999091e+03 1.632925930142500065e-14
5.599999999999999091e+03 6.896116667496874786e-14
5.609999999999999091e+03 2.357629766800000052e-12
5.619999999999999091e+03 1.425474827783999885e-12
5.629999999999999091e+03 1.585549330155000138e-12
5.639999999999999091e+03 3.408596061478125775e-12
5.649999999999999091e+03 2.373211762512500151e-12
5.659999999999999091e+03 1.905949271283750095e-12
5.669999999999999091e+03 4.281151149870000212e-12
5.679999999999999091e+03 1.582023591085437396e-12
5.689999999999999091e+03 1.536815986951437501e-12
5.699999999999999091e+03 4.254772281987499329e-12
5.709999999999999091e+03 2.492407048085937781e-12
5.719999999999999091e+03 5.031882036492501210e-13
5.729999999999999091e+03 2.017081868936750152e-13
5.739999999999999091e+03 1.540977393270000150e-13
5.749999999999999091e+03 1.759208792158124984e-13
5.759999999999999091e+03 4.818877034781250053e-13
5.769999999999999091e+03 3.711498787443125269e-13
5.779999999999999091e+03 4.571992426365000659e-14
5.789999999999999091e+03 4.000299710522499805e-14
5.799999999999999091e+03 6.335570779160001086e-14
5.809999999999999091e+03 2.262634513807500173e-13
5.819999999999999091e+03 1.247844334590000142e-14
5.829999999999999091e+03 1.036378726017250103e-14
5.839999999999999091e+03 0.000000000000000000e+00
5.849999999999999091e+03 1.120479745420000100e-14
5.859999999999999091e+03 4.093952165340625364e-14
5.869999999999999091e+03 1.573068978980624952e-14
5.879999999999999091e+03 6.124080225256875700e-14
5.889999999999999091e+03 1.306294013500000094e-13
5.899999999999999091e+03 4.492959938774999895e-13
5.909999999999999091e+03 6.243565514129999843e-14
5.919999999999999091e+03 8.199286331696251150e-15
5.929999999999999091e+03 1.856355341181250363e-14
5.939999999999999091e+03 5.427265943631875173e-13
5.949999999999999091e+03 4.253578442067499434e-13
5.959999999999999091e+03 5.920176492181875907e-13
5.969999999999999091e+03 1.187436675922437585e-12
5.979999999999999091e+03 3.363779446737500019e-12
5.989999999999999091e+03 1.907523484055000198e-11
5.999999999999999091e+03 2.549798879118750351e-11
6.009999999999999091e+03 7.422354522712499830e-12
6.019999999999999091e+03 1.081998045350250078e-12
6.029999999999999091e+03 2.302558189445062703e-12
6.039999999999999091e+03 4.171408731774374921e-12
6.049999999999999091e+03 1.101435183584749959e-11
6.059999999999999091e+03 3.577148451992499850e-12
6.069999999999999091e+03 1.701620474448124770e-12
6.079999999999999091e+03 8.180864112172501192e-13
6.089999999999999091e+03 5.079763228006249197e-13
6.099999999999999091e+03 3.915443186016250681e-13
6.109999999999999091e+03 1.172033253632499959e-13
6.119999999999999091e+03 4.290903146193125569e-14
6.129999999999999091e+03 1.390903402892500054e-13
6.139999999999999091e+03 1.164636001278750027e-12
6.149999999999999091e+03 1.898799649568500251e-12
6.159999999999999091e+03 1.732501940540000031e-11
6.169999999999999091e+03 3.044938791831562797e-11
6.179999999999999091e+03 4.916357241984999743e-11
6.189999999999999091e+03 4.430218044555188312e-11
6.199999999999999091e+03 1.720139134225312363e-11
6.209999999999999091e+03 4.659572188713750786e-12
6.219999999999999091e+03 4.014644772070624958e-12
6.229999999999999091e+03 5.738946565275000247e-12
6.239999999999999091e+03 1.135478306532937407e-11
6.249999999999999091e+03 2.133801909290625202e-11
6.259999999999999091e+03 2.947631467545625222e-11
6.269999999999999091e+03 2.374762559935500081e-11
6.279999999999999091e+03 1.441396318232500050e-11
6.289999999999999091e+03 9.231813223500000717e-12
6.299999999999999091e+03 1.196525454088124891e-11
6.309999999999999091e+03 4.069229651195624769e-12
6.319999999999999091e+03 2.454977424973500164e-12
6.329999999999999091e+03 5.060468922162501029e-13
6.339999999999999091e+03 1.091020465967250115e-12
6.349999999999999091e+03 1.729124786917499801e-12
6.359999999999999091e+03 4.558004851942499715e-12
6.369999999999999091e+03 5.408886135231249749e-12
6.379999999999999091e+03 3.397969090407500057e-12
6.389999999999999091e+03 1.024472730795937436e-11
6.399999999999999091e+03 1.681317860924625160e-11
6.409999999999999091e+03 2.666317557148437593e-11
6.419999999999999091e+03 2.198385139267187596e-11
6.429999999999999091e+03 1.337528791182499968e-11
6.439999999999999091e+03 7.805429405952499781e-12
6.449999999999999091e+03 4.685307069931249538e-12
6.459999999999999091e+03 6.226633566089999938e-12
6.469999999999999091e+03 9.490088270118750074e-12
6.479999999999999091e+03 2.160448889462500455e-11
6.489999999999999091e+03 2.513142333909374709e-11
6.499999999999999091e+03 2.396616962862499992e-11
6.509999999999999091e+03 2.932825284490500201e-11
6.519999999999999091e+03 4.164451775504999889e-11
6.529999999999999091e+03 5.145165028386250127e-11
6.539999999999999091e+03 4.054335203638125728e-11
6.549999999999999091e+03 2.990083537039811941e-11
6.559999999999999091e+03 3.095835284499562806e-11
6.569999999999999091e+03 3.255513526562499894e-11
6.579999999999999091e+03 3.041546707587500015e-11
6.589999999999999091e+03 2.820004779764375212e-11
6.599999999999999091e+03 1.864888508962500085e-11
6.609999999999999091e+03 4.425558750608625259e-12
6.619999999999999091e+03 5.974255648033749622e-12
6.629999999999999091e+03 9.121093477098751336e-12
6.639999999999999091e+03 4.800988470509000631e-12
6.649999999999999091e+03 0.000000000000000000e+00
6.659999999999999091e+03 2.236194635283875135e-12
6.669999999999999091e+03 1.533061895111250114e-12
6.679999999999999091e+03 3.012694111317187675e-13
6.689999999999999091e+03 3.602865401218999817e-12
6.699999999999999091e+03 5.195057644236250461e-12
6.709999999999999091e+03 5.996279558596251277e-12
6.719999999999999091e+03 5.116501929892500450e-12
6.729999999999999091e+03 6.827994242475000945e-12
6.739999999999999091e+03 9.015602991281251175e-12
6.749999999999999091e+03 4.629057787991875603e-12
6.759999999999999091e+03 4.735803205367500986e-12
6.769999999999999091e+03 1.857089603657750065e-11
6.779999999999999091e+03 1.053380908871812706e-11
6.789999999999999091e+03 1.256656138742812830e-11
6.799999999999999091e+03 6.104045314149999692e-12
6.809999999999999091e+03 2.408009054579187671e-12
6.819999999999999091e+03 1.233841470238125146e-12
6.829999999999999091e+03 5.446412291464375895e-13
6.839999999999999091e+03 5.754440817146875437e-13
6.849999999999999091e+03 5.129699606675000611e-12
6.859999999999999091e+03 9.326015886516876382e-13
6.869999999999999091e+03 1.126142402214375079e-12
6.879999999999999091e+03 2.067879389555000257e-11
6.889999999999999091e+03 5.144672301873124692e-13
6.899999999999999091e+03 2.949070050258500104e-12
6.909999999999999091e+03 0.000000000000000000e+00
6.919999999999999091e+03 2.761840660083749947e-12
6.929999999999999091e+03 1.385941658292625099e-11
6.939999999999999091e+03 1.988002894604999837e-11
6.949999999999999091e+03 2.257586549646749837e-11
6.959999999999999091e+03 1.061464206804749978e-11
6.969999999999999091e+03 7.879076251725000595e-12
6.979999999999999091e+03 1.544162223240000205e-11
6.989999999999999091e+03 1.907434828998125106e-11
6.999999999999999091e+03 2.731921221312500072e-11
7.009999999999999091e+03 2.741349632293125377e-11
7.019999999999999091e+03 4.060477366745625272e-11
7.029999999999999091e+03 1.796250169708750193e-11
7.039999999999999091e+03 8.353458061549998741e-12
7.049999999999999091e+03 7.606523387360625036e-12
7.059999999999999091e+03 5.280285790193750725e-12
7.069999999999999091e+03 5.001743709147499353e-12
7.079999999999999091e+03 2.916097547343750048e-12
7.089999999999999091e+03 2.026242402240000080e-12
7.099999999999999091e+03 2.846755334850000098e-13
7.109999999999999091e+03 1.663102562900625337e-12
7.119999999999999091e+03 0.000000000000000000e+00
7.129999999999999091e+03 0.000000000000000000e+00
7.139999999999999091e+03 0.000000000000000000e+00
7.149999999999999091e+03 6.206577960016874513e-13
7.159999999999999091e+03 0.000000000000000000e+00
7.169999999999999091e+03 8.245198812571874813e-13
7.179999999999999091e+03 1.006593733014187615e-12
7.189999999999999091e+03 1.157609881659437726e-12
7.199999999999999091e+03 9.467992864574998687e-12
7.209999999999999091e+03 1.181932115321999928e-11
7.219999999999999091e+03 9.391111281995625461e-13
7.229999999999999091e+03 4.540646690356875192e-12
7.239999999999999091e+03 2.230782741477500275e-12
7.249999999999999091e+03 2.746765067856250128e-12
7.259999999999999091e+03 6.052940294239999775e-14
7.269999999999999091e+03 1.818398499053062728e-13
7.279999999999999091e+03 4.638205618265624540e-13
7.289999999999999091e+03 2.615088753515000000e-14
7.299999999999999091e+03 2.027906628746250176e-14
7.309999999999999091e+03 1.756779472877625005e-12
7.319999999999999091e+03 4.202707534908751076e-12
7.329999999999999091e+03 0.000000000000000000e+00
7.339999999999999091e+03 3.780301381281250274e-14
7.349999999999999091e+03 0.000000000000000000e+00
7.359999999999999091e+03 2.777817318333750275e-12
7.369999999999999091e+03 6.631846891512500963e-13
7.379999999999999091e+03 1.007370959802375128e-12
7.389999999999999091e+03 6.056878039038751238e-13
7.399999999999999091e+03 2.878637429850000319e-12
7.409999999999999091e+03 9.882723828600001811e-13
7.419999999999999091e+03 0.000000000000000000e+00
7.429999999999999091e+03 4.851096765077500391e-12
7.439999999999999091e+03 2.769691076105624854e-11
7.449999999999999091e+03 4.267956105489999676e-11
7.459999999999999091e+03 2.234690738382375354e-11
7.469999999999999091e+03 2.455092951832500183e-12
7.479999999999999091e+03 6.929119328643750670e-13
7.489999999999999091e+03 0.000000000000000000e+00
7.499999999999999091e+03 0.000000000000000000e+00
7.509999999999999091e+03 7.653925606140625327e-13
7.519999999999999091e+03 0.000000000000000000e+00
7.529999999999999091e+03 2.808690354802500595e-13
7.539999999999999091e+03 1.241381583960000208e-12
7.549999999999999091e+03 0.000000000000000000e+00
7.559999999999999091e+03 2.905332964581250130e-13
7.569999999999999091e+03 2.987009431656249974e-12
7.579999999999999091e+03 0.000000000000000000e+00
7.589999999999999091e+03 6.601673095395000563e-13
7.599999999999999091e+03 2.289571176375000137e-11
7.609999999999999091e+03 2.060780915583250051e-12
7.619999999999999091e+03 2.648017078966875275e-12
7.629999999999999091e+03 4.866202284474562285e-14
7.639999999999999091e+03 0.000000000000000000e+00
7.649999999999999091e+03 0.000000000000000000e+00
7.659999999999999091e+03 0.000000000000000000e+00
7.669999999999999091e+03 3.459536898956249825e-15
7.679999999999998181e+03 0.000000000000000000e+00
7.689999999999998181e+03 0.000000000000000000e+00
7.699999999999998181e+03 7.324031970565626275e-13
7.709999999999998181e+03 9.673960188243749891e-13
7.719999999999998181e+03 0.000000000000000000e+00
7.729999999999998181e+03 2.723868259840000500e-13
7.739999999999998181e+03 3.101485097392500041e-14
7.749999999999998181e+03 0.000000000000000000e+00
7.759999999999998181e+03 1.564842896312500024e-14
7.769999999999998181e+03 9.615102781375000688e-14
7.779999999999998181e+03 0.000000000000000000e+00
7.789999999999998181e+03 4.819906574148749814e-12
7.799999999999998181e+03 4.324849114578125678e-12
7.809999999999998181e+03 7.754990907562500540e-13
7.819999999999998181e+03 1.462471767773625104e-12
7.829999999999998181e+03 8.141907606525001022e-13
7.839999999999998181e+03 2.609191217640000368e-13
7.849999999999998181e+03 0.000000000000000000e+00
7.859999999999998181e+03 2.108115596015624841e-14
7.869999999999998181e+03 3.606188458853750526e-14
7.879999999999998181e+03 1.857269534303750139e-13
7.889999999999998181e+03 4.199779528271250352e-13
7.899999999999998181e+03 0.000000000000000000e+00
7.909999999999998181e+03 2.329386706412500311e-14
7.919999999999998181e+03 2.167044092996999981e-14
7.929999999999998181e+03 0.000000000000000000e+00
7.939999999999998181e+03 0.000000000000000000e+00
7.949999999999998181e+03 1.156898259124562717e-14
7.959999999999998181e+03 7.522449742500001024e-13
7.969999999999998181e+03 4.248929235796875624e-12
7.979999999999998181e+03 6.764368125593750801e-12
7.989999999999998181e+03 1.557216292108749854e-11
7.999999999999998181e+03 3.567154306991624918e-11
8.009999999999998181e+03 2.826283000345730138e-11
8.019999999999998181e+03 1.821503137222297835e-11
8.029999999999998181e+03 2.003031394341741095e-12
8.039999999999998181e+03 2.832328940185507392e-12
8.049999999999998181e+03 9.772045346173861829e-12
8.059999999999998181e+03 0.000000000000000000e+00
8.069999999999998181e+03 1.108072457294056370e-11
8.079999999999998181e+03 1.534712708145681412e-11
8.089999999999998181e+03 2.057130600104173142e-12
8.099999999999998181e+03 0.000000000000000000e+00
8.109999999999998181e+03 0.000000000000000000e+00
8.119999999999998181e+03 2.230367967636695832e-12
8.129999999999998181e+03 1.324874968334793732e-12
8.139999999999998181e+03 2.663650333866031241e-12
8.149999999999998181e+03 5.123989932035314309e-13
8.159999999999998181e+03 0.000000000000000000e+00
8.169999999999998181e+03 2.523312214537640864e-14
8.179999999999998181e+03 0.000000000000000000e+00
8.189999999999998181e+03 5.578741286949114728e-13
8.199999999999998181e+03 0.000000000000000000e+00
8.209999999999998181e+03 0.000000000000000000e+00
8.219999999999998181e+03 0.000000000000000000e+00
8.229999999999998181e+03 5.159728708924447513e-13
8.239999999999998181e+03 3.803669844111131989e-12
8.249999999999998181e+03 2.764018814164812348e-12
8.259999999999998181e+03 8.739307145583391923e-13
8.269999999999998181e+03 3.882844431652449193e-12
8.279999999999998181e+03 2.036606084827845443e-12
8.289999999999998181e+03 0.000000000000000000e+00
8.299999999999998181e+03 5.162668958701998132e-14
8.309999999999998181e+03 0.000000000000000000e+00
8.319999999999998181e+03 9.379647011640921857e-13
8.329999999999998181e+03 1.030370278592004444e-11
8.339999999999998181e+03 8.839330834598662930e-12
8.349999999999998181e+03 1.840010552120369121e-11
8.359999999999998181e+03 1.686641787003160702e-12
8.369999999999998181e+03 4.747794071442176872e-11
8.379999999999998181e+03 1.087049921878418697e-11
8.389999999999998181e+03 5.683451565871689226e-12
8.399999999999998181e+03 0.000000000000000000e+00
8.409999999999998181e+03 6.475300997465217151e-12
8.419999999999998181e+03 3.170402685999280947e-12
8.429999999999998181e+03 1.036047835782921780e-11
8.439999999999998181e+03 0.000000000000000000e+00
8.449999999999998181e+03 0.000000000000000000e+00
8.459999999999998181e+03 0.000000000000000000e+00
8.469999999999998181e+03 1.469582263861298220e-11
8.479999999999998181e+03 7.143318565080811789e-11
8.489999999999998181e+03 6.648231151572490311e-11
8.499999999999998181e+03 0.000000000000000000e+00
8.509999999999998181e+03 1.167185395670692990e-11
8.519999999999998181e+03 0.000000000000000000e+00
8.529999999999998181e+03 0.000000000000000000e+00
8.539999999999998181e+03 0.000000000000000000e+00
8.549999999999998181e+03 5.139012424300746946e-12
8.559999999999998181e+03 7.579153853374147744e-13
8.569999999999998181e+03 0.000000000000000000e+00
8.579999999999998181e+03 0.000000000000000000e+00
8.589999999999998181e+03 0.000000000000000000e+00
8.599999999999998181e+03 4.186325086231332523e-13
8.609999999999998181e+03 5.998974081123609152e-13
8.619999999999998181e+03 1.575719743844785617e-12
8.629999999999998181e+03 6.745627553226944917e-14
8.639999999999998181e+03 0.000000000000000000e+00
8.649999999999998181e+03 1.416516215220336007e-13
8.659999999999998181e+03 4.218982924278450270e-14
8.669999999999998181e+03 3.645779336823541815e-12
8.679999999999998181e+03 0.000000000000000000e+00
8.689999999999998181e+03 0.000000000000000000e+00
8.699999999999998181e+03 0.000000000000000000e+00
8.709999999999998181e+03 0.000000000000000000e+00
8.719999999999998181e+03 1.541985547386024882e-12
8.729999999999998181e+03 0.000000000000000000e+00
8.739999999999998181e+03 5.072088632776485955e-13
8.749999999999998181e+03 1.915506902699188901e-12
8.759999999999998181e+03 6.729866523528768296e-12
8.769999999999998181e+03 9.630636991723616242e-12
8.779999999999998181e+03 1.591110835053266964e-10
8.789999999999998181e+03 3.134153176970123231e-13
8.799999999999998181e+03 8.095041272917794079e-13
8.809999999999998181e+03 6.572247842600544447e-13
8.819999999999998181e+03 1.112279659274792691e-13
8.829999999999998181e+03 0.000000000000000000e+00
8.839999999999998181e+03 8.851686661236249840e-14
8.849999999999998181e+03 0.000000000000000000e+00
8.859999999999998181e+03 5.568124682771978522e-15
8.869999999999998181e+03 7.360921822137903945e-15
8.879999999999998181e+03 9.240200991031171727e-16
8.889999999999998181e+03 0.000000000000000000e+00
8.899999999999998181e+03 0.000000000000000000e+00
8.909999999999998181e+03 0.000000000000000000e+00
8.919999999999998181e+03 0.000000000000000000e+00
8.929999999999998181e+03 2.940860249152697301e-15
8.939999999999998181e+03 8.008963330518050502e-17
8.949999999999998181e+03 0.000000000000000000e+00
8.959999999999998181e+03 1.110701161363836296e-13
8.969999999999998181e+03 0.000000000000000000e+00
8.979999999999998181e+03 2.487272407799958882e-16
8.989999999999998181e+03 4.998308309120762524e-15
8.999999999999998181e+03 0.000000000000000000e+00
9.009999999999998181e+03 0.000000000000000000e+00
9.019999999999998181e+03 1.642059978351036251e-13
9.029999999999998181e+03 4.428369775665934301e-14
9.039999999999998181e+03 4.492331403505335975e-13
9.049999999999998181e+03 7.237231243435948805e-13
9.059999999999998181e+03 3.016426715962486079e-13
9.069999999999998181e+03 2.404305003191704083e-12
9.079999999999998181e+03 3.665353318514568590e-11
9.089999999999998181e+03 2.179676966656561617e-09
9.099999999999998181e+03 3.892929982568006568e-11
9.109999999999998181e+03 5.915454942660188926e-11
9.119999999999998181e+03 4.601909827244437086e-11
9.129999999999998181e+03 4.621777562960355181e-11
9.139999999999998181e+03 7.414984473756401777e-11
9.149999999999998181e+03 1.722875183891642660e-10
9.159999999999998181e+03 3.713359565538055875e-10
9.169999999999998181e+03 8.403027485009173588e-10
9.179999999999998181e+03 1.960553159738148772e-09
9.189999999999998181e+03 4.409965315656519747e-09
9.199999999999998181e+03 1.098117568933538762e-08
9.209999999999998181e+03 2.776269924565706300e-08
9.219999999999998181e+03 6.727838155579457259e-08
9.229999999999998181e+03 1.622471374585926151e-07
9.239999999999998181e+03 3.925488862820222537e-07
9.249999999999998181e+03 9.331775908806612554e-07
9.259999999999998181e+03 2.202261716070282670e-06
9.269999999999998181e+03 5.139825032627052210e-06
9.279999999999998181e+03 1.209811556569940005e-05
9.289999999999998181e+03 2.774742838525854794e-05
9.299999999999998181e+03 6.430781910599244443e-05
9.309999999999998181e+03 1.517300316518921930e-04
9.319999999999998181e+03 3.346610416946729826e-04
9.329999999999998181e+03 5.581127925048395702e-04
9.339999999999998181e+03 6.033414987291209038e-04
9.349999999999998181e+03 5.346940436326025770e-04
9.359999999999998181e+03 4.826812999767667294e-04
9.369999999999998181e+03 4.715511369080361355e-04
9.379999999999998181e+03 4.996036754150088004e-04
9.389999999999998181e+03 5.730307886477521186e-04
9.399999999999998181e+03 7.048055443350353510e-04
9.409999999999998181e+03 9.350111806726670634e-04
9.419999999999998181e+03 1.315924146028912486e-03
9.429999999999998181e+03 1.959703847145727405e-03
9.439999999999998181e+03 3.100873902106720571e-03
9.449999999999998181e+03 5.267980137424473942e-03
9.459999999999998181e+03 9.584497018901655396e-03
9.469999999999998181e+03 1.900876221884465617e-02
9.479999999999998181e+03 4.039383402293078573e-02
9.489999999999998181e+03 9.034495614452114909e-02
9.499999999999998181e+03 2.006494471099669052e-01
9.509999999999998181e+03 3.678924519151622885e-01
9.519999999999998181e+03 4.850208736853449665e-01
9.529999999999998181e+03 5.133991665878003818e-01
9.539999999999998181e+03 5.139787348777872245e-01
9.549999999999998181e+03 5.157168405979710712e-01
9.559999999999998181e+03 5.162774565796148796e-01
9.569999999999998181e+03 5.195812392527144885e-01
9.579999999999998181e+03 5.185841667488929607e-01
9.589999999999998181e+03 5.170135987479810291e-01
9.599999999999998181e+03 5.178066164581702768e-01
9.609999999999998181e+03 5.158278776655135234e-01
9.619999999999998181e+03 5.194010362307747153e-01
9.629999999999998181e+03 5.247131120622667844e-01
9.639999999999998181e+03 5.274955094912188169e-01
9.649999999999998181e+03 5.293148021046772955e-01
9.659999999999998181e+03 5.242121295157907701e-01
9.669999999999998181e+03 5.245408849811544760e-01
9.679999999999998181e+03 5.255949926187611920e-01
9.689999999999998181e+03 5.265902459653227785e-01
9.699999999999998181e+03 5.268219719629859688e-01
9.709999999999998181e+03 5.279028853846351454e-01
9.719999999999998181e+03 5.276599862035589172e-01
9.729999999999998181e+03 5.279608908719188864e-01
9.739999999999998181e+03 5.275953956874805950e-01
9.749999999999998181e+03 5.305745457691175559e-01
9.759999999999998181e+03 5.299073253759716273e-01
9.769999999999998181e+03 5.293791970757898424e-01
9.779999999999998181e+03 5.290284494012231775e-01
9.789999999999998181e+03 5.296157676263451020e-01
9.799999999999998181e+03 5.303903869338661980e-01
9.809999999999998181e+03 5.327413870942792062e-01
9.819999999999998181e+03 5.296488901522040660e-01
9.829999999999998181e+03 5.290503181321747350e-01
9.839999999999998181e+03 5.317464109594615129e-01
9.849999999999998181e+03 5.324991840564028411e-01
9.859999999999998181e+03 5.291436600083724295e-01
9.869999999999998181e+03 5.282941853703810864e-01
9.879999999999998181e+03 5.277051748594696612e-01
9.889999999999998181e+03 5.299560904122688765e-01
9.899999999999998181e+03 5.309485534043033583e-01
9.909999999999998181e+03 5.317115141451780325e-01
9.919999999999998181e+03 5.341771008812388200e-01
9.929999999999998181e+03 5.335028398923953308e-01
9.939999999999998181e+03 5.326168754118875137e-01
9.949999999999998181e+03 5.326985354903244207e-01
9.959999999999998181e+03 5.316731788617738985e-01
9.969999999999998181e+03 5.299233610271247841e-01
9.979999999999998181e+03 5.333384162765046899e-01
9.989999999999998181e+03 5.316614266598039817e-01
9.999999999999998181e+03 5.315886007086847442e-01
1.000999999999999818e+04 5.336023067670498943e-01
1.001999999999999818e+04 5.350497299975094379e-01
1.002999999999999818e+04 5.383371051038050581e-01
1.003999999999999818e+04 5.382617354231123974e-01
1.004999999999999818e+04 5.395468801538424453e-01
1.005999999999999818e+04 5.381302043094109422e-01
1.006999999999999818e+04 5.383339594800645722e-01
1.007999999999999818e+04 5.376518530899118131e-01
1.008999999999999818e+04 5.401007320564268355e-01
1.009999999999999818e+04 5.393139783537889143e-01
1.010999999999999818e+04 5.399496163461016129e-01
1.011999999999999818e+04 5.383941207433280418e-01
1.012999999999999818e+04 5.381623890689796186e-01
1.013999999999999818e+04 5.404742573695270336e-01
1.014999999999999818e+04 5.414903101147366948e-01
1.015999999999999818e+04 5.443151809533566254e-01
1.016999999999999818e+04 5.447983064946433363e-01
1.017999999999999818e+04 5.447054742098876856e-01
1.018999999999999818e+04 5.427287553844140078e-01
1.019999999999999818e+04 5.400521871767834936e-01
1.020999999999999818e+04 5.417828525396397588e-01
1.021999999999999818e+04 5.413470905548501966e-01
1.022999999999999818e+04 5.383202463819084516e-01
1.023999999999999818e+04 5.376545961018848185e-01
1.024999999999999818e+04 5.409842400019637676e-01
1.025999999999999818e+04 5.420625661955399410e-01
1.026999999999999818e+04 5.416808963018806544e-01
1.027999999999999818e+04 5.413223109287784718e-01
1.028999999999999818e+04 5.409380831998197303e-01
1.029999999999999818e+04 5.410034612010818922e-01
1.030999999999999818e+04 5.411835096223398534e-01
1.031999999999999818e+04 5.406124310744833128e-01
1.032999999999999818e+04 5.412322022942916977e-01
1.033999999999999818e+04 5.397813171807970267e-01
1.034999999999999818e+04 5.379700087463777924e-01
1.035999999999999818e+04 5.382473319842863146e-01
1.036999999999999818e+04 5.374191367850363887e-01
1.037999999999999818e+04 5.383928305543090875e-01
1.038999999999999818e+04 5.390599171831843561e-01
1.039999999999999818e+04 5.412710020293562962e-01
1.040999999999999818e+04 5.395906700436199355e-01
1.041999999999999818e+04 5.399183821693939178e-01
1.042999999999999818e+04 5.426666226009718708e-01
1.043999999999999818e+04 5.433577353854671665e-01
1.044999999999999818e+04 5.408361364664311388e-01
1.045999999999999818e+04 5.392302772093459096e-01
1.046999999999999818e+04 5.393023145482794822e-01
1.047999999999999818e+04 5.387365235609163916e-01
1.048999999999999818e+04 5.387311050108510857e-01
1.049999999999999818e+04 5.371436579422721458e-01
1.050999999999999818e+04 5.400121821941178402e-01
1.051999999999999818e+04 5.399176958312554842e-01
1.052999999999999818e+04 5.380834482324456935e-01
1.053999999999999818e+04 5.381947241551611194e-01
1.054999999999999818e+04 5.387284488627166468e-01
1.055999999999999818e+04 5.394611421374635452e-01
1.056999999999999818e+04 5.395377011879786133e-01
1.057999999999999818e+04 5.371753735295163867e-01
1.058999999999999818e+04 5.384543080084820410e-01
1.059999999999999818e+04 5.387799139665579995e-01
1.060999999999999818e+04 5.390748989950640002e-01
1.061999999999999818e+04 5.346155943422421508e-01
1.062999999999999818e+04 5.342583785386760820e-01
1.063999999999999818e+04 5.340310329473160200e-01
1.064999999999999818e+04 5.356186869269153883e-01
1.065999999999999818e+04 5.338415762436210521e-01
1.066999999999999818e+04 5.358803356939974005e-01
1.067999999999999818e+04 5.353406691601609868e-01
1.068999999999999818e+04 5.363089109987708714e-01
1.069999999999999818e+04 5.368006207181180711e-01
1.070999999999999818e+04 5.388082235792405195e-01
1.071999999999999818e+04 5.416995755731129902e-01
1.072999999999999818e+04 5.389070864644754932e-01
1.073999999999999818e+04 5.389432821611833679e-01
1.074999999999999818e+04 5.410009425437504182e-01
1.075999999999999818e+04 5.389086462263098509e-01
1.076999999999999818e+04 5.374685331457544901e-01
1.077999999999999818e+04 5.383398638539990122e-01
1.078999999999999818e+04 5.382356286347145247e-01
1.079999999999999818e+04 5.390259579269491841e-01
1.080999999999999818e+04 5.392508676252778521e-01
1.081999999999999818e+04 5.427791153541081659e-01
1.082999999999999818e+04 5.421775610147069324e-01
1.083999999999999818e+04 5.420852475665822734e-01
1.084999999999999818e+04 5.422066087156559577e-01
1.085999999999999818e+04 5.424557963071786615e-01
1.086999999999999818e+04 5.421914990675087420e-01
1.087999999999999818e+04 5.406198498713972178e-01
1.088999999999999818e+04 5.410504496398653718e-01
1.089999999999999818e+04 5.406109719424087023e-01
1.090999999999999818e+04 5.430416473130206256e-01
1.091999999999999818e+04 5.403851564466706225e-01
1.092999999999999818e+04 5.416530008888237324e-01
1.093999999999999818e+04 5.405740604545571371e-01
1.094999999999999818e+04 5.384305696426733290e-01
1.095999999999999818e+04 5.406906752228927138e-01
1.096999999999999818e+04 5.414665723451498325e-01
1.097999999999999818e+04 5.426615355631277948e-01
1.098999999999999818e+04 5.438967948234013638e-01
1.099999999999999818e+04 5.421444296109638739e-01
1.100999999999999818e+04 5.416248240727757901e-01
1.101999999999999818e+04 5.416140769673065680e-01
1.102999999999999818e+04 5.413151418811396054e-01
1.103999999999999818e+04 5.400418965525390913e-01
1.104999999999999818e+04 5.396392268157406136e-01
1.105999999999999818e+04 5.381771364146860082e-01
1.106999999999999818e+04 5.376267585630264412e-01
1.107999999999999818e+04 5.372427444024133747e-01
1.108999999999999818e+04 5.377648396004346409e-01
1.109999999999999818e+04 5.369314129104126865e-01
1.110999999999999818e+04 5.375797495533203296e-01
1.111999999999999818e+04 5.381711428111152218e-01
1.112999999999999818e+04 5.395167307503685450e-01
1.113999999999999818e+04 5.404809750514402156e-01
1.114999999999999818e+04 5.410462902236791161e-01
1.115999999999999818e+04 5.419736749061316861e-01
1.116999999999999818e+04 5.429561984967956612e-01
1.117999999999999818e+04 5.428518127026344953e-01
1.118999999999999818e+04 5.427569788188595368e-01
1.119999999999999818e+04 5.428699164760910634e-01
1.120999999999999818e+04 5.426156839923071962e-01
1.121999999999999818e+04 5.417641189118898026e-01
1.122999999999999818e+04 5.415073174703982639e-01
1.123999999999999818e+04 5.411097259256927305e-01
1.124999999999999818e+04 5.421206312702768759e-01
1.125999999999999818e+04 5.426131658630886090e-01
1.126999999999999818e+04 5.432990850163278429e-01
1.127999999999999818e+04 5.434563471763779186e-01
1.128999999999999818e+04 5.446435992569392814e-01
1.129999999999999818e+04 5.453151485937441922e-01
1.130999999999999818e+04 5.460783988267384759e-01
1.131999999999999818e+04 5.473919768412238707e-01
1.132999999999999818e+04 5.491714028971013128e-01
1.133999999999999818e+04 5.478161525162665857e-01
1.134999999999999818e+04 5.483773119698817089e-01
1.135999999999999818e+04 5.484843678639804709e-01
1.136999999999999818e+04 5.480284118296739893e-01
1.137999999999999818e+04 5.484060017184062552e-01
1.138999999999999818e+04 5.483201358780892543e-01
1.139999999999999818e+04 5.477704166075627601e-01
1.140999999999999818e+04 5.483492376257296241e-01
1.141999999999999818e+04 5.488979899301834608e-01
1.142999999999999818e+04 5.486819932079097795e-01
1.143999999999999818e+04 5.497358659165173522e-01
1.144999999999999818e+04 5.499791291831365170e-01
1.145999999999999818e+04 5.513095652734834040e-01
1.146999999999999818e+04 5.519421727476256923e-01
1.147999999999999818e+04 5.527713928660398235e-01
1.148999999999999818e+04 5.532341748292809447e-01
1.149999999999999818e+04 5.533801135050369080e-01
1.150999999999999818e+04 5.549042953518074084e-01
1.151999999999999818e+04 5.546343353995176750e-01
1.152999999999999818e+04 5.549835005757420836e-01
1.153999999999999818e+04 5.551841862288108276e-01
1.154999999999999818e+04 5.552214274193164600e-01
1.155999999999999818e+04 5.554316956785276815e-01
1.156999999999999818e+04 5.554957113526999279e-01
1.157999999999999818e+04 5.566167855089345640e-01
1.158999999999999818e+04 5.567929426350999300e-01
1.159999999999999818e+04 5.574367026713948903e-01
1.160999999999999818e+04 5.577846959956798134e-01
1.161999999999999818e+04 5.579589359171333030e-01
1.162999999999999818e+04 5.584562088252269518e-01
1.163999999999999818e+04 5.590679691705805476e-01
1.164999999999999818e+04 5.588356015060150783e-01
1.165999999999999818e+04 5.593944551985521318e-01
1.166999999999999818e+04 5.594941529368030464e-01
1.167999999999999818e+04 5.599029603729807070e-01
1.168999999999999818e+04 5.596252358637500146e-01
1.169999999999999818e+04 5.596664880541148968e-01
1.170999999999999818e+04 5.599179261238389493e-01
1.171999999999999818e+04 5.597877940305474587e-01
1.172999999999999818e+04 5.599161209324544641e-01
1.173999999999999818e+04 5.604762288664572045e-01
1.174999999999999818e+04 5.612660134814277946e-01
1.175999999999999818e+04 5.610929405000283365e-01
1.176999999999999818e+04 5.604860660941267669e-01
1.177999999999999818e+04 5.605543794473376584e-01
1.178999999999999818e+04 5.605369680710512448e-01
1.179999999999999818e+04 5.606285973605542594e-01
1.180999999999999818e+04 5.604631371600120593e-01
1.181999999999999818e+04 5.597705044849751177e-01
1.182999999999999818e+04 5.598346273098524506e-01
1.183999999999999818e+04 5.598165035424866876e-01
1.184999999999999818e+04 5.603171622365176185e-01
1.185999999999999818e+04 5.608732387161348143e-01
1.186999999999999818e+04 5.616893256888857433e-01
1.187999999999999818e+04 5.616974110427007671e-01
1.188999999999999818e+04 5.623429216879505255e-01
1.189999999999999818e+04 5.627394775803762350e-01
1.190999999999999818e+04 5.631280259747739603e-01
1.191999999999999818e+04 5.633309646097168777e-01
1.192999999999999818e+04 5.629559342765975138e-01
1.193999999999999818e+04 5.626824999014582440e-01
1.194999999999999818e+04 5.622220814228079400e-01
1.195999999999999818e+04 5.618910258179720119e-01
1.196999999999999818e+04 5.624529282320996915e-01
1.197999999999999818e+04 5.630051294515455718e-01
1.198999999999999818e+04 5.642392606086124029e-01
1.199999999999999818e+04 5.657821021791382687e-01
1.200999999999999818e+04 5.669166145911713750e-01
1.201999999999999818e+04 5.679037477682659096e-01
1.202999999999999818e+04 5.691036401480401574e-01
1.203999999999999818e+04 5.698232853520253105e-01
1.204999999999999818e+04 5.706718623171332938e-01
1.205999999999999818e+04 5.705136563411620232e-01
1.206999999999999818e+04 5.701445611269282399e-01
1.207999999999999818e+04 5.712568731478829820e-01
1.208999999999999818e+04 5.724682724196753503e-01
1.209999999999999818e+04 5.738854603494966122e-01
1.210999999999999818e+04 5.742769152925198961e-01
1.211999999999999818e+04 5.694921718907305364e-01
1.212999999999999818e+04 5.535919308510760528e-01
1.213999999999999818e+04 5.178070157395621154e-01
1.214999999999999818e+04 4.585152772396320353e-01
1.215999999999999818e+04 3.797877993356742476e-01
1.216999999999999818e+04 2.948996331196994669e-01
1.217999999999999818e+04 2.181833403468125265e-01
1.218999999999999818e+04 1.565859948362821330e-01
1.219999999999999818e+04 1.112309574155447983e-01
1.220999999999999818e+04 7.912976326278838013e-02
1.221999999999999818e+04 5.684395358033119544e-02
1.222999999999999818e+04 4.142188738291849998e-02
1.223999999999999818e+04 3.071813441046835139e-02
1.224999999999999818e+04 2.316551349423691744e-02
1.225999999999999818e+04 1.774558438433887497e-02
1.226999999999999818e+04 1.381971080413719154e-02
1.227999999999999818e+04 1.093394453315780709e-02
1.228999999999999818e+04 8.774514285700084001e-03
1.229999999999999818e+04 7.143590729939650399e-03
1.230999999999999818e+04 5.891073682723665071e-03
1.231999999999999818e+04 4.911219620847873633e-03
1.232999999999999818e+04 4.139978683808873995e-03
1.233999999999999818e+04 3.522785850654072855e-03
1.234999999999999818e+04 3.024397301989201724e-03
1.235999999999999818e+04 2.611285646469803552e-03
1.236999999999999818e+04 2.268659803821660402e-03
1.237999999999999818e+04 1.979463026177848833e-03
1.238999999999999818e+04 1.731833754832077382e-03
1.239999999999999818e+04 1.518011375616502845e-03
1.240999999999999818e+04 1.331707975236634620e-03
1.241999999999999818e+04 1.166134630273378721e-03
1.242999999999999818e+04 1.018753235171123090e-03
1.243999999999999818e+04 8.875294137513843563e-04
1.244999999999999818e+04 7.711525590987726962e-04
1.245999999999999818e+04 6.684629878916958402e-04
1.246999999999999818e+04 5.776016347904377318e-04
1.247999999999999818e+04 4.979347563752906406e-04
1.248999999999999818e+04 4.293465290184370672e-04
1.249999999999999818e+04 3.698143743708367875e-04
1.250999999999999818e+04 3.188228128286979221e-04
1.251999999999999818e+04 2.754556706561342222e-04
1.252999999999999818e+04 2.389471630766260837e-04
1.253999999999999818e+04 2.078395030656173480e-04
1.254999999999999818e+04 1.815030423457413748e-04
1.255999999999999818e+04 1.595614571236029806e-04
1.256999999999999818e+04 1.410139302961969563e-04
1.257999999999999818e+04 1.253520747998097264e-04
1.258999999999999818e+04 1.121882656720425426e-04
1.259999999999999818e+04 1.008981094483856660e-04
1.260999999999999818e+04 9.159391544642999392e-05
1.261999999999999818e+04 8.372784294270629759e-05
1.262999999999999818e+04 7.710785009177882252e-05
1.263999999999999818e+04 7.160865053190485689e-05
1.264999999999999818e+04 6.685601155737616163e-05
1.265999999999999818e+04 6.301048006177681099e-05
1.266999999999999818e+04 5.986142124820533264e-05
1.267999999999999818e+04 5.733504260867168983e-05
1.268999999999999818e+04 5.537601810833201295e-05
1.269999999999999818e+04 5.388958935127815956e-05
1.270999999999999818e+04 5.292242748333425941e-05
1.271999999999999818e+04 5.233999317294012410e-05
1.272999999999999818e+04 5.222932919782794398e-05
1.273999999999999818e+04 5.257451473302201557e-05
1.274999999999999818e+04 5.336719830133948664e-05
1.275999999999999818e+04 5.458997687250299603e-05
1.276999999999999818e+04 5.632220891199185938e-05
1.277999999999999818e+04 5.867947752355081730e-05
1.278999999999999818e+04 6.161375963653730186e-05
1.279999999999999818e+04 6.518690427666795910e-05
1.280999999999999818e+04 6.962310253458818153e-05
1.281999999999999818e+04 7.478835952527500535e-05
1.282999999999999818e+04 8.087754489722130257e-05
1.283999999999999818e+04 8.791694455445842841e-05
1.284999999999999818e+04 9.581929645714274140e-05
1.285999999999999818e+04 1.046197164399408162e-04
1.286999999999999818e+04 1.140646061383393338e-04
1.287999999999999818e+04 1.238387697339117847e-04
1.288999999999999818e+04 1.332688201828282281e-04
1.289999999999999818e+04 1.415797266729970790e-04
1.290999999999999818e+04 1.482596320124783269e-04
1.291999999999999818e+04 1.528701263722150657e-04
1.292999999999999818e+04 1.548783167404219529e-04
1.293999999999999818e+04 1.543847854447946038e-04
1.294999999999999818e+04 1.514935406498814396e-04
1.295999999999999818e+04 1.473931196087842788e-04
1.296999999999999818e+04 1.422882970206882812e-04
1.297999999999999818e+04 1.371858453120278491e-04
1.298999999999999818e+04 1.321292247383285955e-04
1.299999999999999818e+04 1.279267236114188533e-04
1.300999999999999818e+04 1.242593390893074047e-04
1.301999999999999818e+04 1.218627300136738799e-04
1.302999999999999818e+04 1.205004084565362415e-04
1.303999999999999818e+04 1.203362786995915704e-04
1.304999999999999818e+04 1.212768433792450447e-04
1.305999999999999818e+04 1.237789317606810687e-04
1.306999999999999818e+04 1.275821457216988128e-04
1.307999999999999818e+04 1.328116496390386756e-04
1.308999999999999818e+04 1.397576760427261507e-04
1.309999999999999818e+04 1.485261869675214962e-04
1.310999999999999818e+04 1.592297829506057326e-04
1.311999999999999818e+04 1.716604316580732379e-04
1.312999999999999818e+04 1.853800493862783688e-04
1.313999999999999818e+04 1.999991535863025239e-04
1.314999999999999818e+04 2.143558960689253081e-04
1.315999999999999818e+04 2.266138316360577823e-04
1.316999999999999818e+04 2.351045428551364709e-04
1.317999999999999818e+04 2.376487787472503861e-04
1.318999999999999818e+04 2.336828461360523131e-04
1.319999999999999818e+04 2.234033366404505980e-04
1.320999999999999818e+04 2.087039395549335262e-04
1.321999999999999818e+04 1.915558124419345200e-04
1.322999999999999818e+04 1.738360813374328765e-04
1.323999999999999818e+04 1.568090389663058992e-04
1.324999999999999818e+04 1.415837437848465686e-04
1.325999999999999818e+04 1.280997490852746118e-04
1.326999999999999818e+04 1.166774113911612571e-04
1.327999999999999818e+04 1.073116056670801857e-04
1.328999999999999818e+04 9.935383187504796788e-05
1.329999999999999818e+04 9.303471212362159060e-05
1.330999999999999818e+04 8.803436822455867775e-05
1.331999999999999818e+04 8.419722160224517391e-05
1.332999999999999818e+04 8.132245025760391130e-05
1.333999999999999818e+04 7.944121847551410191e-05
1.334999999999999818e+04 7.836482145263846553e-05
1.335999999999999818e+04 7.818731330801843371e-05
1.336999999999999818e+04 7.866144673115586317e-05
1.337999999999999818e+04 8.000812851056081886e-05
1.338999999999999818e+04 8.214476636615414913e-05
1.339999999999999818e+04 8.505834860420957017e-05
1.340999999999999818e+04 8.882073661732741723e-05
1.341999999999999818e+04 9.363980559654103001e-05
1.342999999999999818e+04 9.930713342438700689e-05
1.343999999999999818e+04 1.058898167845115287e-04
1.344999999999999818e+04 1.135850159580494072e-04
1.345999999999999818e+04 1.219610899552996450e-04
1.346999999999999818e+04 1.313588309103200528e-04
1.347999999999999818e+04 1.409562835510576307e-04
1.348999999999999818e+04 1.509501764079544976e-04
1.349999999999999818e+04 1.604020663225253526e-04
1.350999999999999818e+04 1.690061665604552349e-04
1.351999999999999818e+04 1.758858972732050912e-04
1.352999999999999818e+04 1.808743024766791508e-04
1.353999999999999818e+04 1.836255737187908769e-04
1.354999999999999818e+04 1.839103601436326008e-04
1.355999999999999818e+04 1.822019824182447901e-04
1.356999999999999818e+04 1.791553022643460006e-04
1.357999999999999818e+04 1.749527842666964543e-04
1.358999999999999818e+04 1.701775500445421203e-04
1.359999999999999818e+04 1.655292950049205370e-04
1.360999999999999818e+04 1.605625563036104078e-04
1.361999999999999818e+04 1.565585465054018333e-04
1.362999999999999818e+04 1.526472291597223978e-04
1.363999999999999818e+04 1.496543749674127653e-04
1.364999999999999818e+04 1.470357046284653888e-04
1.365999999999999818e+04 1.452163094653437995e-04
1.366999999999999818e+04 1.437254513871006137e-04
1.367999999999999818e+04 1.427519068101086000e-04
1.368999999999999818e+04 1.420244649993696105e-04
1.369999999999999818e+04 1.411673433757810819e-04
1.370999999999999818e+04 1.403397595075242142e-04
1.371999999999999818e+04 1.392734371245845553e-04
1.372999999999999818e+04 1.381246122410930495e-04
1.373999999999999818e+04 1.362568877625110642e-04
1.374999999999999818e+04 1.342336991133908362e-04
1.375999999999999818e+04 1.319839270515435091e-04
1.376999999999999818e+04 1.293815124772178617e-04
1.377999999999999818e+04 1.266439968437395119e-04
1.378999999999999818e+04 1.237701547726702549e-04
1.379999999999999818e+04 1.209393958321836152e-04
1.380999999999999818e+04 1.181276411274276934e-04
1.381999999999999818e+04 1.154941964792469914e-04
1.382999999999999818e+04 1.131412847065949625e-04
1.383999999999999818e+04 1.111822550533495143e-04
1.384999999999999818e+04 1.096082246138515372e-04
1.385999999999999818e+04 1.084091239957035279e-04
1.386999999999999818e+04 1.076775347494075212e-04
1.387999999999999818e+04 1.074699842971283385e-04
1.388999999999999818e+04 1.078639642008250921e-04
1.389999999999999818e+04 1.085953771166972852e-04
1.390999999999999818e+04 1.102063069340921916e-04
1.391999999999999818e+04 1.123785738011214859e-04
1.392999999999999818e+04 1.150271482213855860e-04
1.393999999999999818e+04 1.184759954788783184e-04
1.394999999999999818e+04 1.225632647117126043e-04
1.395999999999999818e+04 1.272307017931280186e-04
1.396999999999999818e+04 1.325119606467697658e-04
1.397999999999999818e+04 1.382324876143164246e-04
1.398999999999999818e+04 1.443201024406785533e-04
1.399999999999999818e+04 1.504908650636661036e-04
1.400999999999999818e+04 1.563720669058415167e-04
1.401999999999999818e+04 1.616418591005353597e-04
1.402999999999999818e+04 1.660353539012939363e-04
1.403999999999999818e+04 1.692545616674357898e-04
1.404999999999999818e+04 1.704945079926025841e-04
1.405999999999999818e+04 1.700357945811218946e-04
1.406999999999999818e+04 1.680662779760164725e-04
1.407999999999999818e+04 1.645704061120535503e-04
1.408999999999999818e+04 1.596741441467782840e-04
1.409999999999999818e+04 1.540507947776737722e-04
1.410999999999999818e+04 1.480232757576797138e-04
1.411999999999999818e+04 1.419077902701102378e-04
1.412999999999999818e+04 1.360836216382450619e-04
1.413999999999999818e+04 1.306022133732723191e-04
1.414999999999999818e+04 1.258684250486994251e-04
1.415999999999999818e+04 1.217203786673774632e-04
1.416999999999999818e+04 1.184096874745240694e-04
1.417999999999999818e+04 1.159206910414820139e-04
1.418999999999999818e+04 1.141835556413426164e-04
1.419999999999999818e+04 1.131868071774669120e-04
1.420999999999999818e+04 1.130006942859785441e-04
1.421999999999999818e+04 1.137481818008831544e-04
1.422999999999999818e+04 1.152369535550893330e-04
1.423999999999999818e+04 1.177958175644107630e-04
1.424999999999999818e+04 1.211967584278079388e-04
1.425999999999999818e+04 1.257520953938480110e-04
1.426999999999999818e+04 1.310980612833454611e-04
1.427999999999999818e+04 1.372624331548010098e-04
1.428999999999999818e+04 1.444845269410729234e-04
1.429999999999999818e+04 1.522521125352396094e-04
1.430999999999999818e+04 1.608182972128647430e-04
1.431999999999999818e+04 1.693283803330952882e-04
1.432999999999999818e+04 1.775668845556034473e-04
1.433999999999999818e+04 1.849900327385203933e-04
1.434999999999999818e+04 1.904563473412022217e-04
1.435999999999999818e+04 1.939537419967054968e-04
1.436999999999999818e+04 1.946512071852676438e-04
1.437999999999999818e+04 1.923507591716554308e-04
1.438999999999999818e+04 1.875204635759576167e-04
1.439999999999999818e+04 1.806186081151411264e-04
1.440999999999999818e+04 1.719616976206210632e-04
1.441999999999999818e+04 1.627876899924246719e-04
1.442999999999999818e+04 1.533016138794626726e-04
1.443999999999999818e+04 1.440850220165119998e-04
1.444999999999999818e+04 1.354348445510616852e-04
1.445999999999999818e+04 1.276472166552065717e-04
1.446999999999999818e+04 1.208730773052540692e-04
1.447999999999999818e+04 1.149383780322824013e-04
1.448999999999999818e+04 1.099284450405208424e-04
1.449999999999999818e+04 1.057985213209476660e-04
1.450999999999999818e+04 1.026091820596377441e-04
1.451999999999999818e+04 1.001769639869796075e-04
1.452999999999999818e+04 9.864761056282042822e-05
1.453999999999999818e+04 9.780475949354649156e-05
1.454999999999999818e+04 9.760286237341493859e-05
1.455999999999999818e+04 9.817208732722832885e-05
1.456999999999999818e+04 9.944930359996129524e-05
1.457999999999999818e+04 1.014730328326466177e-04
1.458999999999999818e+04 1.041954276240551178e-04
1.459999999999999818e+04 1.076289648600717020e-04
1.460999999999999818e+04 1.116748805674139499e-04
1.461999999999999818e+04 1.165320488208179412e-04
1.462999999999999818e+04 1.219840914440937282e-04
1.463999999999999818e+04 1.279954933048211153e-04
1.464999999999999818e+04 1.342262483978032880e-04
1.465999999999999818e+04 1.408359702530538604e-04
1.466999999999999818e+04 1.473860590832305783e-04
1.467999999999999818e+04 1.535282063910732293e-04
1.468999999999999818e+04 1.588286914432221952e-04
1.469999999999999818e+04 1.631276940078365493e-04
1.470999999999999818e+04 1.658544247064466348e-04
1.471999999999999818e+04 1.673001267975694067e-04
1.472999999999999818e+04 1.669490188679574930e-04
1.473999999999999818e+04 1.649932898533888737e-04
1.474999999999999818e+04 1.619628382055902016e-04
1.475999999999999818e+04 1.580118150075442564e-04
1.476999999999999818e+04 1.533243222177556623e-04
1.477999999999999818e+04 1.483196201761477961e-04
1.478999999999999818e+04 1.432162791083183180e-04
1.479999999999999818e+04 1.385715325363199853e-04
1.480999999999999818e+04 1.343492694991068389e-04
1.481999999999999818e+04 1.306171629784916234e-04
1.482999999999999818e+04 1.276373450026918588e-04
1.483999999999999818e+04 1.253946090760248307e-04
1.484999999999999818e+04 1.234738361699533749e-04
1.485999999999999818e+04 1.225078233180979404e-04
1.486999999999999818e+04 1.222264790774826458e-04
1.487999999999999818e+04 1.227209055871801048e-04
1.488999999999999818e+04 1.239689416392097921e-04
1.489999999999999818e+04 1.259626343580186672e-04
1.490999999999999818e+04 1.288686721791751410e-04
1.491999999999999818e+04 1.321925882577627842e-04
1.492999999999999818e+04 1.364837507718608730e-04
1.493999999999999818e+04 1.414427741854180356e-04
1.494999999999999818e+04 1.470428184728133747e-04
1.495999999999999818e+04 1.529416623410848085e-04
1.496999999999999818e+04 1.591588114626799381e-04
1.497999999999999818e+04 1.652582019566744696e-04
1.498999999999999818e+04 1.712835723576953571e-04
1.499999999999999818e+04 1.764549511551420495e-04
1.500999999999999818e+04 1.808388146829818615e-04
1.501999999999999818e+04 1.836193334131107238e-04
1.502999999999999818e+04 1.847393705087197141e-04
1.503999999999999818e+04 1.839687571326486073e-04
1.504999999999999818e+04 1.814497582074748629e-04
1.505999999999999818e+04 1.775567652531425029e-04
1.506999999999999818e+04 1.721605163696133872e-04
1.507999999999999818e+04 1.660171294500540219e-04
1.508999999999999818e+04 1.592422842630150952e-04
1.509999999999999818e+04 1.524445488147845582e-04
1.510999999999999818e+04 1.457306864221182040e-04
1.511999999999999818e+04 1.393925091839764866e-04
1.512999999999999818e+04 1.337226874174457655e-04
1.513999999999999818e+04 1.284860894100851598e-04
1.514999999999999818e+04 1.239081996235215095e-04
1.515999999999999818e+04 1.202325119952411223e-04
1.516999999999999818e+04 1.172066015377115985e-04
1.517999999999999818e+04 1.148697738266993610e-04
1.518999999999999818e+04 1.133067227385710466e-04
1.519999999999999818e+04 1.123106390338466726e-04
1.520999999999999818e+04 1.120478103240253614e-04
1.521999999999999818e+04 1.127930660857628410e-04
1.522999999999999818e+04 1.139510986137368126e-04
1.523999999999999818e+04 1.158948140444521658e-04
1.524999999999999818e+04 1.186479225621979726e-04
1.525999999999999818e+04 1.220611179676313324e-04
1.526999999999999818e+04 1.263162176516516267e-04
1.527999999999999818e+04 1.312631681531374714e-04
1.528999999999999818e+04 1.369394477056759020e-04
1.529999999999999818e+04 1.431995059389354092e-04
1.530999999999999818e+04 1.501665472587650771e-04
1.531999999999999818e+04 1.573609683678551120e-04
1.532999999999999818e+04 1.650200196168513992e-04
1.533999999999999818e+04 1.721517346179111247e-04
1.534999999999999818e+04 1.789441195538504347e-04
1.535999999999999636e+04 1.850789345431561646e-04
1.536999999999999636e+04 1.892571347982983856e-04
1.537999999999999636e+04 1.919172583264892678e-04
1.538999999999999636e+04 1.929100228337840930e-04
1.539999999999999636e+04 1.918122823392199553e-04
1.540999999999999636e+04 1.891971243228715756e-04
1.541999999999999636e+04 1.846838063497966060e-04
1.542999999999999636e+04 1.792418555595945385e-04
1.543999999999999636e+04 1.729237851713365422e-04
1.544999999999999636e+04 1.662861252648588427e-04
1.545999999999999636e+04 1.597086300617517373e-04
1.546999999999999636e+04 1.534230187978536525e-04
1.547999999999999636e+04 1.475968268985551092e-04
1.548999999999999636e+04 1.422302462288053287e-04
1.549999999999999636e+04 1.376441234047550278e-04
1.550999999999999636e+04 1.338982546012816512e-04
1.551999999999999636e+04 1.307748314858548646e-04
1.552999999999999636e+04 1.287866118446576039e-04
1.553999999999999636e+04 1.274462726787915193e-04
1.554999999999999636e+04 1.267125811349899180e-04
1.555999999999999636e+04 1.269366646808258066e-04
1.556999999999999636e+04 1.281651476035209486e-04
1.557999999999999636e+04 1.301827846446934655e-04
1.558999999999999636e+04 1.330951513752483945e-04
1.559999999999999636e+04 1.369583732076877210e-04
1.560999999999999636e+04 1.414280789056822558e-04
1.561999999999999636e+04 1.470058975876370488e-04
1.562999999999999636e+04 1.534085013948609114e-04
1.563999999999999636e+04 1.604658978196885110e-04
1.564999999999999636e+04 1.682266396240220401e-04
1.565999999999999636e+04 1.761363683339924524e-04
1.566999999999999636e+04 1.838108621947894309e-04
1.567999999999999636e+04 1.907173782381507308e-04
1.568999999999999636e+04 1.962296676686291457e-04
1.569999999999999636e+04 1.998071065786864752e-04
1.570999999999999636e+04 2.007092587119069108e-04
1.571999999999999636e+04 1.985097944258633969e-04
1.572999999999999636e+04 1.931490567687548887e-04
1.573999999999999636e+04 1.853240133044325370e-04
1.574999999999999636e+04 1.755865350223471543e-04
1.575999999999999636e+04 1.641262012749017819e-04
1.576999999999999636e+04 1.522675679363938070e-04
1.577999999999999636e+04 1.406706195968780834e-04
1.578999999999999636e+04 1.294059460205084834e-04
1.579999999999999636e+04 1.189339585491946841e-04
1.580999999999999636e+04 1.093861327244130701e-04
1.581999999999999636e+04 1.008551969160461547e-04
1.582999999999999636e+04 9.334072482413945386e-05
1.583999999999999636e+04 8.684789322323138608e-05
1.584999999999999636e+04 8.127732191482502522e-05
1.585999999999999636e+04 7.641521773286596346e-05
1.586999999999999636e+04 7.231255451987182834e-05
1.587999999999999636e+04 6.882165070178199119e-05
1.588999999999999636e+04 6.594442887670799605e-05
1.589999999999999636e+04 6.355858351704894683e-05
1.590999999999999636e+04 6.173925767286195601e-05
1.591999999999999636e+04 6.035536036243327414e-05
1.592999999999999636e+04 5.942311791502790400e-05
1.593999999999999636e+04 5.888883681063525322e-05
1.594999999999999636e+04 5.874843378327172062e-05
1.595999999999999636e+04 5.900228553075468843e-05
1.596999999999999636e+04 5.969703468809237909e-05
1.597999999999999636e+04 6.083359623748468283e-05
1.598999999999999636e+04 6.245055069410126850e-05
1.599999999999999636e+04 6.463806805133999456e-05
1.600999999999999636e+04 6.730843560983538023e-05
1.601999999999999636e+04 7.058173313831807381e-05
1.602999999999999636e+04 7.465026324917049415e-05
1.603999999999999636e+04 7.959140996111096133e-05
1.604999999999999636e+04 8.541623931684395356e-05
1.605999999999999636e+04 9.254745202975678568e-05
1.606999999999999636e+04 1.007706069566982116e-04
1.607999999999999636e+04 1.107665607725202871e-04
1.608999999999999636e+04 1.224131013068371140e-04
1.609999999999999636e+04 1.360896695290136557e-04
1.610999999999999636e+04 1.519152598498483425e-04
1.611999999999999636e+04 1.700523433778290911e-04
1.612999999999999636e+04 1.902092600660487687e-04
1.613999999999999636e+04 2.117391819620463285e-04
1.614999999999999636e+04 2.334414136346975690e-04
1.615999999999999636e+04 2.529602011575158194e-04
1.616999999999999636e+04 2.680090474249487761e-04
1.617999999999999636e+04 2.763513442250994175e-04
1.618999999999999636e+04 2.767533825167032874e-04
1.619999999999999636e+04 2.691597729810349632e-04
1.620999999999999636e+04 2.551622131773546962e-04
1.621999999999999636e+04 2.366426317143027367e-04
1.622999999999999636e+04 2.163660874010141688e-04
1.623999999999999636e+04 1.966160639663327894e-04
1.624999999999999636e+04 1.776581783318995392e-04
1.625999999999999636e+04 1.606371766657440324e-04
1.626999999999999636e+04 1.456571424730303266e-04
1.627999999999999636e+04 1.325990404084319806e-04
1.628999999999999636e+04 1.216262621366283667e-04
1.629999999999999636e+04 1.121189198069245550e-04
1.630999999999999636e+04 1.042157723243104258e-04
1.631999999999999636e+04 9.749024222155519472e-05
1.632999999999999636e+04 9.189153135199650555e-05
1.633999999999999636e+04 8.723305676755811213e-05
1.634999999999999636e+04 8.342412490007196715e-05
1.635999999999999636e+04 8.037943305571465785e-05
1.636999999999999636e+04 7.791303052393260865e-05
1.637999999999999636e+04 7.609965711794145870e-05
1.638999999999999636e+04 7.472161001755992166e-05
1.639999999999999636e+04 7.393356042585486423e-05
1.640999999999999636e+04 7.354703612738045773e-05
1.641999999999999636e+04 7.356502093835534293e-05
1.642999999999999636e+04 7.415738040169140373e-05
1.643999999999999636e+04 7.506687377160735754e-05
1.644999999999999636e+04 7.640277279621753980e-05
1.645999999999999636e+04 7.807472571896709656e-05
1.646999999999999636e+04 8.012604814570444889e-05
1.647999999999999636e+04 8.284595710109932674e-05
1.648999999999999636e+04 8.578989531160352924e-05
1.649999999999999636e+04 8.930948661844772098e-05
1.650999999999999636e+04 9.312191006221542478e-05
1.651999999999999636e+04 9.743061920199533560e-05
1.652999999999999636e+04 1.019711127112000500e-04
1.653999999999999636e+04 1.070498019968081275e-04
1.654999999999999636e+04 1.122565310643154385e-04
1.655999999999999636e+04 1.174926972021722897e-04
1.656999999999999636e+04 1.229119844986432692e-04
1.657999999999999636e+04 1.281672114197652341e-04
1.658999999999999636e+04 1.329702793487650358e-04
1.659999999999999636e+04 1.373119448443160817e-04
1.660999999999999636e+04 1.408760924015523225e-04
1.661999999999999636e+04 1.434861261807425189e-04
1.662999999999999636e+04 1.452347475887330510e-04
1.663999999999999636e+04 1.458615039802992031e-04
1.664999999999999636e+04 1.455596743863957871e-04
1.665999999999999636e+04 1.441852923700335273e-04
1.666999999999999636e+04 1.420700405110937473e-04
1.667999999999999636e+04 1.393790329127309123e-04
1.668999999999999636e+04 1.361974927167762712e-04
1.669999999999999636e+04 1.327606234261702214e-04
1.670999999999999636e+04 1.290812562488964708e-04
1.671999999999999636e+04 1.255309414984508967e-04
1.672999999999999636e+04 1.219993294807668023e-04
1.673999999999999636e+04 1.187767276237844963e-04
1.674999999999999636e+04 1.158057505268540645e-04
1.675999999999999636e+04 1.131988931161062540e-04
1.676999999999999636e+04 1.107487478062864621e-04
1.677999999999999636e+04 1.087675464084564422e-04
1.678999999999999636e+04 1.072565296446967303e-04
1.679999999999999636e+04 1.060212378941761805e-04
1.680999999999999636e+04 1.052372134035287304e-04
1.681999999999999636e+04 1.048609692706401722e-04
1.682999999999999636e+04 1.049498154911144296e-04
1.683999999999999636e+04 1.054445766187945709e-04
1.684999999999999636e+04 1.063781599895873643e-04
1.685999999999999636e+04 1.075779434814435150e-04
1.686999999999999636e+04 1.091798938440306446e-04
1.687999999999999636e+04 1.113197706784320646e-04
1.688999999999999636e+04 1.138823375161995778e-04
1.689999999999999636e+04 1.167721692702218214e-04
1.690999999999999636e+04 1.200582173006129231e-04
1.691999999999999636e+04 1.239609311958345789e-04
1.692999999999999636e+04 1.282586375896450524e-04
1.693999999999999636e+04 1.326748657608754225e-04
1.694999999999999636e+04 1.374487665615538193e-04
1.695999999999999636e+04 1.425374583936967875e-04
1.696999999999999636e+04 1.476950750406949456e-04
1.697999999999999636e+04 1.529870994348030199e-04
1.698999999999999636e+04 1.585064358791631837e-04
1.699999999999999636e+04 1.634418202583865051e-04
1.700999999999999636e+04 1.682092572737021270e-04
1.701999999999999636e+04 1.722619645471835481e-04
1.702999999999999636e+04 1.756744639490203275e-04
1.703999999999999636e+04 1.786526610221190775e-04
1.704999999999999636e+04 1.805487385262717333e-04
1.705999999999999636e+04 1.814279448915631415e-04
1.706999999999999636e+04 1.813916906666624372e-04
1.707999999999999636e+04 1.803719522212395465e-04
1.708999999999999636e+04 1.786786830871579497e-04
1.709999999999999636e+04 1.762179223404830933e-04
1.710999999999999636e+04 1.730110583499219409e-04
1.711999999999999636e+04 1.695431072666454353e-04
1.712999999999999636e+04 1.655211714719072465e-04
1.713999999999999636e+04 1.614781836701439282e-04
1.714999999999999636e+04 1.578275367094238981e-04
1.715999999999999636e+04 1.536753305519564477e-04
1.716999999999999636e+04 1.498166893699012141e-04
1.717999999999999636e+04 1.463417893706578420e-04
1.718999999999999636e+04 1.430043781431334390e-04
1.719999999999999636e+04 1.398177732870057785e-04
1.720999999999999636e+04 1.371598648887044434e-04
1.721999999999999636e+04 1.346587817327818436e-04
1.722999999999999636e+04 1.326113124645056395e-04
1.723999999999999636e+04 1.308737600322558187e-04
1.724999999999999636e+04 1.295652770624281186e-04
1.725999999999999636e+04 1.284409059422591008e-04
1.726999999999999636e+04 1.276139867723606266e-04
1.727999999999999636e+04 1.270462613225360553e-04
1.728999999999999636e+04 1.268463941085670548e-04
1.729999999999999636e+04 1.269464111906213341e-04
1.730999999999999636e+04 1.272502952992617445e-04
1.731999999999999636e+04 1.278882462170453070e-04
1.732999999999999636e+04 1.285665114564904835e-04
1.733999999999999636e+04 1.294416050856624523e-04
1.734999999999999636e+04 1.304320031849730516e-04
1.735999999999999636e+04 1.315777625516075964e-04
1.736999999999999636e+04 1.328232940304298175e-04
1.737999999999999636e+04 1.340869506893395109e-04
1.738999999999999636e+04 1.352305892471028980e-04
1.739999999999999636e+04 1.363264657696341606e-04
1.740999999999999636e+04 1.371258169730834079e-04
1.741999999999999636e+04 1.380761877554431618e-04
1.742999999999999636e+04 1.385891073454017706e-04
1.743999999999999636e+04 1.392266260278072825e-04
1.744999999999999636e+04 1.393154350644421719e-04
1.745999999999999636e+04 1.389098492382792214e-04
1.746999999999999636e+04 1.384964374972545936e-04
1.747999999999999636e+04 1.380005648020499035e-04
1.748999999999999636e+04 1.367922547147103164e-04
1.749999999999999636e+04 1.354968092667307544e-04
1.750999999999999636e+04 1.336298984464511788e-04
1.751999999999999636e+04 1.321160360678333651e-04
1.752999999999999636e+04 1.300117282597436873e-04
1.753999999999999636e+04 1.279364635803109825e-04
1.754999999999999636e+04 1.258059426593323665e-04
1.755999999999999636e+04 1.236370924304046207e-04
1.756999999999999636e+04 1.213587688280144217e-04
1.757999999999999636e+04 1.191650035947830016e-04
1.758999999999999636e+04 1.169756468050734603e-04
1.759999999999999636e+04 1.148919524174318488e-04
1.760999999999999636e+04 1.131324638441952041e-04
1.761999999999999636e+04 1.110871072399955046e-04
1.762999999999999636e+04 1.095966996573552037e-04
1.763999999999999636e+04 1.079793231495590228e-04
1.764999999999999636e+04 1.068701959419035970e-04
1.765999999999999636e+04 1.055458462113987976e-04
1.766999999999999636e+04 1.046736249364783856e-04
1.767999999999999636e+04 1.040006033672404278e-04
1.768999999999999636e+04 1.035675763271811349e-04
1.769999999999999636e+04 1.029571309242642655e-04
1.770999999999999636e+04 1.027885844396821889e-04
1.771999999999999636e+04 1.028401302820067519e-04
1.772999999999999636e+04 1.032110007641433991e-04
1.773999999999999636e+04 1.037417503618204843e-04
1.774999999999999636e+04 1.042814099264823121e-04
1.775999999999999636e+04 1.051524694535912612e-04
1.776999999999999636e+04 1.061335567592915649e-04
1.777999999999999636e+04 1.074036245835714552e-04
1.778999999999999636e+04 1.086964830658562411e-04
1.779999999999999636e+04 1.102636728321817317e-04
1.780999999999999636e+04 1.120662667689107750e-04
1.781999999999999636e+04 1.139263072184243858e-04
1.782999999999999636e+04 1.159004026430008347e-04
1.783999999999999636e+04 1.181146796124086954e-04
1.784999999999999636e+04 1.202889544297141737e-04
1.785999999999999636e+04 1.227527606094106394e-04
1.786999999999999636e+04 1.253649286545997668e-04
1.787999999999999636e+04 1.279063421308812207e-04
1.788999999999999636e+04 1.303769196150633529e-04
1.789999999999999636e+04 1.330053864503769393e-04
1.790999999999999636e+04 1.355321327043499530e-04
1.791999999999999636e+04 1.380097656159520107e-04
1.792999999999999636e+04 1.406278935881822569e-04
1.793999999999999636e+04 1.428598070107087289e-04
1.794999999999999636e+04 1.453472767642101176e-04
1.795999999999999636e+04 1.472188321052190780e-04
1.796999999999999636e+04 1.492119000386584620e-04
1.797999999999999636e+04 1.506801848122454911e-04
1.798999999999999636e+04 1.524462070454821964e-04
1.799999999999999636e+04 1.535956458398535435e-04
1.800999999999999636e+04 1.547882845665378914e-04
1.801999999999999636e+04 1.558743939401346283e-04
1.802999999999999636e+04 1.569684707439387083e-04
1.803999999999999636e+04 1.572740892939553396e-04
1.804999999999999636e+04 1.578013723725899052e-04
1.805999999999999636e+04 1.580200129802937687e-04
1.806999999999999636e+04 1.584041958166393350e-04
1.807999999999999636e+04 1.589342227662150948e-04
1.808999999999999636e+04 1.589086352203667894e-04
1.809999999999999636e+04 1.591247405354683582e-04
1.810999999999999636e+04 1.593579189246593735e-04
1.811999999999999636e+04 1.595241923865157888e-04
1.812999999999999636e+04 1.596914451417568695e-04
1.813999999999999636e+04 1.599535747295962218e-04
1.814999999999999636e+04 1.602812302995776318e-04
1.815999999999999636e+04 1.606165668726170523e-04
1.816999999999999636e+04 1.610618957513385225e-04
1.817999999999999636e+04 1.616736078228995783e-04
1.818999999999999636e+04 1.622043614706486546e-04
1.819999999999999636e+04 1.628928589591014764e-04
1.820999999999999636e+04 1.632800829256564356e-04
1.821999999999999636e+04 1.639429271288250301e-04
1.822999999999999636e+04 1.647020506009098245e-04
1.823999999999999636e+04 1.652871243462860533e-04
1.824999999999999636e+04 1.656753099661746641e-04
1.825999999999999636e+04 1.664179897898431068e-04
1.826999999999999636e+04 1.667971881728685859e-04
1.827999999999999636e+04 1.672195158268742422e-04
1.828999999999999636e+04 1.670297696438174711e-04
1.829999999999999636e+04 1.666317775900345280e-04
1.830999999999999636e+04 1.665389809373620021e-04
1.831999999999999636e+04 1.659224486209974893e-04
1.832999999999999636e+04 1.651760572802797545e-04
1.833999999999999636e+04 1.639041674369821205e-04
1.834999999999999636e+04 1.625868297525070647e-04
1.835999999999999636e+04 1.605894485201869097e-04
1.836999999999999636e+04 1.584536431671289530e-04
1.837999999999999636e+04 1.562370710744923627e-04
1.838999999999999636e+04 1.533680166829173895e-04
1.839999999999999636e+04 1.506032511951096834e-04
1.840999999999999636e+04 1.478050174082396568e-04
1.841999999999999636e+04 1.444638216899432755e-04
1.842999999999999636e+04 1.411469979267109725e-04
1.843999999999999636e+04 1.377071577021239440e-04
1.844999999999999636e+04 1.342654967091595102e-04
1.845999999999999636e+04 1.305874474545046433e-04
1.846999999999999636e+04 1.273278757177267908e-04
1.847999999999999636e+04 1.240847450806752713e-04
1.848999999999999636e+04 1.206344457362260839e-04
1.849999999999999636e+04 1.176556184259774853e-04
1.850999999999999636e+04 1.146850645977530404e-04
1.851999999999999636e+04 1.117642405451590640e-04
1.852999999999999636e+04 1.088708107921257054e-04
1.853999999999999636e+04 1.062979663643002289e-04
1.854999999999999636e+04 1.039156401274396045e-04
1.855999999999999636e+04 1.015887624954949972e-04
1.856999999999999636e+04 9.945658280317704720e-05
1.857999999999999636e+04 9.771942434430442291e-05
1.858999999999999636e+04 9.593685092944078557e-05
1.859999999999999636e+04 9.435963042623351040e-05
1.860999999999999636e+04 9.310345507160350752e-05
1.861999999999999636e+04 9.192949093536808950e-05
1.862999999999999636e+04 9.100235584151760901e-05
1.863999999999999636e+04 9.012554030113794528e-05
1.864999999999999636e+04 8.948328132126249254e-05
1.865999999999999636e+04 8.909689644413269966e-05
1.866999999999999636e+04 8.866361504971732085e-05
1.867999999999999636e+04 8.833747301491937944e-05
1.868999999999999636e+04 8.845610382492488915e-05
1.869999999999999636e+04 8.869016712049468181e-05
1.870999999999999636e+04 8.895808500062947109e-05
1.871999999999999636e+04 8.952615820595342033e-05
1.872999999999999636e+04 9.011198233868354690e-05
1.873999999999999636e+04 9.101058640582820381e-05
1.874999999999999636e+04 9.229592980835498112e-05
1.875999999999999636e+04 9.359038632380892468e-05
1.876999999999999636e+04 9.485241438392373289e-05
1.877999999999999636e+04 9.654047963534127124e-05
1.878999999999999636e+04 9.841557366608522854e-05
1.879999999999999636e+04 1.003182719244510932e-04
1.880999999999999636e+04 1.023600024283314778e-04
1.881999999999999636e+04 1.046913770506907772e-04
1.882999999999999636e+04 1.072145951241980572e-04
1.883999999999999636e+04 1.100174247594607184e-04
1.884999999999999636e+04 1.128296356061363540e-04
1.885999999999999636e+04 1.159635593446249261e-04
1.886999999999999636e+04 1.191518719391071641e-04
1.887999999999999636e+04 1.224340593346309996e-04
1.888999999999999636e+04 1.256946123740640073e-04
1.889999999999999636e+04 1.290952990105665474e-04
1.890999999999999636e+04 1.328371483232546274e-04
1.891999999999999636e+04 1.365429510837391845e-04
1.892999999999999636e+04 1.401685470313847120e-04
1.893999999999999636e+04 1.437245496630564932e-04
1.894999999999999636e+04 1.472539243103964182e-04
1.895999999999999636e+04 1.504908708099960562e-04
1.896999999999999636e+04 1.533112863469627662e-04
1.897999999999999636e+04 1.557983449339101444e-04
1.898999999999999636e+04 1.582162440505628306e-04
1.899999999999999636e+04 1.606486598304074863e-04
1.900999999999999636e+04 1.620984346191733656e-04
1.901999999999999636e+04 1.633236426540804996e-04
1.902999999999999636e+04 1.641090122038300523e-04
1.903999999999999636e+04 1.643817611498714132e-04
1.904999999999999636e+04 1.643556242920336038e-04
1.905999999999999636e+04 1.638232623130224115e-04
1.906999999999999636e+04 1.628276981855742334e-04
1.907999999999999636e+04 1.615634549411534729e-04
1.908999999999999636e+04 1.597697402349996338e-04
1.909999999999999636e+04 1.577385243480467663e-04
1.910999999999999636e+04 1.554540212307533946e-04
1.911999999999999636e+04 1.526732678180797590e-04
1.912999999999999636e+04 1.503420090228599923e-04
1.913999999999999636e+04 1.476086128848605927e-04
1.914999999999999636e+04 1.447270822059072953e-04
1.915999999999999636e+04 1.419998940795219188e-04
1.916999999999999636e+04 1.391456329070549138e-04
1.917999999999999636e+04 1.364446644717163886e-04
1.918999999999999636e+04 1.335755864399615681e-04
1.919999999999999636e+04 1.310509334808385130e-04
1.920999999999999636e+04 1.286097397776373840e-04
1.921999999999999636e+04 1.261037624702467932e-04
1.922999999999999636e+04 1.237679321700586952e-04
1.923999999999999636e+04 1.213318289494772108e-04
1.924999999999999636e+04 1.195291208845617603e-04
1.925999999999999636e+04 1.178659732116482163e-04
1.926999999999999636e+04 1.160485753386793109e-04
1.927999999999999636e+04 1.141132644652405293e-04
1.928999999999999636e+04 1.129098382708638011e-04
1.929999999999999636e+04 1.116909647297742393e-04
1.930999999999999636e+04 1.107119553316174206e-04
1.931999999999999636e+04 1.096894500018510895e-04
1.932999999999999636e+04 1.086612770518865817e-04
1.933999999999999636e+04 1.082568237731680079e-04
1.934999999999999636e+04 1.074164804276557501e-04
1.935999999999999636e+04 1.069960729852004064e-04
1.936999999999999636e+04 1.065443441250233194e-04
1.937999999999999636e+04 1.064016474262248274e-04
1.938999999999999636e+04 1.063821056871287659e-04
1.939999999999999636e+04 1.063890414639574581e-04
1.940999999999999636e+04 1.067001648333399077e-04
1.941999999999999636e+04 1.070856474670405081e-04
1.942999999999999636e+04 1.073908213103862917e-04
1.943999999999999636e+04 1.079686044965102147e-04
1.944999999999999636e+04 1.086187916660847339e-04
1.945999999999999636e+04 1.095717016288731363e-04
1.946999999999999636e+04 1.105536183210508513e-04
1.947999999999999636e+04 1.116862936043092416e-04
1.948999999999999636e+04 1.128061118104254105e-04
1.949999999999999636e+04 1.141622992498051884e-04
1.950999999999999636e+04 1.153662009375074570e-04
1.951999999999999636e+04 1.170857386157706859e-04
1.952999999999999636e+04 1.185533581753737205e-04
1.953999999999999636e+04 1.201713731178489397e-04
1.954999999999999636e+04 1.221159649940451537e-04
1.955999999999999636e+04 1.237337040148315690e-04
1.956999999999999636e+04 1.257580906894750382e-04
1.957999999999999636e+04 1.278846079109468258e-04
1.958999999999999636e+04 1.300443285510304069e-04
1.959999999999999636e+04 1.318340400815199158e-04
1.960999999999999636e+04 1.338757732673642178e-04
1.961999999999999636e+04 1.362426179283147867e-04
1.962999999999999636e+04 1.383690343254625869e-04
1.963999999999999636e+04 1.402929930158884890e-04
1.964999999999999636e+04 1.422521683534820267e-04
1.965999999999999636e+04 1.443362487940061032e-04
1.966999999999999636e+04 1.462010610523015522e-04
1.967999999999999636e+04 1.481220934824774716e-04
1.968999999999999636e+04 1.493985570964823572e-04
1.969999999999999636e+04 1.509523927665899095e-04
1.970999999999999636e+04 1.524206362258327945e-04
1.971999999999999636e+04 1.534469168723709485e-04
1.972999999999999636e+04 1.542710652649531783e-04
1.973999999999999636e+04 1.552779614746849950e-04
1.974999999999999636e+04 1.554068049339616840e-04
1.975999999999999636e+04 1.560858982464780737e-04
1.976999999999999636e+04 1.562030101150046406e-04
1.977999999999999636e+04 1.555884738135059422e-04
1.978999999999999636e+04 1.552421435131034620e-04
1.979999999999999636e+04 1.545879490853719815e-04
1.980999999999999636e+04 1.537872494172774502e-04
1.981999999999999636e+04 1.529998033942762525e-04
1.982999999999999636e+04 1.516239920059429748e-04
1.983999999999999636e+04 1.502482041254378140e-04
1.984999999999999636e+04 1.486070908906885933e-04
1.985999999999999636e+04 1.470574523153257360e-04
1.986999999999999636e+04 1.451875421939312360e-04
1.987999999999999636e+04 1.432191309632913578e-04
1.988999999999999636e+04 1.412694436952223465e-04
1.989999999999999636e+04 1.394225039169485277e-04
1.990999999999999636e+04 1.376315753403077147e-04
1.991999999999999636e+04 1.355319856724856488e-04
1.992999999999999636e+04 1.339760439604973036e-04
1.993999999999999636e+04 1.320052968373715578e-04
1.994999999999999636e+04 1.301102755845415281e-04
1.995999999999999636e+04 1.284228226926848620e-04
1.996999999999999636e+04 1.267910302720778534e-04
1.997999999999999636e+04 1.252858078649355289e-04
1.998999999999999636e+04 1.238071260589825094e-04
1.999999999999999636e+04 1.226796614467078126e-04
2.000999999999999636e+04 1.214744454943047044e-04
2.001999999999999636e+04 1.204006469777669190e-04
2.002999999999999636e+04 1.192049686665561933e-04
2.003999999999999636e+04 1.186342981126285663e-04
2.004999999999999636e+04 1.177524933725511267e-04
2.005999999999999636e+04 1.172941313658203269e-04
2.006999999999999636e+04 1.168999316839253964e-04
2.007999999999999636e+04 1.167774180192640300e-04
2.008999999999999636e+04 1.167271310609983804e-04
2.009999999999999636e+04 1.168195701099813803e-04
2.010999999999999636e+04 1.170088631001596225e-04
2.011999999999999636e+04 1.172712996168438499e-04
2.012999999999999636e+04 1.179768170814069525e-04
2.013999999999999636e+04 1.188259135842413268e-04
2.014999999999999636e+04 1.198602679969422051e-04
2.015999999999999636e+04 1.209604552189834603e-04
2.016999999999999636e+04 1.223076969912558008e-04
2.017999999999999636e+04 1.236784583484524852e-04
2.018999999999999636e+04 1.253126365412662120e-04
2.019999999999999636e+04 1.270298541808307963e-04
2.020999999999999636e+04 1.291288296155787638e-04
2.021999999999999636e+04 1.313488019952182998e-04
2.022999999999999636e+04 1.337558993770174905e-04
2.023999999999999636e+04 1.362011172609760409e-04
2.024999999999999636e+04 1.390559949998312688e-04
2.025999999999999636e+04 1.416965383598782632e-04
2.026999999999999636e+04 1.444564568579706173e-04
2.027999999999999636e+04 1.477418307957364669e-04
2.028999999999999636e+04 1.508937076868889960e-04
2.029999999999999636e+04 1.540285319526361115e-04
2.030999999999999636e+04 1.569474679353068493e-04
2.031999999999999636e+04 1.599102704311717378e-04
2.032999999999999636e+04 1.628617092909975025e-04
2.033999999999999636e+04 1.655901174773073605e-04
2.034999999999999636e+04 1.679087948941462795e-04
2.035999999999999636e+04 1.700475125301098990e-04
2.036999999999999636e+04 1.712060611180187680e-04
2.037999999999999636e+04 1.722706215081106851e-04
2.038999999999999636e+04 1.729653504276836647e-04
2.039999999999999636e+04 1.724952357720033961e-04
2.040999999999999636e+04 1.715280246185971744e-04
2.041999999999999636e+04 1.700616142953000087e-04
2.042999999999999636e+04 1.681024526197155494e-04
2.043999999999999636e+04 1.647818816189800971e-04
2.044999999999999636e+04 1.614706989215748960e-04
2.045999999999999636e+04 1.569299021986893608e-04
2.046999999999999636e+04 1.522089936035101278e-04
2.047999999999999636e+04 1.475139009823415992e-04
2.048999999999999636e+04 1.421451593865828049e-04
2.049999999999999636e+04 1.364341965593709408e-04
2.050999999999999636e+04 1.311250702512586431e-04
2.051999999999999636e+04 1.254712910839085420e-04
2.052999999999999636e+04 1.198681099558299075e-04
2.053999999999999636e+04 1.143841431374751337e-04
2.054999999999999636e+04 1.089573263882968087e-04
2.055999999999999636e+04 1.036932400125460229e-04
2.056999999999999636e+04 9.877422306712277009e-05
2.057999999999999636e+04 9.382260726709447678e-05
2.058999999999999636e+04 8.916081375777777619e-05
2.059999999999999636e+04 8.503116891097500275e-05
2.060999999999999636e+04 8.119002750856554830e-05
2.061999999999999636e+04 7.712217402312544334e-05
2.062999999999999636e+04 7.374161678236370557e-05
2.063999999999999636e+04 7.050663620517353682e-05
2.064999999999999636e+04 6.741138211033078525e-05
2.065999999999999636e+04 6.450683804360775764e-05
2.066999999999999636e+04 6.202625935055839583e-05
2.067999999999999636e+04 5.954461423820910798e-05
2.068999999999999636e+04 5.728087918222267731e-05
2.069999999999999636e+04 5.520349068987442058e-05
2.070999999999999636e+04 5.309089555270922846e-05
2.071999999999999636e+04 5.139183004190885263e-05
2.072999999999999636e+04 4.965532650258464438e-05
2.073999999999999636e+04 4.812854431947183082e-05
2.074999999999999636e+04 4.687869463519914073e-05
2.075999999999999636e+04 4.551192885543490796e-05
2.076999999999999636e+04 4.434580696375751068e-05
2.077999999999999636e+04 4.336411007018746861e-05
2.078999999999999636e+04 4.213647124822694171e-05
2.079999999999999636e+04 4.133612554217771959e-05
2.080999999999999636e+04 4.057155664375622340e-05
2.081999999999999636e+04 3.986625235197748391e-05
2.082999999999999636e+04 3.924098155213992479e-05
2.083999999999999636e+04 3.856929114118933232e-05
2.084999999999999636e+04 3.817402468511388823e-05
2.085999999999999636e+04 3.766573261104349841e-05
2.086999999999999636e+04 3.724070559425999725e-05
2.087999999999999636e+04 3.706235446355206212e-05
2.088999999999999636e+04 3.674598344496008545e-05
2.089999999999999636e+04 3.653250378173802796e-05
2.090999999999999636e+04 3.634142028294653007e-05
2.091999999999999636e+04 3.634779852429673733e-05
2.092999999999999636e+04 3.629902943302365807e-05
2.093999999999999636e+04 3.647819295882841862e-05
2.094999999999999636e+04 3.655027644930927303e-05
2.095999999999999636e+04 3.665620609112393277e-05
2.096999999999999636e+04 3.691119330166609577e-05
2.097999999999999636e+04 3.723576882200279768e-05
2.098999999999999636e+04 3.805994789932867995e-05
2.099999999999999636e+04 0.000000000000000000e+00
