3.649999999999999545e+03 0.000000000000000000e+00
3.659999999999999545e+03 1.654874578083125338e-17
3.669999999999999545e+03 9.711859394431249692e-17
3.679999999999999545e+03 1.403264263708124965e-15
3.689999999999999545e+03 8.532070853775001231e-15
3.699999999999999545e+03 4.670038204431250201e-15
3.709999999999999545e+03 1.123575168201499997e-13
3.719999999999999545e+03 1.885226908729500219e-14
3.729999999999999545e+03 4.083871166418750189e-13
3.739999999999999545e+03 4.155280623681250141e-13
3.749999999999999545e+03 5.404958133347500171e-12
3.759999999999999545e+03 1.750269198945312524e-13
3.769999999999999545e+03 0.000000000000000000e+00
3.779999999999999545e+03 0.000000000000000000e+00
3.789999999999999545e+03 0.000000000000000000e+00
3.799999999999999545e+03 0.000000000000000000e+00
3.809999999999999545e+03 0.000000000000000000e+00
3.819999999999999545e+03 1.744089297985562665e-12
3.829999999999999545e+03 6.491207784311250101e-11
3.839999999999999091e+03 1.184898678626250105e-09
3.849999999999999091e+03 3.195961735671250376e-08
3.859999999999999091e+03 3.221956038875000552e-11
3.869999999999999091e+03 0.000000000000000000e+00
3.879999999999999091e+03 0.000000000000000000e+00
3.889999999999999091e+03 0.000000000000000000e+00
3.899999999999999091e+03 1.280630377755750172e-12
3.909999999999999091e+03 0.000000000000000000e+00
3.919999999999999091e+03 0.000000000000000000e+00
3.929999999999999091e+03 0.000000000000000000e+00
3.939999999999999091e+03 0.000000000000000000e+00
3.949999999999999091e+03 0.000000000000000000e+00
3.959999999999999091e+03 0.000000000000000000e+00
3.969999999999999091e+03 0.000000000000000000e+00
3.979999999999999091e+03 0.000000000000000000e+00
3.989999999999999091e+03 0.000000000000000000e+00
3.999999999999999091e+03 0.000000000000000000e+00
4.009999999999999091e+03 0.000000000000000000e+00
4.019999999999999091e+03 0.000000000000000000e+00
4.029999999999999091e+03 5.149567119908750378e-12
4.039999999999999091e+03 0.000000000000000000e+00
4.049999999999999091e+03 0.000000000000000000e+00
4.059999999999999091e+03 0.000000000000000000e+00
4.069999999999999091e+03 0.000000000000000000e+00
4.079999999999999091e+03 2.587171605126281464e-14
4.089999999999999091e+03 2.242662138878350046e-14
4.099999999999999091e+03 3.301997995695262349e-13
4.109999999999999091e+03 4.027271484183938255e-13
4.119999999999999091e+03 2.306112153467062930e-15
4.129999999999999091e+03 2.256376530052312944e-15
4.139999999999999091e+03 5.577830496820312383e-14
4.149999999999999091e+03 3.815033136033525698e-14
4.159999999999999091e+03 0.000000000000000000e+00
4.169999999999999091e+03 0.000000000000000000e+00
4.179999999999999091e+03 8.636067104841751484e-14
4.189999999999999091e+03 0.000000000000000000e+00
4.199999999999999091e+03 0.000000000000000000e+00
4.209999999999999091e+03 9.024353298985501011e-16
4.219999999999999091e+03 1.375857226948312436e-15
4.229999999999999091e+03 0.000000000000000000e+00
4.239999999999999091e+03 0.000000000000000000e+00
4.249999999999999091e+03 1.993357875392187820e-15
4.259999999999999091e+03 7.113887063638688621e-16
4.269999999999999091e+03 7.123817330111125798e-16
4.279999999999999091e+03 7.784863091333999570e-15
4.289999999999999091e+03 5.327585077322812332e-15
4.299999999999999091e+03 9.170669494994000389e-15
4.309999999999999091e+03 8.839093130160562433e-14
4.319999999999999091e+03 4.901789346983375033e-15
4.329999999999999091e+03 7.259012172519624884e-15
4.339999999999999091e+03 1.691086416095212513e-13
4.349999999999999091e+03 3.030406122500880972e-13
4.359999999999999091e+03 2.126697153396375296e-14
4.369999999999999091e+03 0.000000000000000000e+00
4.379999999999999091e+03 0.000000000000000000e+00
4.389999999999999091e+03 0.000000000000000000e+00
4.399999999999999091e+03 1.745912249796198899e-13
4.409999999999999091e+03 2.451207952777653555e-13
4.419999999999999091e+03 3.170618339350928019e-12
4.429999999999999091e+03 4.313377213247200113e-12
4.439999999999999091e+03 5.302738827214674923e-12
4.449999999999999091e+03 0.000000000000000000e+00
4.459999999999999091e+03 0.000000000000000000e+00
4.469999999999999091e+03 4.693406533407791008e-13
4.479999999999999091e+03 6.568331632546197953e-13
4.489999999999999091e+03 1.852474746370281386e-12
4.499999999999999091e+03 3.958942547504223577e-12
4.509999999999999091e+03 5.603647059079007349e-12
4.519999999999999091e+03 8.130717375771445454e-11
4.529999999999999091e+03 1.522234416060224839e-10
4.539999999999999091e+03 6.883049209319539849e-10
4.549999999999999091e+03 5.047437790992451271e-10
4.559999999999999091e+03 3.072965111316843742e-09
4.569999999999999091e+03 2.484483937589395064e-10
4.579999999999999091e+03 1.106474250535771413e-10
4.589999999999999091e+03 3.799889678808322103e-08
4.599999999999999091e+03 1.872825150669600730e-10
4.609999999999999091e+03 5.460113283841116581e-10
4.619999999999999091e+03 1.972840636098444536e-10
4.629999999999999091e+03 1.418388321170205135e-10
4.639999999999999091e+03 4.007976313720487118e-10
4.649999999999999091e+03 0.000000000000000000e+00
4.659999999999999091e+03 0.000000000000000000e+00
4.669999999999999091e+03 0.000000000000000000e+00
4.679999999999999091e+03 0.000000000000000000e+00
4.689999999999999091e+03 0.000000000000000000e+00
4.699999999999999091e+03 1.494284328096897694e-09
4.709999999999999091e+03 0.000000000000000000e+00
4.719999999999999091e+03 0.000000000000000000e+00
4.729999999999999091e+03 0.000000000000000000e+00
4.739999999999999091e+03 2.216989408154485308e-08
4.749999999999999091e+03 0.000000000000000000e+00
4.759999999999999091e+03 0.000000000000000000e+00
4.769999999999999091e+03 0.000000000000000000e+00
4.779999999999999091e+03 0.000000000000000000e+00
4.789999999999999091e+03 0.000000000000000000e+00
4.799999999999999091e+03 0.000000000000000000e+00
4.809999999999999091e+03 0.000000000000000000e+00
4.819999999999999091e+03 0.000000000000000000e+00
4.829999999999999091e+03 0.000000000000000000e+00
4.839999999999999091e+03 1.424010220786928344e-08
4.849999999999999091e+03 0.000000000000000000e+00
4.859999999999999091e+03 0.000000000000000000e+00
4.869999999999999091e+03 1.122603609587993777e-07
4.879999999999999091e+03 1.146718274324503854e-08
4.889999999999999091e+03 1.038115585952846685e-08
4.899999999999999091e+03 8.280797431295078254e-08
4.909999999999999091e+03 4.821504220048023013e-08
4.919999999999999091e+03 1.386065245037177142e-08
4.929999999999999091e+03 2.588558758375172684e-07
4.939999999999999091e+03 2.953906595458665133e-08
4.949999999999999091e+03 4.076750580274728300e-09
4.959999999999999091e+03 2.342182586299762575e-08
4.969999999999999091e+03 8.174194750397418244e-09
4.979999999999999091e+03 4.430487247673987579e-09
4.989999999999999091e+03 3.626524591779588904e-09
4.999999999999999091e+03 1.522363675231951209e-07
5.009999999999999091e+03 3.730070440456950720e-09
5.019999999999999091e+03 1.030610592726147171e-09
5.029999999999999091e+03 1.705174860299417001e-09
5.039999999999999091e+03 1.682655891376370876e-08
5.049999999999999091e+03 5.775423848667610851e-10
5.059999999999999091e+03 4.789097786183182494e-10
5.069999999999999091e+03 4.014388580923549855e-10
5.079999999999999091e+03 1.702066554769166724e-09
5.089999999999999091e+03 9.432265168062031773e-07
5.099999999999999091e+03 3.728528705028001788e-09
5.109999999999999091e+03 4.698164147476589916e-09
5.119999999999999091e+03 8.789570300552502023e-09
5.129999999999999091e+03 5.722952667753860194e-09
5.139999999999999091e+03 1.958444180621558310e-07
5.149999999999999091e+03 2.172372431349274149e-09
5.159999999999999091e+03 7.358126554927505646e-10
5.169999999999999091e+03 1.118091604739305994e-09
5.179999999999999091e+03 4.326507131479627612e-09
5.189999999999999091e+03 2.238673764158009551e-10
5.199999999999999091e+03 1.356372222043571112e-10
5.209999999999999091e+03 1.242164071167304732e-10
5.219999999999999091e+03 1.709830499497076289e-10
5.229999999999999091e+03 9.495739703398568364e-10
5.239999999999999091e+03 1.590349997853183201e-09
5.249999999999999091e+03 2.839901100680802653e-10
5.259999999999999091e+03 1.819309738235279881e-10
5.269999999999999091e+03 1.767905200678074916e-10
5.279999999999999091e+03 3.882456405908746477e-10
5.289999999999999091e+03 1.580514896202877965e-08
5.299999999999999091e+03 7.461218617113800437e-10
5.309999999999999091e+03 3.270588158856032939e-10
5.319999999999999091e+03 4.875907079374660130e-10
5.329999999999999091e+03 1.036505913168991948e-09
5.339999999999999091e+03 5.073832680300917543e-10
5.349999999999999091e+03 3.623340906704512586e-09
5.359999999999999091e+03 1.763729878578863901e-10
5.369999999999999091e+03 3.140572077363632858e-11
5.379999999999999091e+03 0.000000000000000000e+00
5.389999999999999091e+03 0.000000000000000000e+00
5.399999999999999091e+03 0.000000000000000000e+00
5.409999999999999091e+03 0.000000000000000000e+00
5.419999999999999091e+03 0.000000000000000000e+00
5.429999999999999091e+03 1.383122168175479471e-11
5.439999999999999091e+03 3.600271884203312871e-11
5.449999999999999091e+03 2.355149482350918850e-12
5.459999999999999091e+03 4.731871203442250118e-13
5.469999999999999091e+03 1.250097915517499996e-13
5.479999999999999091e+03 7.970093133406250598e-14
5.489999999999999091e+03 5.315229099311250816e-13
5.499999999999999091e+03 1.315014883682500004e-14
5.509999999999999091e+03 9.915159581735626964e-16
5.519999999999999091e+03 5.981312192209375319e-16
5.529999999999999091e+03 4.096746009059375458e-16
5.539999999999999091e+03 3.095118560375625049e-16
5.549999999999999091e+03 5.332492527573749164e-16
5.559999999999999091e+03 1.879444748658749856e-15
5.569999999999999091e+03 3.827499192610625160e-14
5.579999999999999091e+03 2.919811656632500101e-14
5.589999999999999091e+03 2.825507988843750165e-14
5.599999999999999091e+03 1.042633841186874918e-13
5.609999999999999091e+03 2.608444564950000275e-12
5.619999999999999091e+03 1.118946042553499936e-12
5.629999999999999091e+03 9.984985427200001982e-13
5.639999999999999091e+03 2.507315530759375580e-12
5.649999999999999091e+03 2.042696956755000055e-12
5.659999999999999091e+03 2.352357111142500320e-12
5.669999999999999091e+03 4.165254064755000343e-12
5.679999999999999091e+03 1.719882216687249858e-12
5.689999999999999091e+03 1.686380238885562327e-12
5.699999999999999091e+03 4.736756616864999949e-12
5.709999999999999091e+03 2.053309408007812644e-12
5.719999999999999091e+03 3.744614431258750392e-13
5.729999999999999091e+03 1.336494381055750131e-13
5.739999999999999091e+03 7.511153896225000360e-14
5.749999999999999091e+03 6.236537943838125961e-14
5.759999999999999091e+03 2.160372116875000386e-13
5.769999999999999091e+03 1.706506582396875025e-13
5.779999999999999091e+03 2.843972701069499918e-14
5.789999999999999091e+03 3.207648594905562369e-14
5.799999999999999091e+03 3.864786239531875226e-14
5.809999999999999091e+03 1.645085092717500180e-13
5.819999999999999091e+03 3.419152171811250313e-14
5.829999999999999091e+03 5.313950083365000855e-15
5.839999999999999091e+03 0.000000000000000000e+00
5.849999999999999091e+03 6.354713116710000870e-15
5.859999999999999091e+03 3.021239064103750684e-14
5.869999999999999091e+03 7.471998189744375244e-14
5.879999999999999091e+03 1.212227146375875154e-13
5.889999999999999091e+03 1.847557513375000157e-13
5.899999999999999091e+03 6.220457007187500799e-13
5.909999999999999091e+03 1.801121602770000041e-13
5.919999999999999091e+03 5.241840007871250637e-14
5.929999999999999091e+03 1.242980392587500285e-13
5.939999999999999091e+03 1.609465143099187613e-12
5.949999999999999091e+03 2.002832821535000064e-12
5.959999999999999091e+03 2.255324814264812534e-12
5.969999999999999091e+03 3.386711445971875021e-12
5.979999999999999091e+03 4.987938866749999864e-12
5.989999999999999091e+03 1.115300675744500083e-11
5.999999999999999091e+03 1.132442441101562484e-11
6.009999999999999091e+03 5.873841152269999886e-12
6.019999999999999091e+03 1.808463467606250070e-12
6.029999999999999091e+03 2.047814346574937527e-12
6.039999999999999091e+03 3.213788961823124716e-12
6.049999999999999091e+03 5.085559202255000104e-12
6.059999999999999091e+03 1.315149604735750044e-12
6.069999999999999091e+03 7.066154626781249217e-13
6.079999999999999091e+03 3.794055231645000417e-13
6.089999999999999091e+03 1.601187077173249941e-13
6.099999999999999091e+03 1.831467038047500292e-13
6.109999999999999091e+03 4.205111582892500110e-14
6.119999999999999091e+03 2.209618938174375173e-13
6.129999999999999091e+03 8.631829804508749343e-13
6.139999999999999091e+03 3.260641014881249730e-12
6.149999999999999091e+03 2.222641732425625092e-11
6.159999999999999091e+03 5.826347828157501298e-11
6.169999999999999091e+03 3.311846576739750085e-11
6.179999999999999091e+03 1.851330897804500109e-11
6.189999999999999091e+03 2.201945884460437973e-11
6.199999999999999091e+03 6.866631301656875218e-12
6.209999999999999091e+03 3.155192362966875358e-12
6.219999999999999091e+03 5.643443768322500688e-12
6.229999999999999091e+03 1.455645255776250046e-11
6.239999999999999091e+03 2.787058755711562542e-11
6.249999999999999091e+03 2.675917300350000542e-11
6.259999999999999091e+03 9.217763147556249466e-12
6.269999999999999091e+03 8.214875248230001424e-12
6.279999999999999091e+03 7.055579333775001061e-12
6.289999999999999091e+03 4.036150614300000218e-12
6.299999999999999091e+03 3.837623137398750097e-12
6.309999999999999091e+03 4.030221337143750245e-12
6.319999999999999091e+03 2.360048082824249640e-12
6.329999999999999091e+03 2.127460923568750180e-12
6.339999999999999091e+03 3.151091793832500443e-12
6.349999999999999091e+03 4.971791373491250178e-12
6.359999999999999091e+03 8.175830344132500661e-12
6.369999999999999091e+03 1.523272797856250282e-11
6.379999999999999091e+03 1.408337236740000080e-11
6.389999999999999091e+03 1.975773094150625280e-11
6.399999999999999091e+03 2.923888762530312360e-11
6.409999999999999091e+03 2.907835700601562212e-11
6.419999999999999091e+03 9.299098455499999161e-12
6.429999999999999091e+03 8.602439540318751609e-12
6.439999999999999091e+03 7.398082062695625686e-12
6.449999999999999091e+03 6.547436078601249517e-12
6.459999999999999091e+03 9.218374936750000075e-12
6.469999999999999091e+03 1.833086982702499966e-11
6.479999999999999091e+03 5.353797216779375757e-11
6.489999999999999091e+03 7.234547226274374767e-11
6.499999999999999091e+03 6.251453895750000513e-11
6.509999999999999091e+03 5.443693951263749959e-11
6.519999999999999091e+03 3.801062715029999670e-11
6.529999999999999091e+03 2.626472517902187790e-11
6.539999999999999091e+03 3.054961876618313126e-11
6.549999999999999091e+03 2.962517701122875051e-11
6.559999999999999091e+03 3.681246240246749896e-11
6.569999999999999091e+03 3.715887455109375468e-11
6.579999999999999091e+03 3.456445565825000200e-11
6.589999999999999091e+03 2.216173374266250252e-11
6.599999999999999091e+03 2.021230729623000277e-11
6.609999999999999091e+03 1.071764023951687605e-11
6.619999999999999091e+03 4.261192220698874893e-12
6.629999999999999091e+03 5.014489050270000788e-12
6.639999999999999091e+03 2.009801150318500115e-12
6.649999999999999091e+03 0.000000000000000000e+00
6.659999999999999091e+03 1.455928408603375216e-12
6.669999999999999091e+03 2.135468689820812362e-12
6.679999999999999091e+03 2.261847305593750485e-12
6.689999999999999091e+03 9.053560246482500667e-12
6.699999999999999091e+03 1.365135186638125003e-11
6.709999999999999091e+03 1.612832749491250397e-11
6.719999999999999091e+03 1.478635699117500260e-11
6.729999999999999091e+03 1.506601920138000101e-11
6.739999999999999091e+03 1.332521053669750135e-11
6.749999999999999091e+03 6.637014147496250485e-12
6.759999999999999091e+03 4.325736872537501004e-12
6.769999999999999091e+03 1.355543698206250009e-11
6.779999999999999091e+03 1.290280402405312641e-11
6.789999999999999091e+03 1.640596822889062745e-11
6.799999999999999091e+03 8.123012333099999609e-12
6.809999999999999091e+03 2.071885417385000074e-12
6.819999999999999091e+03 4.240785851531250128e-13
6.829999999999999091e+03 1.602568528896562778e-13
6.839999999999999091e+03 2.069979919610312452e-12
6.849999999999999091e+03 7.662276859431251762e-12
6.859999999999999091e+03 2.573147223356937495e-13
6.869999999999999091e+03 5.817835462989376270e-12
6.879999999999999091e+03 1.824899291565000055e-11
6.889999999999999091e+03 1.527398683440875074e-12
6.899999999999999091e+03 4.916806994119999756e-12
6.909999999999999091e+03 0.000000000000000000e+00
6.919999999999999091e+03 5.980265623106249779e-12
6.929999999999999091e+03 1.189727507963750122e-11
6.939999999999999091e+03 3.155757538736250412e-11
6.949999999999999091e+03 4.097728468338749582e-11
6.959999999999999091e+03 1.818936882097124974e-11
6.969999999999999091e+03 2.228074134299999962e-11
6.979999999999999091e+03 3.475206840420000436e-11
6.989999999999999091e+03 3.010484946363124925e-11
6.999999999999999091e+03 3.197371427359375411e-11
7.009999999999999091e+03 2.847387064318125586e-11
7.019999999999999091e+03 2.090412170752500558e-11
7.029999999999999091e+03 4.280669211901250609e-12
7.039999999999999091e+03 2.456049654996874913e-12
7.049999999999999091e+03 3.239819084669999949e-12
7.059999999999999091e+03 1.643885911185000162e-12
7.069999999999999091e+03 2.877994773351249576e-12
7.079999999999999091e+03 8.195780945625001132e-13
7.089999999999999091e+03 4.222927517760000761e-13
7.099999999999999091e+03 1.031759996148000064e-12
7.109999999999999091e+03 1.779049967343687905e-12
7.119999999999999091e+03 0.000000000000000000e+00
7.129999999999999091e+03 2.464119624093750323e-13
7.139999999999999091e+03 0.000000000000000000e+00
7.149999999999999091e+03 8.292818363409999308e-13
7.159999999999999091e+03 0.000000000000000000e+00
7.169999999999999091e+03 1.037217529494562480e-12
7.179999999999999091e+03 2.474100678420000170e-12
7.189999999999999091e+03 2.405862758193125398e-12
7.199999999999999091e+03 1.323167591796749914e-11
7.209999999999999091e+03 1.914232217919000101e-11
7.219999999999999091e+03 9.826107602902500281e-13
7.229999999999999091e+03 1.988963370646875157e-12
7.239999999999999091e+03 9.661603554750002251e-13
7.249999999999999091e+03 1.354039883000000233e-12
7.259999999999999091e+03 3.796104086661687879e-14
7.269999999999999091e+03 7.245478359118126091e-14
7.279999999999999091e+03 1.641395244124999922e-13
7.289999999999999091e+03 8.902391185975000830e-14
7.299999999999999091e+03 1.435339309621875120e-13
7.309999999999999091e+03 4.378545720202500388e-12
7.319999999999999091e+03 1.184333871183750180e-11
7.329999999999999091e+03 0.000000000000000000e+00
7.339999999999999091e+03 2.831786115191250168e-13
7.349999999999999091e+03 0.000000000000000000e+00
7.359999999999999091e+03 3.721924316880000531e-12
7.369999999999999091e+03 9.925621608700000111e-13
7.379999999999999091e+03 2.052167312427749926e-12
7.389999999999999091e+03 1.577311708323750122e-12
7.399999999999999091e+03 4.034648213050000545e-12
7.409999999999999091e+03 2.909510804969999849e-12
7.419999999999999091e+03 0.000000000000000000e+00
7.429999999999999091e+03 4.152314092845625670e-12
7.439999999999999091e+03 2.079021590572499971e-11
7.449999999999999091e+03 3.151312512752249682e-11
7.459999999999999091e+03 9.139159931265002106e-12
7.469999999999999091e+03 5.130597445036875442e-13
7.479999999999999091e+03 8.913990945562500757e-13
7.489999999999999091e+03 0.000000000000000000e+00
7.499999999999999091e+03 1.915074866950000268e-14
7.509999999999999091e+03 8.468309965915626123e-13
7.519999999999999091e+03 0.000000000000000000e+00
7.529999999999999091e+03 1.223920859341250274e-13
7.539999999999999091e+03 2.201190950700000359e-12
7.549999999999999091e+03 0.000000000000000000e+00
7.559999999999999091e+03 1.215344303468749999e-12
7.569999999999999091e+03 3.650204738862500406e-12
7.579999999999999091e+03 0.000000000000000000e+00
7.589999999999999091e+03 5.027832393640000693e-13
7.599999999999999091e+03 7.261786139737501030e-12
7.609999999999999091e+03 5.206315446360000572e-13
7.619999999999999091e+03 1.129853131914937564e-12
7.629999999999999091e+03 1.326350250907499871e-13
7.639999999999999091e+03 0.000000000000000000e+00
7.649999999999999091e+03 0.000000000000000000e+00
7.659999999999999091e+03 0.000000000000000000e+00
7.669999999999999091e+03 1.240804186197187461e-14
7.679999999999998181e+03 0.000000000000000000e+00
7.689999999999998181e+03 0.000000000000000000e+00
7.699999999999998181e+03 7.017910378434376503e-13
7.709999999999998181e+03 2.357441885181249951e-13
7.719999999999998181e+03 0.000000000000000000e+00
7.729999999999998181e+03 2.029805674400000210e-13
7.739999999999998181e+03 3.637394832890000347e-13
7.749999999999998181e+03 0.000000000000000000e+00
7.759999999999998181e+03 6.079014832187498734e-14
7.769999999999998181e+03 3.575285015925000501e-14
7.779999999999998181e+03 0.000000000000000000e+00
7.789999999999998181e+03 4.295591027949375545e-12
7.799999999999998181e+03 2.566328297671250154e-12
7.809999999999998181e+03 2.285247901566875345e-12
7.819999999999998181e+03 2.959885512869250171e-12
7.829999999999998181e+03 5.720180457626250449e-13
7.839999999999998181e+03 8.695782143790000530e-14
7.849999999999998181e+03 0.000000000000000000e+00
7.859999999999998181e+03 6.608096458906249167e-15
7.869999999999998181e+03 4.024849634141875196e-14
7.879999999999998181e+03 1.271461240848750059e-13
7.889999999999998181e+03 1.186415337559375192e-13
7.899999999999998181e+03 0.000000000000000000e+00
7.909999999999998181e+03 1.457624053392062682e-13
7.919999999999998181e+03 3.753561563534999953e-13
7.929999999999998181e+03 0.000000000000000000e+00
7.939999999999998181e+03 0.000000000000000000e+00
7.949999999999998181e+03 2.808622878191812856e-13
7.959999999999998181e+03 9.010495554375001560e-13
7.969999999999998181e+03 1.602022643156250105e-12
7.979999999999998181e+03 5.043611414555000743e-12
7.989999999999998181e+03 1.426314247408749858e-11
7.999999999999998181e+03 2.853049088381624974e-11
8.009999999999998181e+03 1.481998603377212223e-11
8.019999999999998181e+03 6.997284674312095641e-12
8.029999999999998181e+03 1.709643944025900508e-12
8.039999999999998181e+03 2.547087279929555241e-12
8.049999999999998181e+03 7.082039792612932473e-12
8.059999999999998181e+03 0.000000000000000000e+00
8.069999999999998181e+03 4.788239576141138023e-12
8.079999999999998181e+03 6.637296453867164655e-12
8.089999999999998181e+03 2.181889864952491993e-12
8.099999999999998181e+03 0.000000000000000000e+00
8.109999999999998181e+03 0.000000000000000000e+00
8.119999999999998181e+03 8.005431455376264610e-12
8.129999999999998181e+03 5.958890689366425878e-12
8.139999999999998181e+03 6.449490981897467726e-12
8.149999999999998181e+03 2.854312786944536279e-13
8.159999999999998181e+03 0.000000000000000000e+00
8.169999999999998181e+03 1.085437895145009799e-13
8.179999999999998181e+03 0.000000000000000000e+00
8.189999999999998181e+03 9.101379738100123764e-14
8.199999999999998181e+03 0.000000000000000000e+00
8.209999999999998181e+03 0.000000000000000000e+00
8.219999999999998181e+03 0.000000000000000000e+00
8.229999999999998181e+03 9.764539609651292248e-13
8.239999999999998181e+03 2.879405527141442962e-12
8.249999999999998181e+03 2.178209674153659008e-12
8.259999999999998181e+03 3.870677043384257661e-13
8.269999999999998181e+03 6.470113809386469923e-12
8.279999999999998181e+03 8.600791383018333565e-12
8.289999999999998181e+03 0.000000000000000000e+00
8.299999999999998181e+03 1.325308680022441888e-13
8.309999999999998181e+03 0.000000000000000000e+00
8.319999999999998181e+03 3.111430173142645806e-12
8.329999999999998181e+03 2.806935928870220388e-12
8.339999999999998181e+03 8.246889357809046879e-12
8.349999999999998181e+03 2.970112636804733350e-11
8.359999999999998181e+03 4.748090206448879316e-12
8.369999999999998181e+03 6.392698227333146321e-11
8.379999999999998181e+03 3.608071412232632851e-12
8.389999999999998181e+03 1.108727294147435157e-12
8.399999999999998181e+03 0.000000000000000000e+00
8.409999999999998181e+03 2.866424475094073999e-12
8.419999999999998181e+03 8.315110856092781549e-12
8.429999999999998181e+03 5.493920981026128132e-12
8.439999999999998181e+03 0.000000000000000000e+00
8.449999999999998181e+03 0.000000000000000000e+00
8.459999999999998181e+03 0.000000000000000000e+00
8.469999999999998181e+03 5.882026663534139729e-11
8.479999999999998181e+03 5.282221275327896104e-11
8.489999999999998181e+03 2.054191629539755623e-11
8.499999999999998181e+03 0.000000000000000000e+00
8.509999999999998181e+03 4.131664844229080106e-11
8.519999999999998181e+03 0.000000000000000000e+00
8.529999999999998181e+03 2.201407054666853254e-11
8.539999999999998181e+03 8.161115147456020457e-12
8.549999999999998181e+03 1.176903016088797895e-11
8.559999999999998181e+03 1.949036068680229957e-12
8.569999999999998181e+03 0.000000000000000000e+00
8.579999999999998181e+03 0.000000000000000000e+00
8.589999999999998181e+03 0.000000000000000000e+00
8.599999999999998181e+03 1.102885168123005170e-12
8.609999999999998181e+03 8.103702733286379177e-13
8.619999999999998181e+03 2.473283167341094272e-12
8.629999999999998181e+03 5.211858315386507841e-14
8.639999999999998181e+03 0.000000000000000000e+00
8.649999999999998181e+03 1.156250934307491359e-12
8.659999999999998181e+03 1.834661626886331577e-12
8.669999999999998181e+03 1.914673653106080210e-12
8.679999999999998181e+03 0.000000000000000000e+00
8.689999999999998181e+03 0.000000000000000000e+00
8.699999999999998181e+03 0.000000000000000000e+00
8.709999999999998181e+03 0.000000000000000000e+00
8.719999999999998181e+03 3.038774475984757857e-12
8.729999999999998181e+03 0.000000000000000000e+00
8.739999999999998181e+03 1.074002279199342897e-12
8.749999999999998181e+03 7.794343154044631768e-13
8.759999999999998181e+03 6.098652434789466319e-12
8.769999999999998181e+03 1.371514050130248953e-11
8.779999999999998181e+03 1.146859767996673936e-10
8.789999999999998181e+03 1.061835020071348125e-12
8.799999999999998181e+03 1.050553337680310540e-12
8.809999999999998181e+03 1.191070577133101114e-12
8.819999999999998181e+03 5.448979077708968991e-14
8.829999999999998181e+03 3.620778310312048394e-14
8.839999999999998181e+03 8.465627249584076053e-14
8.849999999999998181e+03 0.000000000000000000e+00
8.859999999999998181e+03 8.679250911891464224e-15
8.869999999999998181e+03 1.977954387219293277e-14
8.879999999999998181e+03 5.787809273871689686e-15
8.889999999999998181e+03 0.000000000000000000e+00
8.899999999999998181e+03 0.000000000000000000e+00
8.909999999999998181e+03 0.000000000000000000e+00
8.919999999999998181e+03 0.000000000000000000e+00
8.929999999999998181e+03 3.297739528162035565e-14
8.939999999999998181e+03 3.944007784926292989e-14
8.949999999999998181e+03 0.000000000000000000e+00
8.959999999999998181e+03 1.933141270856500304e-14
8.969999999999998181e+03 0.000000000000000000e+00
8.979999999999998181e+03 4.800994760692436101e-14
8.989999999999998181e+03 5.511790866078761979e-15
8.999999999999998181e+03 3.354486783824557405e-15
9.009999999999998181e+03 2.839728085176587112e-14
9.019999999999998181e+03 1.571976606107919454e-13
9.029999999999998181e+03 2.118265231261377413e-13
9.039999999999998181e+03 9.010082594531319341e-13
9.049999999999998181e+03 1.082586073456366968e-12
9.059999999999998181e+03 2.146474856560082080e-12
9.069999999999998181e+03 1.157487805524122652e-11
9.079999999999998181e+03 1.426903619870275488e-10
9.089999999999998181e+03 5.055771020487225304e-09
9.099999999999998181e+03 2.096764419300803561e-10
9.109999999999998181e+03 1.816035643753229286e-10
9.119999999999998181e+03 1.856892548440613039e-10
9.129999999999998181e+03 2.581045411624610351e-10
9.139999999999998181e+03 4.270812932226442731e-10
9.149999999999998181e+03 8.849470930884175686e-10
9.159999999999998181e+03 1.931479755992176962e-09
9.169999999999998181e+03 4.436594343960799864e-09
9.179999999999998181e+03 1.074210393627820561e-08
9.189999999999998181e+03 2.446137531755595095e-08
9.199999999999998181e+03 5.768615965914055087e-08
9.209999999999998181e+03 1.312483077256339489e-07
9.219999999999998181e+03 2.863818069236034956e-07
9.229999999999998181e+03 6.005245761232987840e-07
9.239999999999998181e+03 1.227788423408967367e-06
9.249999999999998181e+03 2.438794322659533096e-06
9.259999999999998181e+03 4.696484016369088983e-06
9.269999999999998181e+03 8.976291542897759163e-06
9.279999999999998181e+03 1.748189160462535670e-05
9.289999999999998181e+03 3.467411842586248029e-05
9.299999999999998181e+03 7.237194077716521115e-05
9.309999999999998181e+03 1.595694856592453259e-04
9.319999999999998181e+03 3.400976483349701083e-04
9.329999999999998181e+03 5.586665686744661128e-04
9.339999999999998181e+03 6.009213360124293895e-04
9.349999999999998181e+03 5.328514739851523269e-04
9.359999999999998181e+03 4.821149561597656884e-04
9.369999999999998181e+03 4.717280794583449946e-04
9.379999999999998181e+03 5.003735404732470235e-04
9.389999999999998181e+03 5.753039568500215159e-04
9.399999999999998181e+03 7.093448411456588663e-04
9.409999999999998181e+03 9.428742572787525682e-04
9.419999999999998181e+03 1.329330732875354032e-03
9.429999999999998181e+03 1.982723549830772095e-03
9.439999999999998181e+03 3.141550186295082123e-03
9.449999999999998181e+03 5.337454340675941607e-03
9.459999999999998181e+03 9.715119696290241968e-03
9.469999999999998181e+03 1.923483905569381772e-02
9.479999999999998181e+03 4.080927043796769155e-02
9.489999999999998181e+03 9.113591202179260886e-02
9.499999999999998181e+03 2.021640639931925609e-01
9.509999999999998181e+03 3.700684778018102361e-01
9.519999999999998181e+03 4.871372888230373066e-01
9.529999999999998181e+03 5.145498695351986562e-01
9.539999999999998181e+03 5.148391353076435806e-01
9.549999999999998181e+03 5.168651632844525334e-01
9.559999999999998181e+03 5.173079802716989972e-01
9.569999999999998181e+03 5.200939287213371953e-01
9.579999999999998181e+03 5.189935892103875181e-01
9.589999999999998181e+03 5.173027341663150036e-01
9.599999999999998181e+03 5.180599730110131418e-01
9.609999999999998181e+03 5.161902272758487342e-01
9.619999999999998181e+03 5.196347311708953143e-01
9.629999999999998181e+03 5.245222194474298272e-01
9.639999999999998181e+03 5.273667209683290391e-01
9.649999999999998181e+03 5.292908712664927684e-01
9.659999999999998181e+03 5.241773701666835317e-01
9.669999999999998181e+03 5.242871926781156322e-01
9.679999999999998181e+03 5.248169155968700483e-01
9.689999999999998181e+03 5.261172145154446866e-01
9.699999999999998181e+03 5.266194773744447000e-01
9.709999999999998181e+03 5.278183533066305166e-01
9.719999999999998181e+03 5.278914825873982641e-01
9.729999999999998181e+03 5.280828095863180360e-01
9.739999999999998181e+03 5.276157996292167862e-01
9.749999999999998181e+03 5.307824591287684246e-01
9.759999999999998181e+03 5.301156465135331564e-01
9.769999999999998181e+03 5.297879407380430283e-01
9.779999999999998181e+03 5.292459225650778532e-01
9.789999999999998181e+03 5.298986762971397146e-01
9.799999999999998181e+03 5.306033481326541956e-01
9.809999999999998181e+03 5.328789357271359606e-01
9.819999999999998181e+03 5.296110550043062748e-01
9.829999999999998181e+03 5.287624543539910515e-01
9.839999999999998181e+03 5.312441530554107283e-01
9.849999999999998181e+03 5.316180955565504851e-01
9.859999999999998181e+03 5.285441020165958514e-01
9.869999999999998181e+03 5.282641329959490983e-01
9.879999999999998181e+03 5.276095770761775050e-01
9.889999999999998181e+03 5.299940039610051556e-01
9.899999999999998181e+03 5.313984756321090686e-01
9.909999999999998181e+03 5.325956494182239043e-01
9.919999999999998181e+03 5.352423875478994342e-01
9.929999999999998181e+03 5.345433645176586035e-01
9.939999999999998181e+03 5.340693357678301112e-01
9.949999999999998181e+03 5.344883209239462696e-01
9.959999999999998181e+03 5.337747456406994884e-01
9.969999999999998181e+03 5.322279505482867545e-01
9.979999999999998181e+03 5.355678334122219164e-01
9.989999999999998181e+03 5.342751779263357204e-01
9.999999999999998181e+03 5.341970337503579858e-01
1.000999999999999818e+04 5.357545027098546964e-01
1.001999999999999818e+04 5.372793428458767506e-01
1.002999999999999818e+04 5.403952597114114464e-01
1.003999999999999818e+04 5.403807774076617720e-01
1.004999999999999818e+04 5.417436270758652084e-01
1.005999999999999818e+04 5.401381850224081793e-01
1.006999999999999818e+04 5.398056320696118515e-01
1.007999999999999818e+04 5.391295708613715876e-01
1.008999999999999818e+04 5.414596866999403790e-01
1.009999999999999818e+04 5.404013126488442786e-01
1.010999999999999818e+04 5.407516169644390747e-01
1.011999999999999818e+04 5.389680506982207353e-01
1.012999999999999818e+04 5.387658030402814324e-01
1.013999999999999818e+04 5.410744391889807936e-01
1.014999999999999818e+04 5.418760361935657244e-01
1.015999999999999818e+04 5.447534553253187140e-01
1.016999999999999818e+04 5.449989075836869645e-01
1.017999999999999818e+04 5.448362315129490208e-01
1.018999999999999818e+04 5.428669409977002758e-01
1.019999999999999818e+04 5.400981148039359914e-01
1.020999999999999818e+04 5.421059194254723712e-01
1.021999999999999818e+04 5.413375123794370580e-01
1.022999999999999818e+04 5.382694668054384124e-01
1.023999999999999818e+04 5.376027691261787700e-01
1.024999999999999818e+04 5.408524564013987845e-01
1.025999999999999818e+04 5.419284629900400496e-01
1.026999999999999818e+04 5.414879871349257412e-01
1.027999999999999818e+04 5.412871748599484834e-01
1.028999999999999818e+04 5.409620681528510833e-01
1.029999999999999818e+04 5.412296765089545936e-01
1.030999999999999818e+04 5.415187121719977625e-01
1.031999999999999818e+04 5.411123592018671768e-01
1.032999999999999818e+04 5.416418834628626833e-01
1.033999999999999818e+04 5.400374775749513523e-01
1.034999999999999818e+04 5.384861152244952986e-01
1.035999999999999818e+04 5.391703186117079438e-01
1.036999999999999818e+04 5.382364410562402446e-01
1.037999999999999818e+04 5.391157948985395576e-01
1.038999999999999818e+04 5.400039893630674825e-01
1.039999999999999818e+04 5.423578138520622760e-01
1.040999999999999818e+04 5.406234624502737063e-01
1.041999999999999818e+04 5.408868534321262800e-01
1.042999999999999818e+04 5.437049937082989448e-01
1.043999999999999818e+04 5.446020524273862407e-01
1.044999999999999818e+04 5.416836493582224410e-01
1.045999999999999818e+04 5.396995470677241613e-01
1.046999999999999818e+04 5.399982759315939962e-01
1.047999999999999818e+04 5.396723121605780937e-01
1.048999999999999818e+04 5.395343498234593804e-01
1.049999999999999818e+04 5.378019169713570413e-01
1.050999999999999818e+04 5.404919137622891112e-01
1.051999999999999818e+04 5.402760087091881269e-01
1.052999999999999818e+04 5.383015678521217984e-01
1.053999999999999818e+04 5.386267803211828298e-01
1.054999999999999818e+04 5.391527664912693085e-01
1.055999999999999818e+04 5.400387211156627565e-01
1.056999999999999818e+04 5.403577908288865750e-01
1.057999999999999818e+04 5.376797143649201249e-01
1.058999999999999818e+04 5.392868608894006988e-01
1.059999999999999818e+04 5.395734005347824214e-01
1.060999999999999818e+04 5.398188603516733686e-01
1.061999999999999818e+04 5.356224479868796351e-01
1.062999999999999818e+04 5.353257799774866488e-01
1.063999999999999818e+04 5.348956286086044010e-01
1.064999999999999818e+04 5.365528927865720332e-01
1.065999999999999818e+04 5.350806342803532401e-01
1.066999999999999818e+04 5.371829633458653497e-01
1.067999999999999818e+04 5.368236099081862278e-01
1.068999999999999818e+04 5.376532384359659078e-01
1.069999999999999818e+04 5.379212452428551172e-01
1.070999999999999818e+04 5.401962108451403566e-01
1.071999999999999818e+04 5.432983196827808614e-01
1.072999999999999818e+04 5.403249133465763965e-01
1.073999999999999818e+04 5.405563389194270041e-01
1.074999999999999818e+04 5.423261055330272917e-01
1.075999999999999818e+04 5.402748635778895636e-01
1.076999999999999818e+04 5.389154921652119512e-01
1.077999999999999818e+04 5.397496749572054942e-01
1.078999999999999818e+04 5.395375042664840581e-01
1.079999999999999818e+04 5.400113078235009301e-01
1.080999999999999818e+04 5.403441702543752001e-01
1.081999999999999818e+04 5.437636091066702093e-01
1.082999999999999818e+04 5.433009255441201280e-01
1.083999999999999818e+04 5.432225971892803429e-01
1.084999999999999818e+04 5.431005645066601106e-01
1.085999999999999818e+04 5.429219630165615929e-01
1.086999999999999818e+04 5.424734883348721892e-01
1.087999999999999818e+04 5.410823528126419424e-01
1.088999999999999818e+04 5.413973111882802725e-01
1.089999999999999818e+04 5.406608310795744110e-01
1.090999999999999818e+04 5.431217299463393378e-01
1.091999999999999818e+04 5.402873668257699435e-01
1.092999999999999818e+04 5.414730933001556945e-01
1.093999999999999818e+04 5.401942837683821885e-01
1.094999999999999818e+04 5.381002527734716212e-01
1.095999999999999818e+04 5.404815269702720748e-01
1.096999999999999818e+04 5.411548816448239485e-01
1.097999999999999818e+04 5.421608639829320619e-01
1.098999999999999818e+04 5.436375209330294167e-01
1.099999999999999818e+04 5.417378087292741284e-01
1.100999999999999818e+04 5.414628434150525749e-01
1.101999999999999818e+04 5.413662798337018911e-01
1.102999999999999818e+04 5.411729004748614402e-01
1.103999999999999818e+04 5.400127879186584767e-01
1.104999999999999818e+04 5.397041223249723352e-01
1.105999999999999818e+04 5.384424133141646474e-01
1.106999999999999818e+04 5.377999354224387574e-01
1.107999999999999818e+04 5.376626680967269145e-01
1.108999999999999818e+04 5.381131053843352108e-01
1.109999999999999818e+04 5.375369936247333946e-01
1.110999999999999818e+04 5.383752601390241477e-01
1.111999999999999818e+04 5.390748432959028280e-01
1.112999999999999818e+04 5.405793707167252382e-01
1.113999999999999818e+04 5.417193135471310983e-01
1.114999999999999818e+04 5.426531297437355850e-01
1.115999999999999818e+04 5.436565993328130730e-01
1.116999999999999818e+04 5.443598222466982106e-01
1.117999999999999818e+04 5.444058017075842359e-01
1.118999999999999818e+04 5.444825017523056143e-01
1.119999999999999818e+04 5.445781369955003948e-01
1.120999999999999818e+04 5.443394261233996945e-01
1.121999999999999818e+04 5.433174899920381051e-01
1.122999999999999818e+04 5.430785649997580400e-01
1.123999999999999818e+04 5.429994902793137124e-01
1.124999999999999818e+04 5.433392962126819548e-01
1.125999999999999818e+04 5.439184600954287685e-01
1.126999999999999818e+04 5.445001226872746569e-01
1.127999999999999818e+04 5.445888263702686194e-01
1.128999999999999818e+04 5.458980995091036181e-01
1.129999999999999818e+04 5.461438041864005166e-01
1.130999999999999818e+04 5.473428177455199606e-01
1.131999999999999818e+04 5.481312963856211917e-01
1.132999999999999818e+04 5.498603693118939706e-01
1.133999999999999818e+04 5.487558883850134350e-01
1.134999999999999818e+04 5.492406586808432634e-01
1.135999999999999818e+04 5.490486131771562528e-01
1.136999999999999818e+04 5.484514422758141050e-01
1.137999999999999818e+04 5.490998376970019912e-01
1.138999999999999818e+04 5.487114006739862715e-01
1.139999999999999818e+04 5.483587845095305724e-01
1.140999999999999818e+04 5.489458939446230090e-01
1.141999999999999818e+04 5.495532774529174880e-01
1.142999999999999818e+04 5.496021654721350291e-01
1.143999999999999818e+04 5.504891813580402582e-01
1.144999999999999818e+04 5.509703905720980677e-01
1.145999999999999818e+04 5.519986782743246945e-01
1.146999999999999818e+04 5.527583306856868051e-01
1.147999999999999818e+04 5.535062446123871771e-01
1.148999999999999818e+04 5.540424970223897239e-01
1.149999999999999818e+04 5.541749579321774144e-01
1.150999999999999818e+04 5.557372796592880970e-01
1.151999999999999818e+04 5.555189757325940114e-01
1.152999999999999818e+04 5.556111087469282062e-01
1.153999999999999818e+04 5.560104812224406778e-01
1.154999999999999818e+04 5.559172477346088215e-01
1.155999999999999818e+04 5.560169875465501566e-01
1.156999999999999818e+04 5.563358730434309063e-01
1.157999999999999818e+04 5.574046121348296134e-01
1.158999999999999818e+04 5.574713896376537470e-01
1.159999999999999818e+04 5.577027596416764821e-01
1.160999999999999818e+04 5.581566311135082170e-01
1.161999999999999818e+04 5.582015078663348229e-01
1.162999999999999818e+04 5.587149047565755922e-01
1.163999999999999818e+04 5.590336686912780184e-01
1.164999999999999818e+04 5.591112264646375118e-01
1.165999999999999818e+04 5.595798849015389820e-01
1.166999999999999818e+04 5.595181798002238915e-01
1.167999999999999818e+04 5.599606723950845133e-01
1.168999999999999818e+04 5.597466047121545385e-01
1.169999999999999818e+04 5.595572413868635797e-01
1.170999999999999818e+04 5.595708005771632410e-01
1.171999999999999818e+04 5.600754856170481188e-01
1.172999999999999818e+04 5.603083132516076814e-01
1.173999999999999818e+04 5.602592569221827024e-01
1.174999999999999818e+04 5.613269935674777278e-01
1.175999999999999818e+04 5.615213259399888246e-01
1.176999999999999818e+04 5.609401406624299202e-01
1.177999999999999818e+04 5.607766605156769835e-01
1.178999999999999818e+04 5.610733009047786934e-01
1.179999999999999818e+04 5.614717325712981211e-01
1.180999999999999818e+04 5.612482206404652008e-01
1.181999999999999818e+04 5.605876547708819047e-01
1.182999999999999818e+04 5.608388228744217718e-01
1.183999999999999818e+04 5.610868715211442259e-01
1.184999999999999818e+04 5.617658817889759071e-01
1.185999999999999818e+04 5.626063139763972654e-01
1.186999999999999818e+04 5.635295417253979311e-01
1.187999999999999818e+04 5.638474030490068234e-01
1.188999999999999818e+04 5.644087619134975364e-01
1.189999999999999818e+04 5.649970277021933995e-01
1.190999999999999818e+04 5.655860764200943969e-01
1.191999999999999818e+04 5.659391714162455012e-01
1.192999999999999818e+04 5.656942652076715206e-01
1.193999999999999818e+04 5.653755920108574085e-01
1.194999999999999818e+04 5.649264707634203964e-01
1.195999999999999818e+04 5.648654369021680610e-01
1.196999999999999818e+04 5.653444651346318794e-01
1.197999999999999818e+04 5.660045229933936550e-01
1.198999999999999818e+04 5.671966289569277953e-01
1.199999999999999818e+04 5.688160732064426739e-01
1.200999999999999818e+04 5.700980792345584636e-01
1.201999999999999818e+04 5.711878393271357934e-01
1.202999999999999818e+04 5.722865748067977876e-01
1.203999999999999818e+04 5.727237090386031459e-01
1.204999999999999818e+04 5.735487029987059726e-01
1.205999999999999818e+04 5.733485344989214250e-01
1.206999999999999818e+04 5.731280153540505573e-01
1.207999999999999818e+04 5.742583369481719657e-01
1.208999999999999818e+04 5.751154997186328499e-01
1.209999999999999818e+04 5.768627054652709640e-01
1.210999999999999818e+04 5.773844115694730661e-01
1.211999999999999818e+04 5.724338117335650011e-01
1.212999999999999818e+04 5.561942634411192188e-01
1.213999999999999818e+04 5.200010832387741422e-01
1.214999999999999818e+04 4.602274360278623688e-01
1.215999999999999818e+04 3.812634376644059020e-01
1.216999999999999818e+04 2.960380321718932839e-01
1.217999999999999818e+04 2.189056712239618174e-01
1.218999999999999818e+04 1.571160235989871590e-01
1.219999999999999818e+04 1.115557011727398712e-01
1.220999999999999818e+04 7.932521273747440704e-02
1.221999999999999818e+04 5.699331948634458328e-02
1.222999999999999818e+04 4.152845623428372268e-02
1.223999999999999818e+04 3.078482106054366077e-02
1.224999999999999818e+04 2.320245783673311260e-02
1.225999999999999818e+04 1.777456384752508153e-02
1.226999999999999818e+04 1.384161611743983319e-02
1.227999999999999818e+04 1.094775743782584222e-02
1.228999999999999818e+04 8.787589883356695247e-03
1.229999999999999818e+04 7.154326592515026541e-03
1.230999999999999818e+04 5.897689679390740944e-03
1.231999999999999818e+04 4.915627566365694465e-03
1.232999999999999818e+04 4.143522361207399238e-03
1.233999999999999818e+04 3.525665656723407301e-03
1.234999999999999818e+04 3.026279655619312087e-03
1.235999999999999818e+04 2.612148684818609706e-03
1.236999999999999818e+04 2.269124398597343033e-03
1.237999999999999818e+04 1.980518812117954604e-03
1.238999999999999818e+04 1.733355867737333385e-03
1.239999999999999818e+04 1.519062719719352752e-03
1.240999999999999818e+04 1.331939833632573645e-03
1.241999999999999818e+04 1.166370806380428917e-03
1.242999999999999818e+04 1.019128563498906395e-03
1.243999999999999818e+04 8.880308395555158675e-04
1.244999999999999818e+04 7.717044408488852930e-04
1.245999999999999818e+04 6.687656196778487324e-04
1.246999999999999818e+04 5.780367829585154925e-04
1.247999999999999818e+04 4.985567150920752234e-04
1.248999999999999818e+04 4.298288382991532304e-04
1.249999999999999818e+04 3.702388593749828525e-04
1.250999999999999818e+04 3.192457348005808522e-04
1.251999999999999818e+04 2.758112521506978290e-04
1.252999999999999818e+04 2.392410554206816432e-04
1.253999999999999818e+04 2.081452870525851728e-04
1.254999999999999818e+04 1.818157052827032449e-04
1.255999999999999818e+04 1.598570493852177689e-04
1.256999999999999818e+04 1.412470618886724617e-04
1.257999999999999818e+04 1.255152929072625792e-04
1.258999999999999818e+04 1.123358999297787558e-04
1.259999999999999818e+04 1.010835619734807791e-04
1.260999999999999818e+04 9.173908264883747789e-05
1.261999999999999818e+04 8.384247880165401987e-05
1.262999999999999818e+04 7.723406845044802731e-05
1.263999999999999818e+04 7.171207324579386398e-05
1.264999999999999818e+04 6.695232516286998305e-05
1.265999999999999818e+04 6.310766095770965636e-05
1.266999999999999818e+04 5.994651802849072770e-05
1.267999999999999818e+04 5.741801865991540783e-05
1.268999999999999818e+04 5.545605032527474882e-05
1.269999999999999818e+04 5.394250740737255398e-05
1.270999999999999818e+04 5.295041324505940760e-05
1.271999999999999818e+04 5.237672161459173146e-05
1.272999999999999818e+04 5.225638215453967119e-05
1.273999999999999818e+04 5.261071652871536161e-05
1.274999999999999818e+04 5.340650085869868923e-05
1.275999999999999818e+04 5.462186826517085924e-05
1.276999999999999818e+04 5.636581148182731783e-05
1.277999999999999818e+04 5.869578160350471640e-05
1.278999999999999818e+04 6.159414403290717653e-05
1.279999999999999818e+04 6.516729633578979071e-05
1.280999999999999818e+04 6.963561660752253478e-05
1.281999999999999818e+04 7.477157685521835704e-05
1.282999999999999818e+04 8.084977388675236771e-05
1.283999999999999818e+04 8.787587682879177871e-05
1.284999999999999818e+04 9.577276335791837063e-05
1.285999999999999818e+04 1.045523532428195687e-04
1.286999999999999818e+04 1.140124226856268887e-04
1.287999999999999818e+04 1.237238177810138129e-04
1.288999999999999818e+04 1.331595040281703191e-04
1.289999999999999818e+04 1.414727852230562714e-04
1.290999999999999818e+04 1.482099396277896958e-04
1.291999999999999818e+04 1.528380037824962373e-04
1.292999999999999818e+04 1.548265860266129495e-04
1.293999999999999818e+04 1.542833181567789306e-04
1.294999999999999818e+04 1.514721808029734120e-04
1.295999999999999818e+04 1.473312356067295499e-04
1.296999999999999818e+04 1.421890137025373451e-04
1.297999999999999818e+04 1.370551898889611579e-04
1.298999999999999818e+04 1.320692265124096985e-04
1.299999999999999818e+04 1.278556000562506884e-04
1.300999999999999818e+04 1.242402170229480775e-04
1.301999999999999818e+04 1.218067876556947556e-04
1.302999999999999818e+04 1.204348741116730508e-04
1.303999999999999818e+04 1.202973894848307978e-04
1.304999999999999818e+04 1.212437385640412419e-04
1.305999999999999818e+04 1.237571883561171900e-04
1.306999999999999818e+04 1.275789793358191363e-04
1.307999999999999818e+04 1.328553383329578424e-04
1.308999999999999818e+04 1.397657745674590283e-04
1.309999999999999818e+04 1.485749413635851232e-04
1.310999999999999818e+04 1.592377481200244599e-04
1.311999999999999818e+04 1.717089041686161073e-04
1.312999999999999818e+04 1.854521324519000465e-04
1.313999999999999818e+04 2.000396075026177371e-04
1.314999999999999818e+04 2.143814593953771329e-04
1.315999999999999818e+04 2.268273550489743808e-04
1.316999999999999818e+04 2.352696297248858977e-04
1.317999999999999818e+04 2.377260316925559761e-04
1.318999999999999818e+04 2.337877773090496492e-04
1.319999999999999818e+04 2.235290243196696850e-04
1.320999999999999818e+04 2.088804781737792378e-04
1.321999999999999818e+04 1.916458618866318875e-04
1.322999999999999818e+04 1.739374333166157009e-04
1.323999999999999818e+04 1.569436782202354979e-04
1.324999999999999818e+04 1.417416450031079144e-04
1.325999999999999818e+04 1.281459098293025558e-04
1.326999999999999818e+04 1.167353773679657194e-04
1.327999999999999818e+04 1.073920184897700765e-04
1.328999999999999818e+04 9.942844341327301545e-05
1.329999999999999818e+04 9.308869735363540891e-05
1.330999999999999818e+04 8.806121703522640242e-05
1.331999999999999818e+04 8.426262482903157359e-05
1.332999999999999818e+04 8.137370370645996044e-05
1.333999999999999818e+04 7.945497245056687820e-05
1.334999999999999818e+04 7.838479263712508458e-05
1.335999999999999818e+04 7.822334393981975314e-05
1.336999999999999818e+04 7.867232750581468551e-05
1.337999999999999818e+04 8.000905514809083217e-05
1.338999999999999818e+04 8.216153871621069394e-05
1.339999999999999818e+04 8.512069177425407574e-05
1.340999999999999818e+04 8.883392651023919769e-05
1.341999999999999818e+04 9.360028416362894575e-05
1.342999999999999818e+04 9.925701475242419193e-05
1.343999999999999818e+04 1.059061067454904296e-04
1.344999999999999818e+04 1.135680027774098474e-04
1.345999999999999818e+04 1.219224433043592068e-04
1.346999999999999818e+04 1.312758859432143856e-04
1.347999999999999818e+04 1.409004323275615095e-04
1.348999999999999818e+04 1.508518729990784054e-04
1.349999999999999818e+04 1.603283157491618431e-04
1.350999999999999818e+04 1.689502001747771585e-04
1.351999999999999818e+04 1.758614505825584358e-04
1.352999999999999818e+04 1.809767650913697990e-04
1.353999999999999818e+04 1.834770640463815120e-04
1.354999999999999818e+04 1.838001183710618084e-04
1.355999999999999818e+04 1.821365172069323716e-04
1.356999999999999818e+04 1.790946836171293250e-04
1.357999999999999818e+04 1.748886150040285757e-04
1.358999999999999818e+04 1.701463519276435012e-04
1.359999999999999818e+04 1.654559035481896175e-04
1.360999999999999818e+04 1.606048709698267604e-04
1.361999999999999818e+04 1.564558606253659543e-04
1.362999999999999818e+04 1.525248781223003975e-04
1.363999999999999818e+04 1.495784745416194430e-04
1.364999999999999818e+04 1.469827692189855286e-04
1.365999999999999818e+04 1.451887619476552587e-04
1.366999999999999818e+04 1.436500066759408283e-04
1.367999999999999818e+04 1.426676022021307127e-04
1.368999999999999818e+04 1.420939779494482386e-04
1.369999999999999818e+04 1.411023298388511293e-04
1.370999999999999818e+04 1.403079106629514302e-04
1.371999999999999818e+04 1.391642249115241899e-04
1.372999999999999818e+04 1.380456694243514522e-04
1.373999999999999818e+04 1.361765587046816727e-04
1.374999999999999818e+04 1.342099538520730531e-04
1.375999999999999818e+04 1.319470416887323161e-04
1.376999999999999818e+04 1.292693547337709205e-04
1.377999999999999818e+04 1.264793522626661733e-04
1.378999999999999818e+04 1.236978052337737890e-04
1.379999999999999818e+04 1.208666352841152893e-04
1.380999999999999818e+04 1.179834617719878334e-04
1.381999999999999818e+04 1.153155403437255229e-04
1.382999999999999818e+04 1.130323007410041330e-04
1.383999999999999818e+04 1.111078857232614906e-04
1.384999999999999818e+04 1.095582017293281310e-04
1.385999999999999818e+04 1.083233470321975743e-04
1.386999999999999818e+04 1.076326936493496718e-04
1.387999999999999818e+04 1.074012130822061466e-04
1.388999999999999818e+04 1.077261182567485962e-04
1.389999999999999818e+04 1.084855391908876059e-04
1.390999999999999818e+04 1.100910688836617820e-04
1.391999999999999818e+04 1.122662180156431080e-04
1.392999999999999818e+04 1.149476491207388862e-04
1.393999999999999818e+04 1.183681516646005856e-04
1.394999999999999818e+04 1.224306225252747157e-04
1.395999999999999818e+04 1.271076736838305918e-04
1.396999999999999818e+04 1.323221673714051040e-04
1.397999999999999818e+04 1.381292784042717416e-04
1.398999999999999818e+04 1.442375871102247978e-04
1.399999999999999818e+04 1.504211971124626930e-04
1.400999999999999818e+04 1.563381762166775953e-04
1.401999999999999818e+04 1.615628799298106247e-04
1.402999999999999818e+04 1.659893214480821137e-04
1.403999999999999818e+04 1.691616627400229379e-04
1.404999999999999818e+04 1.704361443008173000e-04
1.405999999999999818e+04 1.700077655430126764e-04
1.406999999999999818e+04 1.681257159829783435e-04
1.407999999999999818e+04 1.646061282669786111e-04
1.408999999999999818e+04 1.596828836339206120e-04
1.409999999999999818e+04 1.541027914760360331e-04
1.410999999999999818e+04 1.481304535937944759e-04
1.411999999999999818e+04 1.420206673419761661e-04
1.412999999999999818e+04 1.362522534331634348e-04
1.413999999999999818e+04 1.307430279665748075e-04
1.414999999999999818e+04 1.259984724462870841e-04
1.415999999999999818e+04 1.218429302298605106e-04
1.416999999999999818e+04 1.186077594953408298e-04
1.417999999999999818e+04 1.161013140062795745e-04
1.418999999999999818e+04 1.143836177460528033e-04
1.419999999999999818e+04 1.134026961718327968e-04
1.420999999999999818e+04 1.132218185101049011e-04
1.421999999999999818e+04 1.139924723771799090e-04
1.422999999999999818e+04 1.155172153213068038e-04
1.423999999999999818e+04 1.180718719600289492e-04
1.424999999999999818e+04 1.215116621963517986e-04
1.425999999999999818e+04 1.260556939147872016e-04
1.426999999999999818e+04 1.314688352846610274e-04
1.427999999999999818e+04 1.377075535322114285e-04
1.428999999999999818e+04 1.448730961245725285e-04
1.429999999999999818e+04 1.526812731199371726e-04
1.430999999999999818e+04 1.612524520351550693e-04
1.431999999999999818e+04 1.697966353866302985e-04
1.432999999999999818e+04 1.780462612549780555e-04
1.433999999999999818e+04 1.854606950502358208e-04
1.434999999999999818e+04 1.908961394344813728e-04
1.435999999999999818e+04 1.943846759478710820e-04
1.436999999999999818e+04 1.951136878705939950e-04
1.437999999999999818e+04 1.927916177687563073e-04
1.438999999999999818e+04 1.879187344554020126e-04
1.439999999999999818e+04 1.809470147625647201e-04
1.440999999999999818e+04 1.723127973801217151e-04
1.441999999999999818e+04 1.630845194145671560e-04
1.442999999999999818e+04 1.535287046823908879e-04
1.443999999999999818e+04 1.442815441788100964e-04
1.444999999999999818e+04 1.356059943245314437e-04
1.445999999999999818e+04 1.277850062463507645e-04
1.446999999999999818e+04 1.210312243609910221e-04
1.447999999999999818e+04 1.150977528825724064e-04
1.448999999999999818e+04 1.100130931085165211e-04
1.449999999999999818e+04 1.058750725315330378e-04
1.450999999999999818e+04 1.026736564414458628e-04
1.451999999999999818e+04 1.002339809771218002e-04
1.452999999999999818e+04 9.864752301405288980e-05
1.453999999999999818e+04 9.781191586940581701e-05
1.454999999999999818e+04 9.764029195591107354e-05
1.455999999999999818e+04 9.816944157199968349e-05
1.456999999999999818e+04 9.944299727630492728e-05
1.457999999999999818e+04 1.014903888763479448e-04
1.458999999999999818e+04 1.042285123864855004e-04
1.459999999999999818e+04 1.076900334420682410e-04
1.460999999999999818e+04 1.117560597457854050e-04
1.461999999999999818e+04 1.165598602513981310e-04
1.462999999999999818e+04 1.220216417694109322e-04
1.463999999999999818e+04 1.280279277150192388e-04
1.464999999999999818e+04 1.342810771004512242e-04
1.465999999999999818e+04 1.409586802510828134e-04
1.466999999999999818e+04 1.474600988219954554e-04
1.467999999999999818e+04 1.535892257835009276e-04
1.468999999999999818e+04 1.589089892849371766e-04
1.469999999999999818e+04 1.632958046140596661e-04
1.470999999999999818e+04 1.660860011941571544e-04
1.471999999999999818e+04 1.674580188482554166e-04
1.472999999999999818e+04 1.671345888132491511e-04
1.473999999999999818e+04 1.652210420557859735e-04
1.474999999999999818e+04 1.622250304857618636e-04
1.475999999999999818e+04 1.582629241343743278e-04
1.476999999999999818e+04 1.536155282815900079e-04
1.477999999999999818e+04 1.486790840556733687e-04
1.478999999999999818e+04 1.435719118235993981e-04
1.479999999999999818e+04 1.389182196379732553e-04
1.480999999999999818e+04 1.347064731878432997e-04
1.481999999999999818e+04 1.309485241534243929e-04
1.482999999999999818e+04 1.279653402487356114e-04
1.483999999999999818e+04 1.257068318376678448e-04
1.484999999999999818e+04 1.238297841444456070e-04
1.485999999999999818e+04 1.229121571747967558e-04
1.486999999999999818e+04 1.225690959505655792e-04
1.487999999999999818e+04 1.230047822618395503e-04
1.488999999999999818e+04 1.243149501670613396e-04
1.489999999999999818e+04 1.263409341289662498e-04
1.490999999999999818e+04 1.292329813258302328e-04
1.491999999999999818e+04 1.325825106018239637e-04
1.492999999999999818e+04 1.369097101079168040e-04
1.493999999999999818e+04 1.418322559126061495e-04
1.494999999999999818e+04 1.474090254597727561e-04
1.495999999999999818e+04 1.534287479005853709e-04
1.496999999999999818e+04 1.596269501232500478e-04
1.497999999999999818e+04 1.657643785835929897e-04
1.498999999999999818e+04 1.718542847727841686e-04
1.499999999999999818e+04 1.768885072374099432e-04
1.500999999999999818e+04 1.812329182764752607e-04
1.501999999999999818e+04 1.840295092590523503e-04
1.502999999999999818e+04 1.850781210524403485e-04
1.503999999999999818e+04 1.842757635921597108e-04
1.504999999999999818e+04 1.818321784162584551e-04
1.505999999999999818e+04 1.778327478073893906e-04
1.506999999999999818e+04 1.723694645181008127e-04
1.507999999999999818e+04 1.662121696724822549e-04
1.508999999999999818e+04 1.594713352349150552e-04
1.509999999999999818e+04 1.526470543142842212e-04
1.510999999999999818e+04 1.458697622902685551e-04
1.511999999999999818e+04 1.395553098739039629e-04
1.512999999999999818e+04 1.337360472138052615e-04
1.513999999999999818e+04 1.285819649981494845e-04
1.514999999999999818e+04 1.240397971539779686e-04
1.515999999999999818e+04 1.202842083195767604e-04
1.516999999999999818e+04 1.171792697256052651e-04
1.517999999999999818e+04 1.148748887993740768e-04
1.518999999999999818e+04 1.133127816667934011e-04
1.519999999999999818e+04 1.123101511889774620e-04
1.520999999999999818e+04 1.119740888454415516e-04
1.521999999999999818e+04 1.127642921664314898e-04
1.522999999999999818e+04 1.138879676314204540e-04
1.523999999999999818e+04 1.158707494724600727e-04
1.524999999999999818e+04 1.186439063287903200e-04
1.525999999999999818e+04 1.220166995042555906e-04
1.526999999999999818e+04 1.262442253297682104e-04
1.527999999999999818e+04 1.311644186875066955e-04
1.528999999999999818e+04 1.368779262298481744e-04
1.529999999999999818e+04 1.431400756424360151e-04
1.530999999999999818e+04 1.499877241484077410e-04
1.531999999999999818e+04 1.572524063544863872e-04
1.532999999999999818e+04 1.649733973958386829e-04
1.533999999999999818e+04 1.720320317606809134e-04
1.534999999999999818e+04 1.788446836209623531e-04
1.535999999999999636e+04 1.848479729759578869e-04
1.536999999999999636e+04 1.891912797402882102e-04
1.537999999999999636e+04 1.919275557671451353e-04
1.538999999999999636e+04 1.930005333381577923e-04
1.539999999999999636e+04 1.918618290148791359e-04
1.540999999999999636e+04 1.892687497878569149e-04
1.541999999999999636e+04 1.847029838365650805e-04
1.542999999999999636e+04 1.792087797402397518e-04
1.543999999999999636e+04 1.729571608202315936e-04
1.544999999999999636e+04 1.663685826877219290e-04
1.545999999999999636e+04 1.597550950642104414e-04
1.546999999999999636e+04 1.534675951267804159e-04
1.547999999999999636e+04 1.475201804167980619e-04
1.548999999999999636e+04 1.423510571906652416e-04
1.549999999999999636e+04 1.377147311485394071e-04
1.550999999999999636e+04 1.339377691444086605e-04
1.551999999999999636e+04 1.308418258030367412e-04
1.552999999999999636e+04 1.288549828910702879e-04
1.553999999999999636e+04 1.274971119076586930e-04
1.554999999999999636e+04 1.267727339226060233e-04
1.555999999999999636e+04 1.270122266131807449e-04
1.556999999999999636e+04 1.281948881043313269e-04
1.557999999999999636e+04 1.302731645247051434e-04
1.558999999999999636e+04 1.332421984223100726e-04
1.559999999999999636e+04 1.369695991164819257e-04
1.560999999999999636e+04 1.415324805739465088e-04
1.561999999999999636e+04 1.470552204507853331e-04
1.562999999999999636e+04 1.535354435323907189e-04
1.563999999999999636e+04 1.606321381609564333e-04
1.564999999999999636e+04 1.683043336489285877e-04
1.565999999999999636e+04 1.762287394802556555e-04
1.566999999999999636e+04 1.838326593357720532e-04
1.567999999999999636e+04 1.907901834029169120e-04
1.568999999999999636e+04 1.964041393731228368e-04
1.569999999999999636e+04 1.999537064875915474e-04
1.570999999999999636e+04 2.008463802730573952e-04
1.571999999999999636e+04 1.985693982109447170e-04
1.572999999999999636e+04 1.932432761468909777e-04
1.573999999999999636e+04 1.853665824352452836e-04
1.574999999999999636e+04 1.755817270884178598e-04
1.575999999999999636e+04 1.641099503093255724e-04
1.576999999999999636e+04 1.523458550926575894e-04
1.577999999999999636e+04 1.407211656696897553e-04
1.578999999999999636e+04 1.294143618581814175e-04
1.579999999999999636e+04 1.189223042117757220e-04
1.580999999999999636e+04 1.094367983539978472e-04
1.581999999999999636e+04 1.008443131541049274e-04
1.582999999999999636e+04 9.326116906360199909e-05
1.583999999999999636e+04 8.684451586075108570e-05
1.584999999999999636e+04 8.122213518556929798e-05
1.585999999999999636e+04 7.640478772298064393e-05
1.586999999999999636e+04 7.229143341850565103e-05
1.587999999999999636e+04 6.876513873518251823e-05
1.588999999999999636e+04 6.593507596287958000e-05
1.589999999999999636e+04 6.350650193425403246e-05
1.590999999999999636e+04 6.166876089396401261e-05
1.591999999999999636e+04 6.033248381047081645e-05
1.592999999999999636e+04 5.937196711386254943e-05
1.593999999999999636e+04 5.883957710285129611e-05
1.594999999999999636e+04 5.868451373903070268e-05
1.595999999999999636e+04 5.892867957648634096e-05
1.596999999999999636e+04 5.965614473416085356e-05
1.597999999999999636e+04 6.079260673800150535e-05
1.598999999999999636e+04 6.238228926530205978e-05
1.599999999999999636e+04 6.457515923022572263e-05
1.600999999999999636e+04 6.724562632050496477e-05
1.601999999999999636e+04 7.051351117244312647e-05
1.602999999999999636e+04 7.454185731272899005e-05
1.603999999999999636e+04 7.951215511338614547e-05
1.604999999999999636e+04 8.537788740875886830e-05
1.605999999999999636e+04 9.242486371666837179e-05
1.606999999999999636e+04 1.006952325533341173e-04
1.607999999999999636e+04 1.106244921483629326e-04
1.608999999999999636e+04 1.222944601076251549e-04
1.609999999999999636e+04 1.359681939978298819e-04
1.610999999999999636e+04 1.518194275585042850e-04
1.611999999999999636e+04 1.699175746830253490e-04
1.612999999999999636e+04 1.900502970082296812e-04
1.613999999999999636e+04 2.115612728793739663e-04
1.614999999999999636e+04 2.330827471391351893e-04
1.615999999999999636e+04 2.528526479108014779e-04
1.616999999999999636e+04 2.680184959721836459e-04
1.617999999999999636e+04 2.763314824524793281e-04
1.618999999999999636e+04 2.765216079727412742e-04
1.619999999999999636e+04 2.688815235703040309e-04
1.620999999999999636e+04 2.550144064773177555e-04
1.621999999999999636e+04 2.363272757015545114e-04
1.622999999999999636e+04 2.160837116081236887e-04
1.623999999999999636e+04 1.964382744340413068e-04
1.624999999999999636e+04 1.774990976664577011e-04
1.625999999999999636e+04 1.605502335619868890e-04
1.626999999999999636e+04 1.455498639821421216e-04
1.627999999999999636e+04 1.325497203670924552e-04
1.628999999999999636e+04 1.215680673997849843e-04
1.629999999999999636e+04 1.120926541286830334e-04
1.630999999999999636e+04 1.042139678095282783e-04
1.631999999999999636e+04 9.749779924845034624e-05
1.632999999999999636e+04 9.184623153333762891e-05
1.633999999999999636e+04 8.721016073467311662e-05
1.634999999999999636e+04 8.339344084318459495e-05
1.635999999999999636e+04 8.035105005983647457e-05
1.636999999999999636e+04 7.790719282977605689e-05
1.637999999999999636e+04 7.605663054865410746e-05
1.638999999999999636e+04 7.472715194951719589e-05
1.639999999999999636e+04 7.390440265332942323e-05
1.640999999999999636e+04 7.357061413473049878e-05
1.641999999999999636e+04 7.359906326569843693e-05
1.642999999999999636e+04 7.415505898171101916e-05
1.643999999999999636e+04 7.504366952290213210e-05
1.644999999999999636e+04 7.641904430107065288e-05
1.645999999999999636e+04 7.810642228611976916e-05
1.646999999999999636e+04 8.019152859963516507e-05
1.647999999999999636e+04 8.286474805759419255e-05
1.648999999999999636e+04 8.582543558978512010e-05
1.649999999999999636e+04 8.930652400673329717e-05
1.650999999999999636e+04 9.318309290829312498e-05
1.651999999999999636e+04 9.745583949028073837e-05
1.652999999999999636e+04 1.019534479268968045e-04
1.653999999999999636e+04 1.071167297782649679e-04
1.654999999999999636e+04 1.122925124760660475e-04
1.655999999999999636e+04 1.175838421042142029e-04
1.656999999999999636e+04 1.229385903695660669e-04
1.657999999999999636e+04 1.282369663105318864e-04
1.658999999999999636e+04 1.330543638033540772e-04
1.659999999999999636e+04 1.373404459324915178e-04
1.660999999999999636e+04 1.409786743176390711e-04
1.661999999999999636e+04 1.436411698800538065e-04
1.662999999999999636e+04 1.452965842431530423e-04
1.663999999999999636e+04 1.460123902305678816e-04
1.664999999999999636e+04 1.456748341940466453e-04
1.665999999999999636e+04 1.443979890313937232e-04
1.666999999999999636e+04 1.423316635508165505e-04
1.667999999999999636e+04 1.396091176582340513e-04
1.668999999999999636e+04 1.363715178274570877e-04
1.669999999999999636e+04 1.329133195004323427e-04
1.670999999999999636e+04 1.292719533509564226e-04
1.671999999999999636e+04 1.257177686472195658e-04
1.672999999999999636e+04 1.222587955175055555e-04
1.673999999999999636e+04 1.189436220651004291e-04
1.674999999999999636e+04 1.158964317215441237e-04
1.675999999999999636e+04 1.133007987683500907e-04
1.676999999999999636e+04 1.109178946250176303e-04
1.677999999999999636e+04 1.089500415579294936e-04
1.678999999999999636e+04 1.074172483713369843e-04
1.679999999999999636e+04 1.062131612898547844e-04
1.680999999999999636e+04 1.054467315625648189e-04
1.681999999999999636e+04 1.050588694696104005e-04
1.682999999999999636e+04 1.051265303837543407e-04
1.683999999999999636e+04 1.056498437608144770e-04
1.684999999999999636e+04 1.065714486768168167e-04
1.685999999999999636e+04 1.077968207079118640e-04
1.686999999999999636e+04 1.094105490329289678e-04
1.687999999999999636e+04 1.115509840929472421e-04
1.688999999999999636e+04 1.141787336215641628e-04
1.689999999999999636e+04 1.170717746797727546e-04
1.690999999999999636e+04 1.203571616160078756e-04
1.691999999999999636e+04 1.242308956020601190e-04
1.692999999999999636e+04 1.285537434364870956e-04
1.693999999999999636e+04 1.329368347362069164e-04
1.694999999999999636e+04 1.377337873801750482e-04
1.695999999999999636e+04 1.428392310771686496e-04
1.696999999999999636e+04 1.479630783595236286e-04
1.697999999999999636e+04 1.533205149633696650e-04
1.698999999999999636e+04 1.588415291501911182e-04
1.699999999999999636e+04 1.637863424575762604e-04
1.700999999999999636e+04 1.685066767444872609e-04
1.701999999999999636e+04 1.726484569737223626e-04
1.702999999999999636e+04 1.761000741479142062e-04
1.703999999999999636e+04 1.790015739305048765e-04
1.704999999999999636e+04 1.808614535538531274e-04
1.705999999999999636e+04 1.817436921948010142e-04
1.706999999999999636e+04 1.817266631110227174e-04
1.707999999999999636e+04 1.807797460485897662e-04
1.708999999999999636e+04 1.791167895517728904e-04
1.709999999999999636e+04 1.764710290945088777e-04
1.710999999999999636e+04 1.732114749790944865e-04
1.711999999999999636e+04 1.698590223120519333e-04
1.712999999999999636e+04 1.658049537422013177e-04
1.713999999999999636e+04 1.617211394897235155e-04
1.714999999999999636e+04 1.579993070914585207e-04
1.715999999999999636e+04 1.538577059821444630e-04
1.716999999999999636e+04 1.500888065059873910e-04
1.717999999999999636e+04 1.465025502458527755e-04
1.718999999999999636e+04 1.431421913878347450e-04
1.719999999999999636e+04 1.400079217560347162e-04
1.720999999999999636e+04 1.373416550385819681e-04
1.721999999999999636e+04 1.348694460011753895e-04
1.722999999999999636e+04 1.327890410511071398e-04
1.723999999999999636e+04 1.309494082073546875e-04
1.724999999999999636e+04 1.296095522149184442e-04
1.725999999999999636e+04 1.285954787977819239e-04
1.726999999999999636e+04 1.278229030499649494e-04
1.727999999999999636e+04 1.271921894833544469e-04
1.728999999999999636e+04 1.269086138880451734e-04
1.729999999999999636e+04 1.270200781868615941e-04
1.730999999999999636e+04 1.274007674349432646e-04
1.731999999999999636e+04 1.280255439168760927e-04
1.732999999999999636e+04 1.286093349428142759e-04
1.733999999999999636e+04 1.294966522063563266e-04
1.734999999999999636e+04 1.303834876712742685e-04
1.735999999999999636e+04 1.315502774948264870e-04
1.736999999999999636e+04 1.327473773419240728e-04
1.737999999999999636e+04 1.340281925552177134e-04
1.738999999999999636e+04 1.352282701504408226e-04
1.739999999999999636e+04 1.362969846351582358e-04
1.740999999999999636e+04 1.371595078905412616e-04
1.741999999999999636e+04 1.381718152536212055e-04
1.742999999999999636e+04 1.385998150125577057e-04
1.743999999999999636e+04 1.391574574364591501e-04
1.744999999999999636e+04 1.392485945772453410e-04
1.745999999999999636e+04 1.388472628660652260e-04
1.746999999999999636e+04 1.384466082612844620e-04
1.747999999999999636e+04 1.379031497356437898e-04
1.748999999999999636e+04 1.367850113123208165e-04
1.749999999999999636e+04 1.353636177949004945e-04
1.750999999999999636e+04 1.335679882989791300e-04
1.751999999999999636e+04 1.320037600966070777e-04
1.752999999999999636e+04 1.299872151050731586e-04
1.753999999999999636e+04 1.279691223894795129e-04
1.754999999999999636e+04 1.258025673441716689e-04
1.755999999999999636e+04 1.235830024776343619e-04
1.756999999999999636e+04 1.214334303420245220e-04
1.757999999999999636e+04 1.191545078525526729e-04
1.758999999999999636e+04 1.169937247154604769e-04
1.759999999999999636e+04 1.148444378033102202e-04
1.760999999999999636e+04 1.130972215160725797e-04
1.761999999999999636e+04 1.112244713771822055e-04
1.762999999999999636e+04 1.096386148791521207e-04
1.763999999999999636e+04 1.080408597927598317e-04
1.764999999999999636e+04 1.068632822221734298e-04
1.765999999999999636e+04 1.056310327311984945e-04
1.766999999999999636e+04 1.048439220434147629e-04
1.767999999999999636e+04 1.040152048746321241e-04
1.768999999999999636e+04 1.035157921682832685e-04
1.769999999999999636e+04 1.029853003669928789e-04
1.770999999999999636e+04 1.029274659839449923e-04
1.771999999999999636e+04 1.029367765772107589e-04
1.772999999999999636e+04 1.032980133971257746e-04
1.773999999999999636e+04 1.038991362827440307e-04
1.774999999999999636e+04 1.045930944151921151e-04
1.775999999999999636e+04 1.052834713462088233e-04
1.776999999999999636e+04 1.063117631004850157e-04
1.777999999999999636e+04 1.074294656761609124e-04
1.778999999999999636e+04 1.088779099735661521e-04
1.779999999999999636e+04 1.105142196524183575e-04
1.780999999999999636e+04 1.122572117409132071e-04
1.781999999999999636e+04 1.142051008175107746e-04
1.782999999999999636e+04 1.161134353945051490e-04
1.783999999999999636e+04 1.181495833159716799e-04
1.784999999999999636e+04 1.205695022139485458e-04
1.785999999999999636e+04 1.229634248189982249e-04
1.786999999999999636e+04 1.256314108166067703e-04
1.787999999999999636e+04 1.282305892608302182e-04
1.788999999999999636e+04 1.306925801596482836e-04
1.789999999999999636e+04 1.332188056641750201e-04
1.790999999999999636e+04 1.359766465134806639e-04
1.791999999999999636e+04 1.382552846687093104e-04
1.792999999999999636e+04 1.407930204310296762e-04
1.793999999999999636e+04 1.431817321901059190e-04
1.794999999999999636e+04 1.454985728591336462e-04
1.795999999999999636e+04 1.474055070764239569e-04
1.796999999999999636e+04 1.495214781804383411e-04
1.797999999999999636e+04 1.510043357161767747e-04
1.798999999999999636e+04 1.526743782187993739e-04
1.799999999999999636e+04 1.539145262090607852e-04
1.800999999999999636e+04 1.551459590279578838e-04
1.801999999999999636e+04 1.560550961737170979e-04
1.802999999999999636e+04 1.571988395885249191e-04
1.803999999999999636e+04 1.576016637319976378e-04
1.804999999999999636e+04 1.579894892714561489e-04
1.805999999999999636e+04 1.583720587683800762e-04
1.806999999999999636e+04 1.586764320162993721e-04
1.807999999999999636e+04 1.591431163983875554e-04
1.808999999999999636e+04 1.591713273891835236e-04
1.809999999999999636e+04 1.593648223599292049e-04
1.810999999999999636e+04 1.595250382523123029e-04
1.811999999999999636e+04 1.598016614823111431e-04
1.812999999999999636e+04 1.599070852187936770e-04
1.813999999999999636e+04 1.601681178369798405e-04
1.814999999999999636e+04 1.604814860003023907e-04
1.815999999999999636e+04 1.607028124894289338e-04
1.816999999999999636e+04 1.611755054484549285e-04
1.817999999999999636e+04 1.618660922560212479e-04
1.818999999999999636e+04 1.621925372832210010e-04
1.819999999999999636e+04 1.627666720534062317e-04
1.820999999999999636e+04 1.633131980936998364e-04
1.821999999999999636e+04 1.639689824945061482e-04
1.822999999999999636e+04 1.648998909654328686e-04
1.823999999999999636e+04 1.654364037104789800e-04
1.824999999999999636e+04 1.658860999121046216e-04
1.825999999999999636e+04 1.664324919067043836e-04
1.826999999999999636e+04 1.667734441808204585e-04
1.827999999999999636e+04 1.670110134574095885e-04
1.828999999999999636e+04 1.670388997797765337e-04
1.829999999999999636e+04 1.668466853039198212e-04
1.830999999999999636e+04 1.665744712218764144e-04
1.831999999999999636e+04 1.659170859011498990e-04
1.832999999999999636e+04 1.651552357205273260e-04
1.833999999999999636e+04 1.638523264168407166e-04
1.834999999999999636e+04 1.625220899846124671e-04
1.835999999999999636e+04 1.606584357900438004e-04
1.836999999999999636e+04 1.584353640705293224e-04
1.837999999999999636e+04 1.560932271656126531e-04
1.838999999999999636e+04 1.532848524340626052e-04
1.839999999999999636e+04 1.505498294151242397e-04
1.840999999999999636e+04 1.477445560532504826e-04
1.841999999999999636e+04 1.444372477885070248e-04
1.842999999999999636e+04 1.410503825032525008e-04
1.843999999999999636e+04 1.376820715882157977e-04
1.844999999999999636e+04 1.342261680018573110e-04
1.845999999999999636e+04 1.306884060483428777e-04
1.846999999999999636e+04 1.274058152343917163e-04
1.847999999999999636e+04 1.241682770277413171e-04
1.848999999999999636e+04 1.207772034563010138e-04
1.849999999999999636e+04 1.177038271115829536e-04
1.850999999999999636e+04 1.146554359418826963e-04
1.851999999999999636e+04 1.117346538319818807e-04
1.852999999999999636e+04 1.087940390870614299e-04
1.853999999999999636e+04 1.062237370461508395e-04
1.854999999999999636e+04 1.039114459489859788e-04
1.855999999999999636e+04 1.016462918582743602e-04
1.856999999999999636e+04 9.954478904307468754e-05
1.857999999999999636e+04 9.770716063977768920e-05
1.858999999999999636e+04 9.594738741511083717e-05
1.859999999999999636e+04 9.438552280792234580e-05
1.860999999999999636e+04 9.304269030841533694e-05
1.861999999999999636e+04 9.192922674495536536e-05
1.862999999999999636e+04 9.106318433979480409e-05
1.863999999999999636e+04 9.023020461185885031e-05
1.864999999999999636e+04 8.952853326358640616e-05
1.865999999999999636e+04 8.911674987574638241e-05
1.866999999999999636e+04 8.872514671534793449e-05
1.867999999999999636e+04 8.854574020890007427e-05
1.868999999999999636e+04 8.860815987023008052e-05
1.869999999999999636e+04 8.887294175096890068e-05
1.870999999999999636e+04 8.917258546874976737e-05
1.871999999999999636e+04 8.965805718108144486e-05
1.872999999999999636e+04 9.017796236530725034e-05
1.873999999999999636e+04 9.116681145200238078e-05
1.874999999999999636e+04 9.238008619504791839e-05
1.875999999999999636e+04 9.365611873812656216e-05
1.876999999999999636e+04 9.495629972081547153e-05
1.877999999999999636e+04 9.664848332528994709e-05
1.878999999999999636e+04 9.852253774578589147e-05
1.879999999999999636e+04 1.004535430694866331e-04
1.880999999999999636e+04 1.025446056509554123e-04
1.881999999999999636e+04 1.047732178016337921e-04
1.882999999999999636e+04 1.072921691218386059e-04
1.883999999999999636e+04 1.100820401290717311e-04
1.884999999999999636e+04 1.130046756853281953e-04
1.885999999999999636e+04 1.160331549118640628e-04
1.886999999999999636e+04 1.192648965372521271e-04
1.887999999999999636e+04 1.225865810415212613e-04
1.888999999999999636e+04 1.259548839068181888e-04
1.889999999999999636e+04 1.294221624645294278e-04
1.890999999999999636e+04 1.330671645454238681e-04
1.891999999999999636e+04 1.367739401884955522e-04
1.892999999999999636e+04 1.403346105886089858e-04
1.893999999999999636e+04 1.440025318866464425e-04
1.894999999999999636e+04 1.472127308046788973e-04
1.895999999999999636e+04 1.506482856024479397e-04
1.896999999999999636e+04 1.534909239666411220e-04
1.897999999999999636e+04 1.561644935366809017e-04
1.898999999999999636e+04 1.583552969781421352e-04
1.899999999999999636e+04 1.607970203878802799e-04
1.900999999999999636e+04 1.621985948164861400e-04
1.901999999999999636e+04 1.633592854360085887e-04
1.902999999999999636e+04 1.644265052520946799e-04
1.903999999999999636e+04 1.643547451948586930e-04
1.904999999999999636e+04 1.643889625204708908e-04
1.905999999999999636e+04 1.639907437611287286e-04
1.906999999999999636e+04 1.630301556224221645e-04
1.907999999999999636e+04 1.613451877935153788e-04
1.908999999999999636e+04 1.597049377029265518e-04
1.909999999999999636e+04 1.579584501443856957e-04
1.910999999999999636e+04 1.555287037720970422e-04
1.911999999999999636e+04 1.529027183886981999e-04
1.912999999999999636e+04 1.503630696221631882e-04
1.913999999999999636e+04 1.477658865385616160e-04
1.914999999999999636e+04 1.448936955538471542e-04
1.915999999999999636e+04 1.418485661618869049e-04
1.916999999999999636e+04 1.391262803827550680e-04
1.917999999999999636e+04 1.366183978317032346e-04
1.918999999999999636e+04 1.335381772637806070e-04
1.919999999999999636e+04 1.308351957327350229e-04
1.920999999999999636e+04 1.286380246532324557e-04
1.921999999999999636e+04 1.260265778023728718e-04
1.922999999999999636e+04 1.235763014913648027e-04
1.923999999999999636e+04 1.212406429450296118e-04
1.924999999999999636e+04 1.193891430143199554e-04
1.925999999999999636e+04 1.175304600411218093e-04
1.926999999999999636e+04 1.158762107646856926e-04
1.927999999999999636e+04 1.140946492237787500e-04
1.928999999999999636e+04 1.129097588256076684e-04
1.929999999999999636e+04 1.115981201571614672e-04
1.930999999999999636e+04 1.104631458070076786e-04
1.931999999999999636e+04 1.094733030633002451e-04
1.932999999999999636e+04 1.084652528496290915e-04
1.933999999999999636e+04 1.079006093677199870e-04
1.934999999999999636e+04 1.073472153744869494e-04
1.935999999999999636e+04 1.068241701315529216e-04
1.936999999999999636e+04 1.063246638040363359e-04
1.937999999999999636e+04 1.062620414463433802e-04
1.938999999999999636e+04 1.063964303268801707e-04
1.939999999999999636e+04 1.064440380178135196e-04
1.940999999999999636e+04 1.066466583674319506e-04
1.941999999999999636e+04 1.070743047272331913e-04
1.942999999999999636e+04 1.075385388638614500e-04
1.943999999999999636e+04 1.079273886341002551e-04
1.944999999999999636e+04 1.086576722468232306e-04
1.945999999999999636e+04 1.094600936587934882e-04
1.946999999999999636e+04 1.104212733462153648e-04
1.947999999999999636e+04 1.116755815241637608e-04
1.948999999999999636e+04 1.128494121694541692e-04
1.949999999999999636e+04 1.139965126580764967e-04
1.950999999999999636e+04 1.153822126760577281e-04
1.951999999999999636e+04 1.169315332222651795e-04
1.952999999999999636e+04 1.184994932203771429e-04
1.953999999999999636e+04 1.201318618746895022e-04
1.954999999999999636e+04 1.219291205216780234e-04
1.955999999999999636e+04 1.238163560163431506e-04
1.956999999999999636e+04 1.259985133765955973e-04
1.957999999999999636e+04 1.281002087427346556e-04
1.958999999999999636e+04 1.300723083310564171e-04
1.959999999999999636e+04 1.320336264048696669e-04
1.960999999999999636e+04 1.342670024216075723e-04
1.961999999999999636e+04 1.360977966161524188e-04
1.962999999999999636e+04 1.383755660514133861e-04
1.963999999999999636e+04 1.405212940028560556e-04
1.964999999999999636e+04 1.427994927969548401e-04
1.965999999999999636e+04 1.445018240943416810e-04
1.966999999999999636e+04 1.463566326076165926e-04
1.967999999999999636e+04 1.481608630485217184e-04
1.968999999999999636e+04 1.495724181994282905e-04
1.969999999999999636e+04 1.511908347491543148e-04
1.970999999999999636e+04 1.526154486168464317e-04
1.971999999999999636e+04 1.536736562501558379e-04
1.972999999999999636e+04 1.548267317783103361e-04
1.973999999999999636e+04 1.555440875541019353e-04
1.974999999999999636e+04 1.559050913252949476e-04
1.975999999999999636e+04 1.563203612488254710e-04
1.976999999999999636e+04 1.564528464479849582e-04
1.977999999999999636e+04 1.560465112415614986e-04
1.978999999999999636e+04 1.556736639266571940e-04
1.979999999999999636e+04 1.547763899953626609e-04
1.980999999999999636e+04 1.539546850549324420e-04
1.981999999999999636e+04 1.533327284566110603e-04
1.982999999999999636e+04 1.520993752258297047e-04
1.983999999999999636e+04 1.505790621380592882e-04
1.984999999999999636e+04 1.488942706984129052e-04
1.985999999999999636e+04 1.473963928520109008e-04
1.986999999999999636e+04 1.457125331342452098e-04
1.987999999999999636e+04 1.435536386708737141e-04
1.988999999999999636e+04 1.416609800716791092e-04
1.989999999999999636e+04 1.400258258526855288e-04
1.990999999999999636e+04 1.380952149123152101e-04
1.991999999999999636e+04 1.359964192977465515e-04
1.992999999999999636e+04 1.344169464064000482e-04
1.993999999999999636e+04 1.325052032684090960e-04
1.994999999999999636e+04 1.305145219258615564e-04
1.995999999999999636e+04 1.287039076500665470e-04
1.996999999999999636e+04 1.271878193632592214e-04
1.997999999999999636e+04 1.257457403427522419e-04
1.998999999999999636e+04 1.243357630374994447e-04
1.999999999999999636e+04 1.229562876634863946e-04
2.000999999999999636e+04 1.216987930558094714e-04
2.001999999999999636e+04 1.206127645007323357e-04
2.002999999999999636e+04 1.194954485528959375e-04
2.003999999999999636e+04 1.189478948539234759e-04
2.004999999999999636e+04 1.182045383409980363e-04
2.005999999999999636e+04 1.177212019678293355e-04
2.006999999999999636e+04 1.175687618716457375e-04
2.007999999999999636e+04 1.172987970222607993e-04
2.008999999999999636e+04 1.169756945479631259e-04
2.009999999999999636e+04 1.171622633247663167e-04
2.010999999999999636e+04 1.173703310381030536e-04
2.011999999999999636e+04 1.176174248709340169e-04
2.012999999999999636e+04 1.183642133343472787e-04
2.013999999999999636e+04 1.192720544843345440e-04
2.014999999999999636e+04 1.201901817762674455e-04
2.015999999999999636e+04 1.213676970136863840e-04
2.016999999999999636e+04 1.226850920288811606e-04
2.017999999999999636e+04 1.239707806234443242e-04
2.018999999999999636e+04 1.256253132626753799e-04
2.019999999999999636e+04 1.273179807495422079e-04
2.020999999999999636e+04 1.293618917261683940e-04
2.021999999999999636e+04 1.317613220186976647e-04
2.022999999999999636e+04 1.340597261326794418e-04
2.023999999999999636e+04 1.364313792492984512e-04
2.024999999999999636e+04 1.391183775829326990e-04
2.025999999999999636e+04 1.418587762828225516e-04
2.026999999999999636e+04 1.448580712823685046e-04
2.027999999999999636e+04 1.479437027031064403e-04
2.028999999999999636e+04 1.511544337270143699e-04
2.029999999999999636e+04 1.543674695520683507e-04
2.030999999999999636e+04 1.573404922231490483e-04
2.031999999999999636e+04 1.601013128392439889e-04
2.032999999999999636e+04 1.629789265314125844e-04
2.033999999999999636e+04 1.656282248501572045e-04
2.034999999999999636e+04 1.681490168881259945e-04
2.035999999999999636e+04 1.703151312126398049e-04
2.036999999999999636e+04 1.716677363051941649e-04
2.037999999999999636e+04 1.728938762317667500e-04
2.038999999999999636e+04 1.733906885561565820e-04
2.039999999999999636e+04 1.730417586022991408e-04
2.040999999999999636e+04 1.721159090518451396e-04
2.041999999999999636e+04 1.705193841520259972e-04
2.042999999999999636e+04 1.682322849140267362e-04
2.043999999999999636e+04 1.648602671114841531e-04
2.044999999999999636e+04 1.615052278685356923e-04
2.045999999999999636e+04 1.572089955651479159e-04
2.046999999999999636e+04 1.524468652155414213e-04
2.047999999999999636e+04 1.476137771113886915e-04
2.048999999999999636e+04 1.423833408099395910e-04
2.049999999999999636e+04 1.366127881730242279e-04
2.050999999999999636e+04 1.313335392521197621e-04
2.051999999999999636e+04 1.255308629774397246e-04
2.052999999999999636e+04 1.198170268832407590e-04
2.053999999999999636e+04 1.144050295691236523e-04
2.054999999999999636e+04 1.090606295538026058e-04
2.055999999999999636e+04 1.037886166559844167e-04
2.056999999999999636e+04 9.880447283899567096e-05
2.057999999999999636e+04 9.393000067973182783e-05
2.058999999999999636e+04 8.936674435463119368e-05
2.059999999999999636e+04 8.512933407453366600e-05
2.060999999999999636e+04 8.121785684191044441e-05
2.061999999999999636e+04 7.724442246162902816e-05
2.062999999999999636e+04 7.388034105757096957e-05
2.063999999999999636e+04 7.049806203166020561e-05
2.064999999999999636e+04 6.748708268134390794e-05
2.065999999999999636e+04 6.461625567194279746e-05
2.066999999999999636e+04 6.215302621892385485e-05
2.067999999999999636e+04 5.964211587286496910e-05
2.068999999999999636e+04 5.724062761238009697e-05
2.069999999999999636e+04 5.511918322450161633e-05
2.070999999999999636e+04 5.325526256093418711e-05
2.071999999999999636e+04 5.155396679682210982e-05
2.072999999999999636e+04 4.970715803142184845e-05
2.073999999999999636e+04 4.815893240569498666e-05
2.074999999999999636e+04 4.688396877205503361e-05
2.075999999999999636e+04 4.553743201218382657e-05
2.076999999999999636e+04 4.432801919946888490e-05
2.077999999999999636e+04 4.332479438042902489e-05
2.078999999999999636e+04 4.223561324207463175e-05
2.079999999999999636e+04 4.140243004829864936e-05
2.080999999999999636e+04 4.064856061717663145e-05
2.081999999999999636e+04 3.983973051286619755e-05
2.082999999999999636e+04 3.926916114121539497e-05
2.083999999999999636e+04 3.863341339874840763e-05
2.084999999999999636e+04 3.822290395600107737e-05
2.085999999999999636e+04 3.771325188806111872e-05
2.086999999999999636e+04 3.724510601250534706e-05
2.087999999999999636e+04 3.708954898597974659e-05
2.088999999999999636e+04 3.683195708217510951e-05
2.089999999999999636e+04 3.659611128758613423e-05
2.090999999999999636e+04 3.638377569951778927e-05
2.091999999999999636e+04 3.636746994062243300e-05
2.092999999999999636e+04 3.640221501550326054e-05
2.093999999999999636e+04 3.648483905636761004e-05
2.094999999999999636e+04 3.664464849602518690e-05
2.095999999999999636e+04 3.674287188631793303e-05
2.096999999999999636e+04 3.703020201223106980e-05
2.097999999999999636e+04 3.727805686159117124e-05
2.098999999999999636e+04 3.806884293149148879e-05
2.099999999999999636e+04 0.000000000000000000e+00
