3.649999999999999545e+03 0.000000000000000000e+00
3.659999999999999545e+03 3.324573499423750213e-17
3.669999999999999545e+03 2.493328102969375370e-16
3.679999999999999545e+03 2.359515848860625404e-15
3.689999999999999545e+03 1.116443055105000124e-14
3.699999999999999545e+03 5.245474486984374478e-15
3.709999999999999545e+03 1.022831824152249922e-13
3.719999999999999545e+03 1.708980220303124905e-14
3.729999999999999545e+03 4.383237690212500105e-13
3.739999999999999545e+03 4.309977355199687081e-13
3.749999999999999545e+03 5.119810585713688228e-12
3.759999999999999545e+03 1.761271204164062658e-13
3.769999999999999545e+03 0.000000000000000000e+00
3.779999999999999545e+03 0.000000000000000000e+00
3.789999999999999545e+03 0.000000000000000000e+00
3.799999999999999545e+03 0.000000000000000000e+00
3.809999999999999545e+03 0.000000000000000000e+00
3.819999999999999545e+03 1.534964812910374991e-12
3.829999999999999545e+03 6.257482962257625946e-11
3.839999999999999091e+03 1.177669778071499932e-09
3.849999999999999091e+03 3.028277474843250341e-08
3.859999999999999091e+03 3.005682709295000226e-11
3.869999999999999091e+03 0.000000000000000000e+00
3.879999999999999091e+03 0.000000000000000000e+00
3.889999999999999091e+03 0.000000000000000000e+00
3.899999999999999091e+03 1.712540848074000393e-12
3.909999999999999091e+03 0.000000000000000000e+00
3.919999999999999091e+03 0.000000000000000000e+00
3.929999999999999091e+03 0.000000000000000000e+00
3.939999999999999091e+03 0.000000000000000000e+00
3.949999999999999091e+03 0.000000000000000000e+00
3.959999999999999091e+03 0.000000000000000000e+00
3.969999999999999091e+03 0.000000000000000000e+00
3.979999999999999091e+03 0.000000000000000000e+00
3.989999999999999091e+03 0.000000000000000000e+00
3.999999999999999091e+03 0.000000000000000000e+00
4.009999999999999091e+03 0.000000000000000000e+00
4.019999999999999091e+03 0.000000000000000000e+00
4.029999999999999091e+03 5.268819769338125242e-12
4.039999999999999091e+03 0.000000000000000000e+00
4.049999999999999091e+03 0.000000000000000000e+00
4.059999999999999091e+03 0.000000000000000000e+00
4.069999999999999091e+03 0.000000000000000000e+00
4.079999999999999091e+03 2.606058875518175073e-14
4.089999999999999091e+03 2.252415211134899967e-14
4.099999999999999091e+03 3.317633113808081075e-13
4.109999999999999091e+03 4.051197051506063107e-13
4.119999999999999091e+03 2.315290948742625162e-15
4.129999999999999091e+03 2.260737285116625419e-15
4.139999999999999091e+03 5.609312460530624743e-14
4.149999999999999091e+03 3.867992693478112614e-14
4.159999999999999091e+03 0.000000000000000000e+00
4.169999999999999091e+03 0.000000000000000000e+00
4.179999999999999091e+03 8.630692074445876422e-14
4.189999999999999091e+03 0.000000000000000000e+00
4.199999999999999091e+03 0.000000000000000000e+00
4.209999999999999091e+03 9.087429348947250479e-16
4.219999999999999091e+03 1.445829987925049763e-15
4.229999999999999091e+03 0.000000000000000000e+00
4.239999999999999091e+03 0.000000000000000000e+00
4.249999999999999091e+03 2.021489676915625347e-15
4.259999999999999091e+03 7.228972779577062378e-16
4.269999999999999091e+03 7.403200936238625715e-16
4.279999999999999091e+03 8.168733888336001067e-15
4.289999999999999091e+03 5.559415721514374605e-15
4.299999999999999091e+03 9.574954503093000441e-15
4.309999999999999091e+03 9.301449828842062058e-14
4.319999999999999091e+03 5.151226414093375319e-15
4.329999999999999091e+03 7.511985578075999828e-15
4.339999999999999091e+03 1.724996381977049755e-13
4.349999999999999091e+03 3.075308027693474881e-13
4.359999999999999091e+03 2.152688239948575460e-14
4.369999999999999091e+03 0.000000000000000000e+00
4.379999999999999091e+03 0.000000000000000000e+00
4.389999999999999091e+03 0.000000000000000000e+00
4.399999999999999091e+03 1.751088000235586299e-13
4.409999999999999091e+03 2.472587669466556854e-13
4.419999999999999091e+03 3.199535027733879051e-12
4.429999999999999091e+03 4.326027070270719473e-12
4.439999999999999091e+03 5.282571567964075095e-12
4.449999999999999091e+03 0.000000000000000000e+00
4.459999999999999091e+03 0.000000000000000000e+00
4.469999999999999091e+03 4.684536818484837451e-13
4.479999999999999091e+03 6.565781165761860511e-13
4.489999999999999091e+03 1.853871047898537411e-12
4.499999999999999091e+03 3.978116929371899811e-12
4.509999999999999091e+03 5.653041988806647139e-12
4.519999999999999091e+03 8.205781454795243627e-11
4.529999999999999091e+03 1.529558429314781340e-10
4.539999999999999091e+03 6.861005449985417701e-10
4.549999999999999091e+03 5.003047312491283354e-10
4.559999999999999091e+03 3.050995381957687121e-09
4.569999999999999091e+03 2.488631453339080045e-10
4.579999999999999091e+03 1.120287534707342797e-10
4.589999999999999091e+03 3.871340172840691216e-08
4.599999999999999091e+03 1.902492393630816717e-10
4.609999999999999091e+03 5.491076499638344793e-10
4.619999999999999091e+03 1.966144143507029781e-10
4.629999999999999091e+03 1.409103870572249542e-10
4.639999999999999091e+03 4.002594691256918968e-10
4.649999999999999091e+03 0.000000000000000000e+00
4.659999999999999091e+03 0.000000000000000000e+00
4.669999999999999091e+03 0.000000000000000000e+00
4.679999999999999091e+03 0.000000000000000000e+00
4.689999999999999091e+03 0.000000000000000000e+00
4.699999999999999091e+03 1.495707299942935669e-09
4.709999999999999091e+03 0.000000000000000000e+00
4.719999999999999091e+03 0.000000000000000000e+00
4.729999999999999091e+03 0.000000000000000000e+00
4.739999999999999091e+03 2.220396840175491465e-08
4.749999999999999091e+03 0.000000000000000000e+00
4.759999999999999091e+03 0.000000000000000000e+00
4.769999999999999091e+03 0.000000000000000000e+00
4.779999999999999091e+03 0.000000000000000000e+00
4.789999999999999091e+03 0.000000000000000000e+00
4.799999999999999091e+03 0.000000000000000000e+00
4.809999999999999091e+03 0.000000000000000000e+00
4.819999999999999091e+03 0.000000000000000000e+00
4.829999999999999091e+03 0.000000000000000000e+00
4.839999999999999091e+03 1.429643084166648980e-08
4.849999999999999091e+03 0.000000000000000000e+00
4.859999999999999091e+03 0.000000000000000000e+00
4.869999999999999091e+03 1.126606302651404766e-07
4.879999999999999091e+03 1.151103308282217706e-08
4.889999999999999091e+03 1.040764673835544799e-08
4.899999999999999091e+03 8.290522753307361072e-08
4.909999999999999091e+03 4.817273456277078645e-08
4.919999999999999091e+03 1.382184193471207905e-08
4.929999999999999091e+03 2.574710979669301409e-07
4.939999999999999091e+03 2.930326103998755349e-08
4.949999999999999091e+03 4.037317148866886011e-09
4.959999999999999091e+03 2.325486251277945040e-08
4.969999999999999091e+03 8.169879381822257018e-09
4.979999999999999091e+03 4.470850632225862624e-09
4.989999999999999091e+03 3.687805905421387480e-09
4.999999999999999091e+03 1.552295555385799651e-07
5.009999999999999091e+03 3.786033262501839660e-09
5.019999999999999091e+03 1.037903191307636526e-09
5.029999999999999091e+03 1.706809147745605433e-09
5.039999999999999091e+03 1.683566964660556254e-08
5.049999999999999091e+03 5.805154973776760441e-10
5.059999999999999091e+03 4.847418278220473099e-10
5.069999999999999091e+03 4.077837591401414739e-10
5.079999999999999091e+03 1.726683658238964163e-09
5.089999999999999091e+03 9.513025232649121437e-07
5.099999999999999091e+03 3.733711532827793764e-09
5.109999999999999091e+03 4.681220796567209493e-09
5.119999999999999091e+03 8.730867879084331047e-09
5.129999999999999091e+03 5.674011884443979898e-09
5.139999999999999091e+03 1.939792908212215894e-07
5.149999999999999091e+03 2.151872264904544177e-09
5.159999999999999091e+03 7.298346203224370251e-10
5.169999999999999091e+03 1.112074294939248414e-09
5.179999999999999091e+03 4.312869285551693317e-09
5.189999999999999091e+03 2.233501166364503914e-10
5.199999999999999091e+03 1.353151732548946489e-10
5.209999999999999091e+03 1.241737703261123258e-10
5.219999999999999091e+03 1.717770653467312675e-10
5.229999999999999091e+03 9.620216593135591072e-10
5.239999999999999091e+03 1.625503812723609043e-09
5.249999999999999091e+03 2.917669271623454213e-10
5.259999999999999091e+03 1.869664052495390787e-10
5.269999999999999091e+03 1.809541298184530088e-10
5.279999999999999091e+03 3.951756888783009088e-10
5.289999999999999091e+03 1.599205972520701167e-08
5.299999999999999091e+03 7.499269263131519794e-10
5.309999999999999091e+03 3.254589309420896700e-10
5.319999999999999091e+03 4.775700550027819873e-10
5.329999999999999091e+03 9.893831634362480208e-10
5.339999999999999091e+03 4.640232933295076798e-10
5.349999999999999091e+03 3.109967013534723375e-09
5.359999999999999091e+03 1.404149333352863981e-10
5.369999999999999091e+03 2.319120565013408647e-11
5.379999999999999091e+03 0.000000000000000000e+00
5.389999999999999091e+03 0.000000000000000000e+00
5.399999999999999091e+03 0.000000000000000000e+00
5.409999999999999091e+03 0.000000000000000000e+00
5.419999999999999091e+03 0.000000000000000000e+00
5.429999999999999091e+03 3.834778843086756126e-12
5.439999999999999091e+03 7.228474920519126080e-12
5.449999999999999091e+03 3.034159083344812528e-13
5.459999999999999091e+03 4.176473766867500786e-14
5.469999999999999091e+03 1.090248963956250036e-14
5.479999999999999091e+03 9.393327177206875901e-15
5.489999999999999091e+03 8.980009325713125246e-14
5.499999999999999091e+03 3.160196629362500372e-15
5.509999999999999091e+03 3.171592633781250477e-16
5.519999999999999091e+03 2.549578089559375189e-16
5.529999999999999091e+03 2.226173270868750176e-16
5.539999999999999091e+03 2.139827876033749897e-16
5.549999999999999091e+03 4.377561797507500147e-16
5.559999999999999091e+03 2.244922676377499952e-15
5.569999999999999091e+03 4.486567403583125355e-14
5.579999999999999091e+03 3.543612355193750291e-14
5.589999999999999091e+03 2.830318554288749984e-14
5.599999999999999091e+03 8.828304543366873914e-14
5.609999999999999091e+03 1.850853649050000052e-12
5.619999999999999091e+03 6.766235133210000899e-13
5.629999999999999091e+03 5.899877898600000346e-13
5.639999999999999091e+03 1.799274721628125226e-12
5.649999999999999091e+03 1.769053013341250096e-12
5.659999999999999091e+03 2.413238576017500321e-12
5.669999999999999091e+03 3.995012758196250700e-12
5.679999999999999091e+03 1.673439349533874854e-12
5.689999999999999091e+03 1.188602056627124869e-12
5.699999999999999091e+03 3.204443896289999891e-12
5.709999999999999091e+03 1.056442358124999978e-12
5.719999999999999091e+03 1.543513965612500173e-13
5.729999999999999091e+03 5.460547140718688410e-14
5.739999999999999091e+03 2.323635041945000117e-14
5.749999999999999091e+03 1.377106015477499966e-14
5.759999999999999091e+03 5.729203452437500463e-14
5.769999999999999091e+03 5.372849546995000802e-14
5.779999999999999091e+03 1.524273496473000030e-14
5.789999999999999091e+03 1.543488854214999987e-14
5.799999999999999091e+03 1.204979500252500058e-14
5.809999999999999091e+03 9.738059416050000314e-14
5.819999999999999091e+03 2.993113960252500012e-14
5.829999999999999091e+03 6.733422245357500774e-15
5.839999999999999091e+03 1.286838386012812557e-14
5.849999999999999091e+03 3.167950418639999833e-14
5.859999999999999091e+03 3.411532667064375579e-14
5.869999999999999091e+03 4.809297388087499927e-14
5.879999999999999091e+03 1.217722609884375062e-13
5.889999999999999091e+03 2.919702932125000018e-13
5.899999999999999091e+03 8.505886635881250452e-13
5.909999999999999091e+03 6.341606789647499648e-13
5.919999999999999091e+03 8.738426432373751636e-13
5.929999999999999091e+03 2.066942990918750178e-12
5.939999999999999091e+03 9.963846868543750722e-12
5.949999999999999091e+03 5.045188213178749767e-12
5.959999999999999091e+03 2.594084425915062816e-12
5.969999999999999091e+03 3.193951342999375503e-12
5.979999999999999091e+03 4.995654412875000136e-12
5.989999999999999091e+03 8.237945844852500768e-12
5.999999999999999091e+03 6.338623513613124908e-12
6.009999999999999091e+03 2.990944458516874862e-12
6.019999999999999091e+03 1.274461481448749984e-12
6.029999999999999091e+03 9.622786268515000434e-13
6.039999999999999091e+03 1.488436327389374779e-12
6.049999999999999091e+03 1.110967802675499942e-12
6.059999999999999091e+03 1.982679897450000113e-13
6.069999999999999091e+03 2.165207860633124795e-13
6.079999999999999091e+03 4.025204274735000289e-13
6.089999999999999091e+03 7.451125145887499732e-13
6.099999999999999091e+03 2.101991941770000350e-12
6.109999999999999091e+03 1.956992974370000005e-12
6.119999999999999091e+03 2.877012368768125303e-12
6.129999999999999091e+03 4.819186693527499822e-12
6.139999999999999091e+03 7.114189429221874182e-12
6.149999999999999091e+03 2.158846768918875331e-11
6.159999999999999091e+03 4.158764126597499889e-11
6.169999999999999091e+03 2.422860590135562599e-11
6.179999999999999091e+03 1.120130696296500023e-11
6.189999999999999091e+03 1.655975018919375459e-11
6.199999999999999091e+03 1.205557447887187599e-11
6.209999999999999091e+03 6.948722987167500868e-12
6.219999999999999091e+03 7.552826058465625267e-12
6.229999999999999091e+03 1.180863412392125136e-11
6.239999999999999091e+03 1.785964175584312491e-11
6.249999999999999091e+03 1.862902932095625230e-11
6.259999999999999091e+03 5.443959212947499974e-12
6.269999999999999091e+03 3.793991182569000625e-12
6.279999999999999091e+03 2.961520854635000512e-12
6.289999999999999091e+03 1.092546063315000069e-12
6.299999999999999091e+03 1.635665606535624824e-12
6.309999999999999091e+03 5.493858243969374694e-12
6.319999999999999091e+03 4.061770200011999857e-12
6.329999999999999091e+03 4.389718049543750201e-12
6.339999999999999091e+03 8.054070793912501495e-12
6.349999999999999091e+03 2.244967730958749684e-11
6.359999999999999091e+03 3.290396338136250708e-11
6.369999999999999091e+03 3.399021043600000113e-11
6.379999999999999091e+03 2.159807830792500159e-11
6.389999999999999091e+03 2.127258529114687417e-11
6.399999999999999091e+03 2.321913414575562744e-11
6.409999999999999091e+03 1.948205792257812654e-11
6.419999999999999091e+03 7.913277432812500469e-12
6.429999999999999091e+03 6.852594142756250894e-12
6.439999999999999091e+03 8.716299088875000165e-12
6.449999999999999091e+03 1.150232574525999891e-11
6.459999999999999091e+03 2.502229165292499884e-11
6.469999999999999091e+03 5.066673098598125105e-11
6.479999999999999091e+03 1.064799935233125117e-10
6.489999999999999091e+03 9.923204674512498842e-11
6.499999999999999091e+03 6.696947171250000886e-11
6.509999999999999091e+03 5.019492800542499752e-11
6.519999999999999091e+03 3.001317647831999999e-11
6.529999999999999091e+03 2.268770730501625520e-11
6.539999999999999091e+03 2.366793503907000312e-11
6.549999999999999091e+03 2.256150167817874776e-11
6.559999999999999091e+03 2.412212580734250014e-11
6.569999999999999091e+03 2.041346746656874796e-11
6.579999999999999091e+03 2.966213771937500035e-11
6.589999999999999091e+03 1.620218250297499967e-11
6.599999999999999091e+03 1.732050153471750380e-11
6.609999999999999091e+03 1.124112198793500169e-11
6.619999999999999091e+03 4.411038612066624972e-12
6.629999999999999091e+03 2.219249574283437848e-12
6.639999999999999091e+03 1.878809707274500126e-12
6.649999999999999091e+03 8.403206430587501087e-13
6.659999999999999091e+03 4.028790493135625660e-12
6.669999999999999091e+03 5.483544812169375575e-12
6.679999999999999091e+03 6.032752773031250470e-12
6.689999999999999091e+03 1.706884639036499887e-11
6.699999999999999091e+03 2.172601329635625135e-11
6.709999999999999091e+03 2.521747368490000866e-11
6.719999999999999091e+03 1.615177222785000397e-11
6.729999999999999091e+03 1.564249420587000232e-11
6.739999999999999091e+03 1.206340390433500348e-11
6.749999999999999091e+03 7.870742628665000555e-12
6.759999999999999091e+03 3.048086645100000029e-12
6.769999999999999091e+03 9.526979345283748445e-12
6.779999999999999091e+03 1.038856693539000229e-11
6.789999999999999091e+03 1.403068669045312685e-11
6.799999999999999091e+03 7.095601225781250760e-12
6.809999999999999091e+03 7.256941827288125379e-13
6.819999999999999091e+03 3.592555122948749833e-14
6.829999999999999091e+03 0.000000000000000000e+00
6.839999999999999091e+03 2.231944179106250038e-12
6.849999999999999091e+03 5.868577421411250406e-12
6.859999999999999091e+03 5.531901644018749916e-12
6.869999999999999091e+03 1.676444570285625431e-11
6.879999999999999091e+03 2.621774548470000055e-11
6.889999999999999091e+03 8.924633930415000912e-12
6.899999999999999091e+03 1.406472386483500049e-11
6.909999999999999091e+03 1.162503714522500044e-11
6.919999999999999091e+03 3.650533316110625128e-11
6.929999999999999091e+03 4.380863659879874945e-11
6.939999999999999091e+03 7.745598851549999887e-11
6.949999999999999091e+03 6.836185765841249301e-11
6.959999999999999091e+03 2.342899478981249998e-11
6.969999999999999091e+03 1.785040339687500080e-11
6.979999999999999091e+03 2.307725913779999925e-11
6.989999999999999091e+03 1.633421246581250124e-11
6.999999999999999091e+03 1.274918692348437526e-11
7.009999999999999091e+03 1.219014967002437647e-11
7.019999999999999091e+03 7.301568427256251298e-12
7.029999999999999091e+03 5.536164511473750264e-13
7.039999999999999091e+03 2.400032638937499582e-13
7.049999999999999091e+03 6.790330008468125212e-13
7.059999999999999091e+03 0.000000000000000000e+00
7.069999999999999091e+03 2.740033162798750128e-12
7.079999999999999091e+03 2.121980440781250160e-13
7.089999999999999091e+03 0.000000000000000000e+00
7.099999999999999091e+03 1.226851953872999864e-12
7.109999999999999091e+03 1.934949944384187943e-12
7.119999999999999091e+03 1.246377885301500121e-12
7.129999999999999091e+03 4.766892962343749289e-13
7.139999999999999091e+03 1.455988661643250078e-12
7.149999999999999091e+03 4.322978917705000483e-12
7.159999999999999091e+03 1.934247950775000168e-12
7.169999999999999091e+03 1.564443954084375127e-12
7.179999999999999091e+03 1.178711493057000146e-12
7.189999999999999091e+03 1.500061448406062542e-12
7.199999999999999091e+03 6.747603965864999319e-12
7.209999999999999091e+03 1.142907128107499922e-11
7.219999999999999091e+03 5.861402468000625111e-13
7.229999999999999091e+03 1.013247289883062511e-12
7.239999999999999091e+03 4.084147451142500522e-14
7.249999999999999091e+03 8.515980939375001319e-13
7.259999999999999091e+03 3.772479050794562669e-13
7.269999999999999091e+03 1.563455502830812754e-13
7.279999999999999091e+03 4.536300307546874648e-13
7.289999999999999091e+03 2.996693878692499865e-13
7.299999999999999091e+03 9.627405802651876894e-14
7.309999999999999091e+03 1.214603868578625086e-12
7.319999999999999091e+03 1.237686839471250182e-11
7.329999999999999091e+03 0.000000000000000000e+00
7.339999999999999091e+03 2.444420339068750447e-12
7.349999999999999091e+03 0.000000000000000000e+00
7.359999999999999091e+03 7.327315853116875063e-12
7.369999999999999091e+03 3.888179289750000020e-12
7.379999999999999091e+03 4.706673324421250319e-12
7.389999999999999091e+03 4.171584680300625624e-12
7.399999999999999091e+03 5.251441169975000118e-12
7.409999999999999091e+03 4.123286481667500513e-12
7.419999999999999091e+03 1.183586193229999888e-12
7.429999999999999091e+03 4.474336413776250470e-12
7.439999999999999091e+03 1.026497323254375095e-11
7.449999999999999091e+03 2.166196881367750105e-11
7.459999999999999091e+03 5.201002265436250700e-12
7.469999999999999091e+03 0.000000000000000000e+00
7.479999999999999091e+03 7.786804678800001064e-13
7.489999999999999091e+03 5.705886364255000526e-15
7.499999999999999091e+03 1.604896296850000370e-14
7.509999999999999091e+03 2.971391955591938183e-13
7.519999999999999091e+03 0.000000000000000000e+00
7.529999999999999091e+03 0.000000000000000000e+00
7.539999999999999091e+03 2.504492763780000145e-12
7.549999999999999091e+03 0.000000000000000000e+00
7.559999999999999091e+03 7.333499489946874478e-13
7.569999999999999091e+03 1.622817290412500105e-12
7.579999999999999091e+03 0.000000000000000000e+00
7.589999999999999091e+03 0.000000000000000000e+00
7.599999999999999091e+03 7.477312086956250892e-12
7.609999999999999091e+03 1.568164444330750053e-12
7.619999999999999091e+03 9.781351317543751222e-13
7.629999999999999091e+03 1.466268045493124968e-13
7.639999999999999091e+03 0.000000000000000000e+00
7.649999999999999091e+03 0.000000000000000000e+00
7.659999999999999091e+03 0.000000000000000000e+00
7.669999999999999091e+03 3.715748520815624857e-14
7.679999999999998181e+03 3.783805289971874887e-14
7.689999999999998181e+03 1.311754637591999802e-13
7.699999999999998181e+03 2.926317596934375676e-13
7.709999999999998181e+03 0.000000000000000000e+00
7.719999999999998181e+03 0.000000000000000000e+00
7.729999999999998181e+03 1.804634610239999983e-13
7.739999999999998181e+03 1.143206505122500253e-12
7.749999999999998181e+03 0.000000000000000000e+00
7.759999999999998181e+03 3.858910753810000254e-14
7.769999999999998181e+03 1.340837395275000133e-13
7.779999999999998181e+03 0.000000000000000000e+00
7.789999999999998181e+03 1.573424971269375066e-12
7.799999999999998181e+03 1.127270766184500281e-12
7.809999999999998181e+03 2.133943325863124997e-12
7.819999999999998181e+03 2.514889740319687305e-12
7.829999999999998181e+03 5.856568783498125502e-13
7.839999999999998181e+03 2.866143298130000231e-13
7.849999999999998181e+03 2.866267467927500442e-14
7.859999999999998181e+03 0.000000000000000000e+00
7.869999999999998181e+03 3.728136334663125056e-14
7.879999999999998181e+03 7.428942650530624815e-14
7.889999999999998181e+03 3.270145315745000311e-14
7.899999999999998181e+03 0.000000000000000000e+00
7.909999999999998181e+03 7.875821956935625218e-14
7.919999999999998181e+03 3.344682185879999983e-13
7.929999999999998181e+03 9.749874074294377390e-14
7.939999999999998181e+03 0.000000000000000000e+00
7.949999999999998181e+03 2.451630209227062650e-13
7.959999999999998181e+03 3.102070761562500398e-13
7.969999999999998181e+03 4.554335799562500981e-13
7.979999999999998181e+03 4.030158146682499668e-12
7.989999999999998181e+03 1.093059458609999924e-11
7.999999999999998181e+03 2.118891509862749789e-11
8.009999999999998181e+03 6.007193172897879395e-12
8.019999999999998181e+03 0.000000000000000000e+00
8.029999999999998181e+03 2.092339108208448588e-13
8.039999999999998181e+03 1.509346610322341912e-12
8.049999999999998181e+03 4.438571611685405074e-12
8.059999999999998181e+03 0.000000000000000000e+00
8.069999999999998181e+03 0.000000000000000000e+00
8.079999999999998181e+03 0.000000000000000000e+00
8.089999999999998181e+03 8.834874021750598272e-13
8.099999999999998181e+03 0.000000000000000000e+00
8.109999999999998181e+03 0.000000000000000000e+00
8.119999999999998181e+03 6.747205612538575956e-12
8.129999999999998181e+03 4.995340040208186114e-12
8.139999999999998181e+03 6.257204934839836888e-12
8.149999999999998181e+03 1.367903468976420943e-12
8.159999999999998181e+03 0.000000000000000000e+00
8.169999999999998181e+03 4.314605558155560022e-14
8.179999999999998181e+03 0.000000000000000000e+00
8.189999999999998181e+03 4.696342972968650868e-13
8.199999999999998181e+03 0.000000000000000000e+00
8.209999999999998181e+03 0.000000000000000000e+00
8.219999999999998181e+03 0.000000000000000000e+00
8.229999999999998181e+03 0.000000000000000000e+00
8.239999999999998181e+03 4.690776224228924461e-13
8.249999999999998181e+03 9.696532673651121272e-13
8.259999999999998181e+03 1.088508004039302292e-12
8.269999999999998181e+03 8.447947979039665170e-12
8.279999999999998181e+03 9.122689867583451074e-12
8.289999999999998181e+03 0.000000000000000000e+00
8.299999999999998181e+03 2.144428293471295777e-13
8.309999999999998181e+03 1.711347918736051004e-12
8.319999999999998181e+03 1.787565149735673237e-12
8.329999999999998181e+03 2.680396742352176349e-12
8.339999999999998181e+03 3.481739140570546508e-12
8.349999999999998181e+03 1.405045144789025141e-11
8.359999999999998181e+03 1.041373996107092391e-11
8.369999999999998181e+03 3.620250803114780449e-11
8.379999999999998181e+03 0.000000000000000000e+00
8.389999999999998181e+03 0.000000000000000000e+00
8.399999999999998181e+03 0.000000000000000000e+00
8.409999999999998181e+03 5.633611976403826062e-13
8.419999999999998181e+03 7.116104672941680411e-12
8.429999999999998181e+03 2.138369279456556286e-11
8.439999999999998181e+03 0.000000000000000000e+00
8.449999999999998181e+03 0.000000000000000000e+00
8.459999999999998181e+03 0.000000000000000000e+00
8.469999999999998181e+03 6.457042452060135887e-11
8.479999999999998181e+03 4.059747791715943731e-11
8.489999999999998181e+03 8.167480657063000226e-12
8.499999999999998181e+03 3.308233927154700659e-12
8.509999999999998181e+03 2.579337009960088459e-11
8.519999999999998181e+03 0.000000000000000000e+00
8.529999999999998181e+03 1.809073508746781963e-11
8.539999999999998181e+03 1.163013880745122728e-11
8.549999999999998181e+03 1.444301706179681601e-11
8.559999999999998181e+03 6.507243864707788127e-12
8.569999999999998181e+03 0.000000000000000000e+00
8.579999999999998181e+03 0.000000000000000000e+00
8.589999999999998181e+03 2.418629315853727264e-14
8.599999999999998181e+03 1.328713472234152073e-12
8.609999999999998181e+03 1.233526770248814564e-12
8.619999999999998181e+03 1.336377629791970429e-12
8.629999999999998181e+03 2.253762010262062531e-13
8.639999999999998181e+03 2.809697654182210828e-13
8.649999999999998181e+03 7.170252509580742802e-13
8.659999999999998181e+03 8.031524252023290161e-13
8.669999999999998181e+03 5.101425587252406910e-13
8.679999999999998181e+03 0.000000000000000000e+00
8.689999999999998181e+03 0.000000000000000000e+00
8.699999999999998181e+03 0.000000000000000000e+00
8.709999999999998181e+03 0.000000000000000000e+00
8.719999999999998181e+03 1.622373630270387084e-12
8.729999999999998181e+03 0.000000000000000000e+00
8.739999999999998181e+03 6.164255111199760364e-13
8.749999999999998181e+03 2.123645650546086280e-12
8.759999999999998181e+03 5.307799988832850555e-12
8.769999999999998181e+03 4.328267692292219152e-12
8.779999999999998181e+03 2.971918395004306272e-11
8.789999999999998181e+03 7.061163139468628030e-13
8.799999999999998181e+03 1.041350288088458191e-12
8.809999999999998181e+03 7.435751761367492104e-13
8.819999999999998181e+03 3.163119981814693591e-14
8.829999999999998181e+03 1.241360700193134126e-13
8.839999999999998181e+03 3.414122428202663480e-14
8.849999999999998181e+03 0.000000000000000000e+00
8.859999999999998181e+03 1.982560392038838011e-14
8.869999999999998181e+03 1.780270220127810607e-14
8.879999999999998181e+03 4.402850697226899921e-15
8.889999999999998181e+03 0.000000000000000000e+00
8.899999999999998181e+03 0.000000000000000000e+00
8.909999999999998181e+03 0.000000000000000000e+00
8.919999999999998181e+03 0.000000000000000000e+00
8.929999999999998181e+03 4.008408805701277826e-15
8.939999999999998181e+03 6.607934785987299496e-14
8.949999999999998181e+03 3.385691687898363407e-15
8.959999999999998181e+03 1.834749941464565803e-14
8.969999999999998181e+03 1.615825358395996811e-15
8.979999999999998181e+03 1.241648787787254343e-13
8.989999999999998181e+03 3.760770083423222846e-14
8.999999999999998181e+03 8.977151186175031951e-14
9.009999999999998181e+03 5.493274458717196661e-13
9.019999999999998181e+03 8.016904291701605104e-13
9.029999999999998181e+03 1.820268227255153311e-12
9.039999999999998181e+03 5.547317432008915762e-12
9.049999999999998181e+03 1.431298202231895438e-11
9.059999999999998181e+03 6.495428652670015777e-11
9.069999999999998181e+03 3.346010158787433663e-10
9.079999999999998181e+03 3.829817159669178709e-09
9.089999999999998181e+03 1.674989670673454416e-07
9.099999999999998181e+03 1.062696885477463436e-08
9.109999999999998181e+03 7.433319449837497433e-09
9.119999999999998181e+03 8.228472947152110136e-09
9.129999999999998181e+03 1.092890258201709697e-08
9.139999999999998181e+03 1.610522005382596754e-08
9.149999999999998181e+03 2.487224153641350819e-08
9.159999999999998181e+03 3.920222668297081987e-08
9.169999999999998181e+03 6.292448077591711548e-08
9.179999999999998181e+03 1.078689676457091214e-07
9.189999999999998181e+03 1.756646143181933077e-07
9.199999999999998181e+03 3.005332132417248466e-07
9.209999999999998181e+03 5.128112522806121020e-07
9.219999999999998181e+03 8.619291390913816099e-07
9.229999999999998181e+03 1.435004414939066408e-06
9.239999999999998181e+03 2.405625666605489250e-06
9.249999999999998181e+03 4.055651714174958838e-06
9.259999999999998181e+03 6.799800113345142614e-06
9.269999999999998181e+03 1.162642267181246040e-05
9.279999999999998181e+03 2.060757915342530534e-05
9.289999999999998181e+03 3.815530446933533993e-05
9.299999999999998181e+03 7.597117840555063560e-05
9.309999999999998181e+03 1.626295187898189019e-04
9.319999999999998181e+03 3.415750647858270344e-04
9.329999999999998181e+03 5.585317287769186101e-04
9.339999999999998181e+03 6.001536492102069404e-04
9.349999999999998181e+03 5.331050847710202536e-04
9.359999999999998181e+03 4.832417256584202112e-04
9.369999999999998181e+03 4.741990564134833321e-04
9.379999999999998181e+03 5.043628742013026630e-04
9.389999999999998181e+03 5.809561544892521056e-04
9.399999999999998181e+03 7.173616527498750039e-04
9.409999999999998181e+03 9.551819089329407824e-04
9.419999999999998181e+03 1.347330741727924622e-03
9.429999999999998181e+03 2.009064555870043213e-03
9.439999999999998181e+03 3.182935686403222039e-03
9.449999999999998181e+03 5.403129133997243427e-03
9.459999999999998181e+03 9.823390782203428317e-03
9.469999999999998181e+03 1.941626947215792376e-02
9.479999999999998181e+03 4.112262695113830246e-02
9.489999999999998181e+03 9.167125733190897852e-02
9.499999999999998181e+03 2.030815821769560992e-01
9.509999999999998181e+03 3.711880216107487085e-01
9.519999999999998181e+03 4.880846351285952900e-01
9.529999999999998181e+03 5.149623246368968399e-01
9.539999999999998181e+03 5.153879068462693391e-01
9.549999999999998181e+03 5.170888996046970609e-01
9.559999999999998181e+03 5.172262673221502682e-01
9.569999999999998181e+03 5.196294549702925591e-01
9.579999999999998181e+03 5.183895472569478580e-01
9.589999999999998181e+03 5.163557053496335980e-01
9.599999999999998181e+03 5.171968525496090097e-01
9.609999999999998181e+03 5.158422283828046906e-01
9.619999999999998181e+03 5.189614193411631327e-01
9.629999999999998181e+03 5.240002407747798019e-01
9.639999999999998181e+03 5.269469434151640153e-01
9.649999999999998181e+03 5.289239596129080567e-01
9.659999999999998181e+03 5.240038758064735624e-01
9.669999999999998181e+03 5.242413492044435408e-01
9.679999999999998181e+03 5.247323184906698135e-01
9.689999999999998181e+03 5.262329076571805597e-01
9.699999999999998181e+03 5.265732460727043929e-01
9.709999999999998181e+03 5.278785036004243203e-01
9.719999999999998181e+03 5.275618680487879075e-01
9.729999999999998181e+03 5.275564873855327352e-01
9.739999999999998181e+03 5.269061244018847789e-01
9.749999999999998181e+03 5.300510837064358327e-01
9.759999999999998181e+03 5.292675554065268129e-01
9.769999999999998181e+03 5.287562717622280584e-01
9.779999999999998181e+03 5.281028358920802912e-01
9.789999999999998181e+03 5.288007360333644158e-01
9.799999999999998181e+03 5.294617088202462352e-01
9.809999999999998181e+03 5.316063765495350202e-01
9.819999999999998181e+03 5.287082620103888964e-01
9.829999999999998181e+03 5.280533309291666200e-01
9.839999999999998181e+03 5.307738356527690327e-01
9.849999999999998181e+03 5.311341918106702309e-01
9.859999999999998181e+03 5.285872244019600430e-01
9.869999999999998181e+03 5.286543534635258501e-01
9.879999999999998181e+03 5.280817809374068750e-01
9.889999999999998181e+03 5.310674803972927904e-01
9.899999999999998181e+03 5.327567214754623803e-01
9.909999999999998181e+03 5.342157110170190348e-01
9.919999999999998181e+03 5.372326361662997929e-01
9.929999999999998181e+03 5.366892984114720599e-01
9.939999999999998181e+03 5.362057703134339715e-01
9.949999999999998181e+03 5.369188120844398115e-01
9.959999999999998181e+03 5.362199654900378087e-01
9.969999999999998181e+03 5.349553044737891394e-01
9.979999999999998181e+03 5.381745677972820108e-01
9.989999999999998181e+03 5.367294567396300176e-01
9.999999999999998181e+03 5.366305833798937774e-01
1.000999999999999818e+04 5.377004282750148523e-01
1.001999999999999818e+04 5.394195347538723873e-01
1.002999999999999818e+04 5.422989462880947187e-01
1.003999999999999818e+04 5.419237144110767845e-01
1.004999999999999818e+04 5.431232449725883482e-01
1.005999999999999818e+04 5.414185818401131556e-01
1.006999999999999818e+04 5.407886300093911469e-01
1.007999999999999818e+04 5.400114696374814782e-01
1.008999999999999818e+04 5.420026917725567772e-01
1.009999999999999818e+04 5.406184014400509108e-01
1.010999999999999818e+04 5.410917296454476055e-01
1.011999999999999818e+04 5.393782312329533646e-01
1.012999999999999818e+04 5.389376613073202371e-01
1.013999999999999818e+04 5.413387606689643583e-01
1.014999999999999818e+04 5.419551765609206262e-01
1.015999999999999818e+04 5.447520526011728759e-01
1.016999999999999818e+04 5.449342262553688032e-01
1.017999999999999818e+04 5.445241073674396137e-01
1.018999999999999818e+04 5.426529682048983894e-01
1.019999999999999818e+04 5.398688933840364301e-01
1.020999999999999818e+04 5.416317919343086595e-01
1.021999999999999818e+04 5.411348898721011214e-01
1.022999999999999818e+04 5.382510933929559593e-01
1.023999999999999818e+04 5.375298695240555702e-01
1.024999999999999818e+04 5.408667349532043644e-01
1.025999999999999818e+04 5.421056000283975829e-01
1.026999999999999818e+04 5.415493780050845141e-01
1.027999999999999818e+04 5.415347810844697296e-01
1.028999999999999818e+04 5.414680123528641253e-01
1.029999999999999818e+04 5.417031850179416796e-01
1.030999999999999818e+04 5.421881130525327830e-01
1.031999999999999818e+04 5.419324798538437404e-01
1.032999999999999818e+04 5.423817258559334720e-01
1.033999999999999818e+04 5.408545784319822580e-01
1.034999999999999818e+04 5.394137682300766956e-01
1.035999999999999818e+04 5.401993103903134363e-01
1.036999999999999818e+04 5.392870890631230596e-01
1.037999999999999818e+04 5.401226955415889819e-01
1.038999999999999818e+04 5.409127725245560514e-01
1.039999999999999818e+04 5.432487477575149715e-01
1.040999999999999818e+04 5.414134423702707810e-01
1.041999999999999818e+04 5.415106929805094671e-01
1.042999999999999818e+04 5.443725494591616920e-01
1.043999999999999818e+04 5.451479132633042513e-01
1.044999999999999818e+04 5.418676246258545826e-01
1.045999999999999818e+04 5.398613210910335747e-01
1.046999999999999818e+04 5.401542038577927807e-01
1.047999999999999818e+04 5.397524569179760201e-01
1.048999999999999818e+04 5.398207395783513052e-01
1.049999999999999818e+04 5.381255525193059386e-01
1.050999999999999818e+04 5.406910353197605934e-01
1.051999999999999818e+04 5.403212636703311755e-01
1.052999999999999818e+04 5.385499609098062246e-01
1.053999999999999818e+04 5.388687285054283294e-01
1.054999999999999818e+04 5.393614006318373510e-01
1.055999999999999818e+04 5.404826203894740333e-01
1.056999999999999818e+04 5.408735703839829823e-01
1.057999999999999818e+04 5.383044466833063479e-01
1.058999999999999818e+04 5.401518809866945325e-01
1.059999999999999818e+04 5.404929973013501421e-01
1.060999999999999818e+04 5.408251662866878640e-01
1.061999999999999818e+04 5.368036506312522382e-01
1.062999999999999818e+04 5.367651046526504821e-01
1.063999999999999818e+04 5.362925484798314324e-01
1.064999999999999818e+04 5.379256729378534274e-01
1.065999999999999818e+04 5.364860893746909998e-01
1.066999999999999818e+04 5.386708735447753860e-01
1.067999999999999818e+04 5.384913755779208167e-01
1.068999999999999818e+04 5.393006051515422117e-01
1.069999999999999818e+04 5.395732730975425495e-01
1.070999999999999818e+04 5.419640204601053890e-01
1.071999999999999818e+04 5.448951474685176377e-01
1.072999999999999818e+04 5.420659728581879166e-01
1.073999999999999818e+04 5.422034928584038571e-01
1.074999999999999818e+04 5.435919529847103027e-01
1.075999999999999818e+04 5.416358706475818963e-01
1.076999999999999818e+04 5.402302945754997587e-01
1.077999999999999818e+04 5.408382833802259926e-01
1.078999999999999818e+04 5.404939044101518819e-01
1.079999999999999818e+04 5.405321494168584540e-01
1.080999999999999818e+04 5.407106727413378833e-01
1.081999999999999818e+04 5.440758409319876865e-01
1.082999999999999818e+04 5.434984928192702069e-01
1.083999999999999818e+04 5.432721072143891217e-01
1.084999999999999818e+04 5.429052743925634195e-01
1.085999999999999818e+04 5.426148345969041831e-01
1.086999999999999818e+04 5.419889152616964578e-01
1.087999999999999818e+04 5.404817081001557222e-01
1.088999999999999818e+04 5.406311887737611510e-01
1.089999999999999818e+04 5.398392912529720311e-01
1.090999999999999818e+04 5.421932709333762146e-01
1.091999999999999818e+04 5.393369757917969576e-01
1.092999999999999818e+04 5.402797121091102994e-01
1.093999999999999818e+04 5.390022660362753237e-01
1.094999999999999818e+04 5.370743738438531478e-01
1.095999999999999818e+04 5.393536165369153812e-01
1.096999999999999818e+04 5.401631296193897258e-01
1.097999999999999818e+04 5.414424008901744800e-01
1.098999999999999818e+04 5.429829250697286724e-01
1.099999999999999818e+04 5.411702545992629343e-01
1.100999999999999818e+04 5.411102435001375888e-01
1.101999999999999818e+04 5.413591173011699231e-01
1.102999999999999818e+04 5.412378979725833705e-01
1.103999999999999818e+04 5.401265101570160709e-01
1.104999999999999818e+04 5.402143249357793664e-01
1.105999999999999818e+04 5.392071849497367397e-01
1.106999999999999818e+04 5.388732525651847016e-01
1.107999999999999818e+04 5.386733898687391386e-01
1.108999999999999818e+04 5.392293788229276519e-01
1.109999999999999818e+04 5.391998661701815632e-01
1.110999999999999818e+04 5.400519211285863541e-01
1.111999999999999818e+04 5.405785865908825372e-01
1.112999999999999818e+04 5.421133801007772535e-01
1.113999999999999818e+04 5.437798674097980012e-01
1.114999999999999818e+04 5.443412232418421981e-01
1.115999999999999818e+04 5.454045848510963301e-01
1.116999999999999818e+04 5.461058363647897096e-01
1.117999999999999818e+04 5.459312810561045559e-01
1.118999999999999818e+04 5.459644528644471695e-01
1.119999999999999818e+04 5.460065829328556442e-01
1.120999999999999818e+04 5.458212302288105722e-01
1.121999999999999818e+04 5.443592919348725356e-01
1.122999999999999818e+04 5.440701272589213433e-01
1.123999999999999818e+04 5.439846560376234708e-01
1.124999999999999818e+04 5.440511746632854528e-01
1.125999999999999818e+04 5.447730060878487324e-01
1.126999999999999818e+04 5.452317818077472289e-01
1.127999999999999818e+04 5.452928882982400749e-01
1.128999999999999818e+04 5.462606340804002647e-01
1.129999999999999818e+04 5.467205966854422616e-01
1.130999999999999818e+04 5.479074408990718403e-01
1.131999999999999818e+04 5.484867560833187605e-01
1.132999999999999818e+04 5.500331304236456553e-01
1.133999999999999818e+04 5.491973768705780135e-01
1.134999999999999818e+04 5.497079952169950934e-01
1.135999999999999818e+04 5.496285460111588472e-01
1.136999999999999818e+04 5.490832048026095258e-01
1.137999999999999818e+04 5.494458040497562923e-01
1.138999999999999818e+04 5.492694289006191388e-01
1.139999999999999818e+04 5.488757669522772442e-01
1.140999999999999818e+04 5.498550427256733153e-01
1.141999999999999818e+04 5.503662806150313447e-01
1.142999999999999818e+04 5.504616518524910740e-01
1.143999999999999818e+04 5.514283955296878093e-01
1.144999999999999818e+04 5.520494841008407594e-01
1.145999999999999818e+04 5.530437879090238651e-01
1.146999999999999818e+04 5.538412886581600691e-01
1.147999999999999818e+04 5.543931044897369986e-01
1.148999999999999818e+04 5.548651724434959798e-01
1.149999999999999818e+04 5.552068631015483202e-01
1.150999999999999818e+04 5.561266230136604483e-01
1.151999999999999818e+04 5.561933316128464533e-01
1.152999999999999818e+04 5.563586281436303516e-01
1.153999999999999818e+04 5.565240428339878198e-01
1.154999999999999818e+04 5.562704143321038908e-01
1.155999999999999818e+04 5.562648448344261753e-01
1.156999999999999818e+04 5.564918115157084788e-01
1.157999999999999818e+04 5.572853511441285823e-01
1.158999999999999818e+04 5.574705379309778941e-01
1.159999999999999818e+04 5.575657319307375515e-01
1.160999999999999818e+04 5.576912342119587640e-01
1.161999999999999818e+04 5.580528960599600019e-01
1.162999999999999818e+04 5.586330288456130555e-01
1.163999999999999818e+04 5.586430436069099725e-01
1.164999999999999818e+04 5.589122901624754558e-01
1.165999999999999818e+04 5.593396339351334179e-01
1.166999999999999818e+04 5.593379036365653256e-01
1.167999999999999818e+04 5.596880593962854089e-01
1.168999999999999818e+04 5.595457910604207941e-01
1.169999999999999818e+04 5.596795340581732781e-01
1.170999999999999818e+04 5.597163483603835310e-01
1.171999999999999818e+04 5.600381900935459401e-01
1.172999999999999818e+04 5.604524868414126892e-01
1.173999999999999818e+04 5.605564056781994209e-01
1.174999999999999818e+04 5.618153854162299954e-01
1.175999999999999818e+04 5.621719737883008605e-01
1.176999999999999818e+04 5.617514695280805270e-01
1.177999999999999818e+04 5.617391840616841048e-01
1.178999999999999818e+04 5.622914022072976747e-01
1.179999999999999818e+04 5.628508098192351872e-01
1.180999999999999818e+04 5.626540458606758000e-01
1.181999999999999818e+04 5.623753503165996870e-01
1.182999999999999818e+04 5.630090601644590631e-01
1.183999999999999818e+04 5.633815530992599685e-01
1.184999999999999818e+04 5.641212228978975673e-01
1.185999999999999818e+04 5.651354121078935311e-01
1.186999999999999818e+04 5.658494954288273426e-01
1.187999999999999818e+04 5.665448455472682499e-01
1.188999999999999818e+04 5.671996415348358189e-01
1.189999999999999818e+04 5.678965063891439069e-01
1.190999999999999818e+04 5.686556897510233188e-01
1.191999999999999818e+04 5.689843768712540273e-01
1.192999999999999818e+04 5.688948430023011982e-01
1.193999999999999818e+04 5.682430041358624839e-01
1.194999999999999818e+04 5.678920595315136710e-01
1.195999999999999818e+04 5.680378226797667685e-01
1.196999999999999818e+04 5.683130606447274191e-01
1.197999999999999818e+04 5.689574097547940301e-01
1.198999999999999818e+04 5.702341978505232056e-01
1.199999999999999818e+04 5.719488875945505368e-01
1.200999999999999818e+04 5.730844709776431456e-01
1.201999999999999818e+04 5.740370045038675206e-01
1.202999999999999818e+04 5.750525436907265586e-01
1.203999999999999818e+04 5.755340139330117344e-01
1.204999999999999818e+04 5.762673628227431566e-01
1.205999999999999818e+04 5.757651100911329589e-01
1.206999999999999818e+04 5.754033366883799516e-01
1.207999999999999818e+04 5.764733986774366326e-01
1.208999999999999818e+04 5.770861713687898131e-01
1.209999999999999818e+04 5.790793090479218197e-01
1.210999999999999818e+04 5.795803584921341844e-01
1.211999999999999818e+04 5.742066901430470383e-01
1.212999999999999818e+04 5.576377013561907292e-01
1.213999999999999818e+04 5.212993547271336237e-01
1.214999999999999818e+04 4.612258234362611176e-01
1.215999999999999818e+04 3.818775368244420321e-01
1.216999999999999818e+04 2.964482617076011350e-01
1.217999999999999818e+04 2.191241430176621152e-01
1.218999999999999818e+04 1.572965502081556111e-01
1.219999999999999818e+04 1.116644925875332761e-01
1.220999999999999818e+04 7.936773375161239319e-02
1.221999999999999818e+04 5.702266614904694109e-02
1.222999999999999818e+04 4.154521619405129873e-02
1.223999999999999818e+04 3.079386010930134851e-02
1.224999999999999818e+04 2.320431829435107979e-02
1.225999999999999818e+04 1.777280388302851163e-02
1.226999999999999818e+04 1.384082702459602139e-02
1.227999999999999818e+04 1.094412157672052660e-02
1.228999999999999818e+04 8.786487918241076001e-03
1.229999999999999818e+04 7.152421377428238788e-03
1.230999999999999818e+04 5.894924066913857438e-03
1.231999999999999818e+04 4.914459655618148674e-03
1.232999999999999818e+04 4.143621419608434046e-03
1.233999999999999818e+04 3.525517025007237747e-03
1.234999999999999818e+04 3.025468324448094166e-03
1.235999999999999818e+04 2.611399756846843369e-03
1.236999999999999818e+04 2.268661257657878915e-03
1.237999999999999818e+04 1.980948436750425926e-03
1.238999999999999818e+04 1.733925298757082534e-03
1.239999999999999818e+04 1.519550222286148626e-03
1.240999999999999818e+04 1.332405466702311393e-03
1.241999999999999818e+04 1.167139320171254723e-03
1.242999999999999818e+04 1.019862924431447476e-03
1.243999999999999818e+04 8.887787596173172969e-04
1.244999999999999818e+04 7.725564373880003648e-04
1.245999999999999818e+04 6.696023214923993699e-04
1.246999999999999818e+04 5.787579948044163083e-04
1.247999999999999818e+04 4.991720858573661223e-04
1.248999999999999818e+04 4.303818105952914356e-04
1.249999999999999818e+04 3.708297612789697504e-04
1.250999999999999818e+04 3.198024724799664997e-04
1.251999999999999818e+04 2.762965262602930325e-04
1.252999999999999818e+04 2.396680257359803869e-04
1.253999999999999818e+04 2.084746904154270828e-04
1.254999999999999818e+04 1.820623601052089231e-04
1.255999999999999818e+04 1.600642529424791273e-04
1.256999999999999818e+04 1.414338302297662824e-04
1.257999999999999818e+04 1.256700498992615700e-04
1.258999999999999818e+04 1.124479206031969350e-04
1.259999999999999818e+04 1.011830245236604021e-04
1.260999999999999818e+04 9.184362504641032201e-05
1.261999999999999818e+04 8.394717966252617685e-05
1.262999999999999818e+04 7.731396823608027073e-05
1.263999999999999818e+04 7.175626774171301879e-05
1.264999999999999818e+04 6.698047786800907842e-05
1.265999999999999818e+04 6.315606263130388710e-05
1.266999999999999818e+04 5.997114452422341863e-05
1.267999999999999818e+04 5.740690461971173210e-05
1.268999999999999818e+04 5.543586077620958792e-05
1.269999999999999818e+04 5.392659994147456988e-05
1.270999999999999818e+04 5.292476605032278190e-05
1.271999999999999818e+04 5.232984669976114558e-05
1.272999999999999818e+04 5.220562470688412199e-05
1.273999999999999818e+04 5.256137168947726550e-05
1.274999999999999818e+04 5.334776618284902067e-05
1.275999999999999818e+04 5.455930483801461000e-05
1.276999999999999818e+04 5.629297046337611873e-05
1.277999999999999818e+04 5.863083963776315888e-05
1.278999999999999818e+04 6.151590760697737677e-05
1.279999999999999818e+04 6.509764563655066872e-05
1.280999999999999818e+04 6.954058470026021571e-05
1.281999999999999818e+04 7.465216191931777325e-05
1.282999999999999818e+04 8.076210256939035594e-05
1.283999999999999818e+04 8.772965125418802866e-05
1.284999999999999818e+04 9.561521567229005699e-05
1.285999999999999818e+04 1.044215380447032279e-04
1.286999999999999818e+04 1.138475207508758615e-04
1.287999999999999818e+04 1.235357687229296606e-04
1.288999999999999818e+04 1.330052686256330812e-04
1.289999999999999818e+04 1.413635176041008377e-04
1.290999999999999818e+04 1.480642769232737245e-04
1.291999999999999818e+04 1.526835327725534794e-04
1.292999999999999818e+04 1.547016818112702924e-04
1.293999999999999818e+04 1.541534783425896316e-04
1.294999999999999818e+04 1.513672716406918900e-04
1.295999999999999818e+04 1.472026633312619121e-04
1.296999999999999818e+04 1.420591532490329194e-04
1.297999999999999818e+04 1.369878660159761972e-04
1.298999999999999818e+04 1.320613816900390264e-04
1.299999999999999818e+04 1.277794527539605001e-04
1.300999999999999818e+04 1.242451727694053501e-04
1.301999999999999818e+04 1.217702058809941188e-04
1.302999999999999818e+04 1.203796843464193027e-04
1.303999999999999818e+04 1.202476405858828707e-04
1.304999999999999818e+04 1.212236416584979836e-04
1.305999999999999818e+04 1.237872760552918654e-04
1.306999999999999818e+04 1.275889454696256444e-04
1.307999999999999818e+04 1.328403002351953295e-04
1.308999999999999818e+04 1.398185502807770223e-04
1.309999999999999818e+04 1.486367030904024180e-04
1.310999999999999818e+04 1.592405429967374989e-04
1.311999999999999818e+04 1.716832136865440209e-04
1.312999999999999818e+04 1.854828675242580752e-04
1.313999999999999818e+04 2.000903271036473812e-04
1.314999999999999818e+04 2.145004882159706988e-04
1.315999999999999818e+04 2.268411428587307371e-04
1.316999999999999818e+04 2.354332094595643651e-04
1.317999999999999818e+04 2.377551712917295285e-04
1.318999999999999818e+04 2.338287098260324773e-04
1.319999999999999818e+04 2.237052631397420791e-04
1.320999999999999818e+04 2.089367055184224988e-04
1.321999999999999818e+04 1.916545010585944957e-04
1.322999999999999818e+04 1.739453607432397801e-04
1.323999999999999818e+04 1.570443044284884496e-04
1.324999999999999818e+04 1.417721747976101400e-04
1.325999999999999818e+04 1.281727101841413858e-04
1.326999999999999818e+04 1.167581892622765824e-04
1.327999999999999818e+04 1.073984362166833845e-04
1.328999999999999818e+04 9.944693424841961633e-05
1.329999999999999818e+04 9.310453368627579038e-05
1.330999999999999818e+04 8.807425500983814023e-05
1.331999999999999818e+04 8.424933681301991070e-05
1.332999999999999818e+04 8.132962485611593942e-05
1.333999999999999818e+04 7.942461235222352445e-05
1.334999999999999818e+04 7.837624322924385757e-05
1.335999999999999818e+04 7.822695734124878895e-05
1.336999999999999818e+04 7.867256158248940904e-05
1.337999999999999818e+04 7.999764444777316785e-05
1.338999999999999818e+04 8.212159879992616987e-05
1.339999999999999818e+04 8.503184814021545485e-05
1.340999999999999818e+04 8.876861289297942477e-05
1.341999999999999818e+04 9.354041593772885520e-05
1.342999999999999818e+04 9.919518907727144642e-05
1.343999999999999818e+04 1.058201982615247512e-04
1.344999999999999818e+04 1.134589909865865297e-04
1.345999999999999818e+04 1.217854740168114393e-04
1.346999999999999818e+04 1.311840481471683096e-04
1.347999999999999818e+04 1.408118778928614783e-04
1.348999999999999818e+04 1.507528390191396287e-04
1.349999999999999818e+04 1.601478920681110544e-04
1.350999999999999818e+04 1.687356192481296246e-04
1.351999999999999818e+04 1.757073886152975381e-04
1.352999999999999818e+04 1.808390224693393175e-04
1.353999999999999818e+04 1.832840850886077386e-04
1.354999999999999818e+04 1.836425502553996230e-04
1.355999999999999818e+04 1.819384533796095766e-04
1.356999999999999818e+04 1.789176643482595999e-04
1.357999999999999818e+04 1.747441946708517104e-04
1.358999999999999818e+04 1.700944776232381618e-04
1.359999999999999818e+04 1.653291536047628090e-04
1.360999999999999818e+04 1.604788715927034511e-04
1.361999999999999818e+04 1.562884407563260004e-04
1.362999999999999818e+04 1.524486804794349679e-04
1.363999999999999818e+04 1.494522179137461890e-04
1.364999999999999818e+04 1.469002751605551682e-04
1.365999999999999818e+04 1.450430654286294742e-04
1.366999999999999818e+04 1.435191883860983258e-04
1.367999999999999818e+04 1.425568513909956090e-04
1.368999999999999818e+04 1.420290864451242030e-04
1.369999999999999818e+04 1.410433121126710332e-04
1.370999999999999818e+04 1.401679542550514845e-04
1.371999999999999818e+04 1.390129391830175333e-04
1.372999999999999818e+04 1.378724538391511395e-04
1.373999999999999818e+04 1.360020005275900193e-04
1.374999999999999818e+04 1.340113305257489298e-04
1.375999999999999818e+04 1.317011356892582149e-04
1.376999999999999818e+04 1.290222446892708380e-04
1.377999999999999818e+04 1.262577860941155089e-04
1.378999999999999818e+04 1.234675977014858413e-04
1.379999999999999818e+04 1.205720659714962613e-04
1.380999999999999818e+04 1.177506339208790354e-04
1.381999999999999818e+04 1.150660974079708757e-04
1.382999999999999818e+04 1.127941551901320984e-04
1.383999999999999818e+04 1.108452170581728408e-04
1.384999999999999818e+04 1.093271900138168066e-04
1.385999999999999818e+04 1.080897132387336596e-04
1.386999999999999818e+04 1.073871356877066288e-04
1.387999999999999818e+04 1.071099049999671042e-04
1.388999999999999818e+04 1.074655070222871398e-04
1.389999999999999818e+04 1.082442956072940843e-04
1.390999999999999818e+04 1.098566354715510042e-04
1.391999999999999818e+04 1.120281752721415325e-04
1.392999999999999818e+04 1.146866146249929830e-04
1.393999999999999818e+04 1.180857499121879353e-04
1.394999999999999818e+04 1.221472485276361010e-04
1.395999999999999818e+04 1.268857646829011764e-04
1.396999999999999818e+04 1.321607032887690001e-04
1.397999999999999818e+04 1.379296867692141298e-04
1.398999999999999818e+04 1.440408100940254266e-04
1.399999999999999818e+04 1.502412614696632903e-04
1.400999999999999818e+04 1.561845782407679788e-04
1.401999999999999818e+04 1.614625146674252346e-04
1.402999999999999818e+04 1.659172353960453657e-04
1.403999999999999818e+04 1.690680839738404424e-04
1.404999999999999818e+04 1.703870902092280339e-04
1.405999999999999818e+04 1.700338173925142052e-04
1.406999999999999818e+04 1.681301596611234383e-04
1.407999999999999818e+04 1.646513548572448862e-04
1.408999999999999818e+04 1.598009385623346305e-04
1.409999999999999818e+04 1.541706746331156436e-04
1.410999999999999818e+04 1.482221807500971184e-04
1.411999999999999818e+04 1.421545736670679452e-04
1.412999999999999818e+04 1.363646199396313251e-04
1.413999999999999818e+04 1.308713948259281241e-04
1.414999999999999818e+04 1.261488604616817775e-04
1.415999999999999818e+04 1.220314462045747107e-04
1.416999999999999818e+04 1.187956495416244833e-04
1.417999999999999818e+04 1.163074782102105624e-04
1.418999999999999818e+04 1.146010917719424312e-04
1.419999999999999818e+04 1.136150734533879463e-04
1.420999999999999818e+04 1.134386707730078377e-04
1.421999999999999818e+04 1.142204673991446709e-04
1.422999999999999818e+04 1.157616549991216778e-04
1.423999999999999818e+04 1.183051950221410278e-04
1.424999999999999818e+04 1.217427954806578539e-04
1.425999999999999818e+04 1.262612716651620893e-04
1.426999999999999818e+04 1.317164081173152355e-04
1.427999999999999818e+04 1.379722748897870260e-04
1.428999999999999818e+04 1.451461069240123102e-04
1.429999999999999818e+04 1.530112311186145242e-04
1.430999999999999818e+04 1.615705670015034335e-04
1.431999999999999818e+04 1.700649201315583656e-04
1.432999999999999818e+04 1.783622279660163144e-04
1.433999999999999818e+04 1.857078704590601538e-04
1.434999999999999818e+04 1.911536150547251181e-04
1.435999999999999818e+04 1.946859510915515952e-04
1.436999999999999818e+04 1.953093298190963062e-04
1.437999999999999818e+04 1.929352962041714422e-04
1.438999999999999818e+04 1.880168668398399766e-04
1.439999999999999818e+04 1.810335634043703167e-04
1.440999999999999818e+04 1.723795742664833085e-04
1.441999999999999818e+04 1.631806601928334998e-04
1.442999999999999818e+04 1.535637731896060429e-04
1.443999999999999818e+04 1.442951798693252582e-04
1.444999999999999818e+04 1.356309788322657573e-04
1.445999999999999818e+04 1.278057103447820871e-04
1.446999999999999818e+04 1.209968442084342698e-04
1.447999999999999818e+04 1.150112049830037566e-04
1.448999999999999818e+04 1.099704769303623287e-04
1.449999999999999818e+04 1.058177463417122753e-04
1.450999999999999818e+04 1.026161193857117197e-04
1.451999999999999818e+04 1.001859557536337238e-04
1.452999999999999818e+04 9.857161368149645018e-05
1.453999999999999818e+04 9.774358930695896028e-05
1.454999999999999818e+04 9.756274044165097090e-05
1.455999999999999818e+04 9.810714591078937912e-05
1.456999999999999818e+04 9.940979187592084352e-05
1.457999999999999818e+04 1.014272800686397916e-04
1.458999999999999818e+04 1.041636759041852131e-04
1.459999999999999818e+04 1.076458859248203783e-04
1.460999999999999818e+04 1.117592900948020197e-04
1.461999999999999818e+04 1.165668116220735259e-04
1.462999999999999818e+04 1.220391093150996985e-04
1.463999999999999818e+04 1.280640276206051835e-04
1.464999999999999818e+04 1.343581864263114576e-04
1.465999999999999818e+04 1.410192573537757813e-04
1.466999999999999818e+04 1.475308458109731726e-04
1.467999999999999818e+04 1.536754803537254460e-04
1.468999999999999818e+04 1.590778956649790683e-04
1.469999999999999818e+04 1.635065547995489968e-04
1.470999999999999818e+04 1.662414107324388063e-04
1.471999999999999818e+04 1.676458210811470413e-04
1.472999999999999818e+04 1.673387199784543810e-04
1.473999999999999818e+04 1.655180885522761854e-04
1.474999999999999818e+04 1.625751087063898449e-04
1.475999999999999818e+04 1.586516415325707149e-04
1.476999999999999818e+04 1.539603277523086608e-04
1.477999999999999818e+04 1.489791245393050410e-04
1.478999999999999818e+04 1.438963515350662940e-04
1.479999999999999818e+04 1.392551534389680954e-04
1.480999999999999818e+04 1.350791424986288352e-04
1.481999999999999818e+04 1.312684673056096585e-04
1.482999999999999818e+04 1.282736571442920359e-04
1.483999999999999818e+04 1.259831331932820633e-04
1.484999999999999818e+04 1.241156384268060501e-04
1.485999999999999818e+04 1.232168585867621463e-04
1.486999999999999818e+04 1.228840988380824374e-04
1.487999999999999818e+04 1.233194042842571299e-04
1.488999999999999818e+04 1.246228091523062073e-04
1.489999999999999818e+04 1.266663725538947401e-04
1.490999999999999818e+04 1.295170990730016474e-04
1.491999999999999818e+04 1.329305797642544706e-04
1.492999999999999818e+04 1.372005557434510966e-04
1.493999999999999818e+04 1.421387684440471235e-04
1.494999999999999818e+04 1.476553679845624806e-04
1.495999999999999818e+04 1.536787651792633771e-04
1.496999999999999818e+04 1.598722560925133827e-04
1.497999999999999818e+04 1.660577743179123867e-04
1.498999999999999818e+04 1.721066685402692004e-04
1.499999999999999818e+04 1.771722296857115755e-04
1.500999999999999818e+04 1.814099549170961859e-04
1.501999999999999818e+04 1.842086590430293464e-04
1.502999999999999818e+04 1.852252706372002752e-04
1.503999999999999818e+04 1.843526851476536856e-04
1.504999999999999818e+04 1.819470093528423240e-04
1.505999999999999818e+04 1.779399353689720608e-04
1.506999999999999818e+04 1.724365532996020313e-04
1.507999999999999818e+04 1.661465077046979898e-04
1.508999999999999818e+04 1.594454269143749203e-04
1.509999999999999818e+04 1.526502892940838298e-04
1.510999999999999818e+04 1.458187382705413587e-04
1.511999999999999818e+04 1.394952130034924807e-04
1.512999999999999818e+04 1.336605931280958912e-04
1.513999999999999818e+04 1.284690759854210051e-04
1.514999999999999818e+04 1.239772616415501366e-04
1.515999999999999818e+04 1.201530219325358111e-04
1.516999999999999818e+04 1.170827483496053757e-04
1.517999999999999818e+04 1.147518911400155934e-04
1.518999999999999818e+04 1.131922986760557266e-04
1.519999999999999818e+04 1.121627140505671700e-04
1.520999999999999818e+04 1.118596059406861776e-04
1.521999999999999818e+04 1.126338785460710473e-04
1.522999999999999818e+04 1.137565210732208399e-04
1.523999999999999818e+04 1.157016091051715019e-04
1.524999999999999818e+04 1.184857161039879175e-04
1.525999999999999818e+04 1.218413127978981123e-04
1.526999999999999818e+04 1.260908446618367652e-04
1.527999999999999818e+04 1.309574805834506526e-04
1.528999999999999818e+04 1.366796987738467389e-04
1.529999999999999818e+04 1.429149840595299423e-04
1.530999999999999818e+04 1.497498674094679212e-04
1.531999999999999818e+04 1.570918174238006759e-04
1.532999999999999818e+04 1.647732225695925062e-04
1.533999999999999818e+04 1.718805137692366143e-04
1.534999999999999818e+04 1.786653609411110359e-04
1.535999999999999636e+04 1.846388456271743934e-04
1.536999999999999636e+04 1.890625574550284138e-04
1.537999999999999636e+04 1.918235375468150942e-04
1.538999999999999636e+04 1.929713860780888301e-04
1.539999999999999636e+04 1.916948007206961940e-04
1.540999999999999636e+04 1.891765845459442749e-04
1.541999999999999636e+04 1.845516074745211818e-04
1.542999999999999636e+04 1.790700394319890646e-04
1.543999999999999636e+04 1.728594905229452667e-04
1.544999999999999636e+04 1.663293491257783626e-04
1.545999999999999636e+04 1.597760824631898238e-04
1.546999999999999636e+04 1.535107905206914273e-04
1.547999999999999636e+04 1.474529617870667746e-04
1.548999999999999636e+04 1.423564585865445830e-04
1.549999999999999636e+04 1.377477939443833488e-04
1.550999999999999636e+04 1.340116793137857394e-04
1.551999999999999636e+04 1.308874317887699363e-04
1.552999999999999636e+04 1.288891817121407283e-04
1.553999999999999636e+04 1.275039642834719484e-04
1.554999999999999636e+04 1.268309906609420908e-04
1.555999999999999636e+04 1.270301341883140877e-04
1.556999999999999636e+04 1.282509371022044558e-04
1.557999999999999636e+04 1.303207111690418815e-04
1.558999999999999636e+04 1.332540834361151626e-04
1.559999999999999636e+04 1.369993745862772058e-04
1.560999999999999636e+04 1.416334974111204347e-04
1.561999999999999636e+04 1.471185490763964477e-04
1.562999999999999636e+04 1.535593008774973126e-04
1.563999999999999636e+04 1.606742911255991326e-04
1.564999999999999636e+04 1.683567156894452471e-04
1.565999999999999636e+04 1.763201984503332529e-04
1.566999999999999636e+04 1.839142821309638833e-04
1.567999999999999636e+04 1.908062432227026009e-04
1.568999999999999636e+04 1.964406266728305542e-04
1.569999999999999636e+04 1.998964072511968211e-04
1.570999999999999636e+04 2.007289119523283569e-04
1.571999999999999636e+04 1.984823330653910916e-04
1.572999999999999636e+04 1.932082503226665367e-04
1.573999999999999636e+04 1.853277336374959641e-04
1.574999999999999636e+04 1.753579586807857795e-04
1.575999999999999636e+04 1.640150382864291427e-04
1.576999999999999636e+04 1.522796773559211730e-04
1.577999999999999636e+04 1.406256466111726082e-04
1.578999999999999636e+04 1.292481948867499331e-04
1.579999999999999636e+04 1.187822229736556817e-04
1.580999999999999636e+04 1.093341214299202712e-04
1.581999999999999636e+04 1.007369986057013775e-04
1.582999999999999636e+04 9.314840222527452748e-05
1.583999999999999636e+04 8.672445907219626443e-05
1.584999999999999636e+04 8.109171193416788207e-05
1.585999999999999636e+04 7.629802969601468378e-05
1.586999999999999636e+04 7.216653987981187649e-05
1.587999999999999636e+04 6.867556337583780458e-05
1.588999999999999636e+04 6.582821972205774854e-05
1.589999999999999636e+04 6.339832900514797331e-05
1.590999999999999636e+04 6.158215936816849063e-05
1.591999999999999636e+04 6.020616064361923543e-05
1.592999999999999636e+04 5.924039052288792141e-05
1.593999999999999636e+04 5.871307484883168698e-05
1.594999999999999636e+04 5.854817575720363399e-05
1.595999999999999636e+04 5.880506373221148781e-05
1.596999999999999636e+04 5.951056532794559372e-05
1.597999999999999636e+04 6.066955350646879277e-05
1.598999999999999636e+04 6.229181813720871368e-05
1.599999999999999636e+04 6.441863014733420739e-05
1.600999999999999636e+04 6.706416804405289595e-05
1.601999999999999636e+04 7.035066151429249703e-05
1.602999999999999636e+04 7.436728999434131300e-05
1.603999999999999636e+04 7.933733657530136455e-05
1.604999999999999636e+04 8.517561327079078222e-05
1.605999999999999636e+04 9.220024132355141120e-05
1.606999999999999636e+04 1.004316184751995764e-04
1.607999999999999636e+04 1.103425441695495040e-04
1.608999999999999636e+04 1.220231671333828379e-04
1.609999999999999636e+04 1.356845022495396303e-04
1.610999999999999636e+04 1.515383423218155591e-04
1.611999999999999636e+04 1.695738478835552880e-04
1.612999999999999636e+04 1.896164867472606701e-04
1.613999999999999636e+04 2.110648049107080831e-04
1.614999999999999636e+04 2.324959740014060749e-04
1.615999999999999636e+04 2.522143570634368770e-04
1.616999999999999636e+04 2.674485145309605811e-04
1.617999999999999636e+04 2.757818739619677449e-04
1.618999999999999636e+04 2.759816490892449850e-04
1.619999999999999636e+04 2.684339235473424934e-04
1.620999999999999636e+04 2.544457826343360352e-04
1.621999999999999636e+04 2.358350185941709292e-04
1.622999999999999636e+04 2.156456957781632605e-04
1.623999999999999636e+04 1.960135664649697207e-04
1.624999999999999636e+04 1.771950055156342005e-04
1.625999999999999636e+04 1.602438850041152296e-04
1.626999999999999636e+04 1.452314726349855981e-04
1.627999999999999636e+04 1.323189113368568933e-04
1.628999999999999636e+04 1.213527103479693019e-04
1.629999999999999636e+04 1.118907539332384998e-04
1.630999999999999636e+04 1.040343077377315923e-04
1.631999999999999636e+04 9.738964222490640568e-05
1.632999999999999636e+04 9.173205217308141564e-05
1.633999999999999636e+04 8.710177305459358373e-05
1.634999999999999636e+04 8.331338026182833931e-05
1.635999999999999636e+04 8.025269393143968466e-05
1.636999999999999636e+04 7.781225983947188550e-05
1.637999999999999636e+04 7.599625488657490871e-05
1.638999999999999636e+04 7.468080410398772353e-05
1.639999999999999636e+04 7.385301667148896335e-05
1.640999999999999636e+04 7.351180660610107922e-05
1.641999999999999636e+04 7.355156999705694701e-05
1.642999999999999636e+04 7.407146217015754845e-05
1.643999999999999636e+04 7.500180416390570849e-05
1.644999999999999636e+04 7.639766066246618851e-05
1.645999999999999636e+04 7.808379117387732567e-05
1.646999999999999636e+04 8.020516947135782721e-05
1.647999999999999636e+04 8.285745128761952069e-05
1.648999999999999636e+04 8.584985464039367642e-05
1.649999999999999636e+04 8.931230497524734156e-05
1.650999999999999636e+04 9.321833492031056162e-05
1.651999999999999636e+04 9.746697289193824020e-05
1.652999999999999636e+04 1.019853425493434575e-04
1.653999999999999636e+04 1.071367604738569676e-04
1.654999999999999636e+04 1.123700587184401137e-04
1.655999999999999636e+04 1.176488934616535479e-04
1.656999999999999636e+04 1.229829824679327423e-04
1.657999999999999636e+04 1.282706499223398942e-04
1.658999999999999636e+04 1.331378335357692657e-04
1.659999999999999636e+04 1.374331961465343551e-04
1.660999999999999636e+04 1.410988282635637560e-04
1.661999999999999636e+04 1.438273497259950884e-04
1.662999999999999636e+04 1.454425737562894082e-04
1.663999999999999636e+04 1.461674681342386203e-04
1.664999999999999636e+04 1.458297322119656632e-04
1.665999999999999636e+04 1.445334658544137946e-04
1.666999999999999636e+04 1.424655926538085824e-04
1.667999999999999636e+04 1.397779804193166413e-04
1.668999999999999636e+04 1.365883747581179714e-04
1.669999999999999636e+04 1.331192334475019814e-04
1.670999999999999636e+04 1.294482721474237623e-04
1.671999999999999636e+04 1.258585547248746643e-04
1.672999999999999636e+04 1.224238892167905631e-04
1.673999999999999636e+04 1.191305957661447165e-04
1.674999999999999636e+04 1.160879446849249873e-04
1.675999999999999636e+04 1.134710841155021866e-04
1.676999999999999636e+04 1.110889229306499050e-04
1.677999999999999636e+04 1.091686364463622825e-04
1.678999999999999636e+04 1.075869658442473906e-04
1.679999999999999636e+04 1.064102526331482803e-04
1.680999999999999636e+04 1.056411829073846325e-04
1.681999999999999636e+04 1.052607777788481814e-04
1.682999999999999636e+04 1.053283232437207900e-04
1.683999999999999636e+04 1.058032237061532144e-04
1.684999999999999636e+04 1.067179712104468649e-04
1.685999999999999636e+04 1.079882510609565398e-04
1.686999999999999636e+04 1.096052715973258520e-04
1.687999999999999636e+04 1.117051616501962282e-04
1.688999999999999636e+04 1.143439169699230336e-04
1.689999999999999636e+04 1.173116559375331192e-04
1.690999999999999636e+04 1.206175517138806771e-04
1.691999999999999636e+04 1.243697773620158645e-04
1.692999999999999636e+04 1.286983621108182796e-04
1.693999999999999636e+04 1.330768897743588584e-04
1.694999999999999636e+04 1.378396824866683144e-04
1.695999999999999636e+04 1.429893242061785552e-04
1.696999999999999636e+04 1.481370023392952697e-04
1.697999999999999636e+04 1.535460036684530298e-04
1.698999999999999636e+04 1.590081408006485447e-04
1.699999999999999636e+04 1.639621737274780141e-04
1.700999999999999636e+04 1.687486458776102697e-04
1.701999999999999636e+04 1.728989799564415928e-04
1.702999999999999636e+04 1.763568838898353912e-04
1.703999999999999636e+04 1.791811497792404877e-04
1.704999999999999636e+04 1.810246495923789449e-04
1.705999999999999636e+04 1.819146087964128658e-04
1.706999999999999636e+04 1.818907383895949459e-04
1.707999999999999636e+04 1.810095905409068800e-04
1.708999999999999636e+04 1.792400057974820131e-04
1.709999999999999636e+04 1.765322149607067290e-04
1.710999999999999636e+04 1.733863405074369268e-04
1.711999999999999636e+04 1.699692216525051187e-04
1.712999999999999636e+04 1.659014645535531601e-04
1.713999999999999636e+04 1.617654557655102867e-04
1.714999999999999636e+04 1.579371000921296554e-04
1.715999999999999636e+04 1.538951418675880197e-04
1.716999999999999636e+04 1.500817827893763845e-04
1.717999999999999636e+04 1.464554683202803757e-04
1.718999999999999636e+04 1.430940741989656794e-04
1.719999999999999636e+04 1.399563920468871144e-04
1.720999999999999636e+04 1.373420387326548472e-04
1.721999999999999636e+04 1.348542764411081300e-04
1.722999999999999636e+04 1.327484514930436050e-04
1.723999999999999636e+04 1.309361610742638255e-04
1.724999999999999636e+04 1.295223911102298664e-04
1.725999999999999636e+04 1.285024441647556045e-04
1.726999999999999636e+04 1.277531806898578597e-04
1.727999999999999636e+04 1.271484366108413088e-04
1.728999999999999636e+04 1.268601138146826558e-04
1.729999999999999636e+04 1.269568725428254900e-04
1.730999999999999636e+04 1.272990207739760338e-04
1.731999999999999636e+04 1.278644759693383455e-04
1.732999999999999636e+04 1.284729910327752115e-04
1.733999999999999636e+04 1.293325591382475984e-04
1.734999999999999636e+04 1.302251000067318259e-04
1.735999999999999636e+04 1.314770458059273445e-04
1.736999999999999636e+04 1.325545605193670915e-04
1.737999999999999636e+04 1.338851433868321213e-04
1.738999999999999636e+04 1.351015737949866422e-04
1.739999999999999636e+04 1.361409449182301491e-04
1.740999999999999636e+04 1.370746176753261385e-04
1.741999999999999636e+04 1.380075968092321290e-04
1.742999999999999636e+04 1.384829967921445324e-04
1.743999999999999636e+04 1.389396756605970845e-04
1.744999999999999636e+04 1.390653176045284086e-04
1.745999999999999636e+04 1.387452076838766480e-04
1.746999999999999636e+04 1.383714413435840819e-04
1.747999999999999636e+04 1.377642405110816631e-04
1.748999999999999636e+04 1.366520249007077356e-04
1.749999999999999636e+04 1.352774609146059604e-04
1.750999999999999636e+04 1.334926262901973038e-04
1.751999999999999636e+04 1.318457094051516559e-04
1.752999999999999636e+04 1.299418013016444848e-04
1.753999999999999636e+04 1.279389112618233991e-04
1.754999999999999636e+04 1.256611378538616014e-04
1.755999999999999636e+04 1.234655474307729515e-04
1.756999999999999636e+04 1.213445614304613343e-04
1.757999999999999636e+04 1.190294616165248054e-04
1.758999999999999636e+04 1.169582973418446147e-04
1.759999999999999636e+04 1.148401259551365980e-04
1.760999999999999636e+04 1.130066807140359423e-04
1.761999999999999636e+04 1.112913243172895518e-04
1.762999999999999636e+04 1.096369798785200859e-04
1.763999999999999636e+04 1.080488687049030623e-04
1.764999999999999636e+04 1.068317454508802987e-04
1.765999999999999636e+04 1.056191719358383352e-04
1.766999999999999636e+04 1.048786898269291886e-04
1.767999999999999636e+04 1.040747604562040093e-04
1.768999999999999636e+04 1.035553575567168671e-04
1.769999999999999636e+04 1.030818474132281961e-04
1.770999999999999636e+04 1.030412161087560039e-04
1.771999999999999636e+04 1.030420005731708582e-04
1.772999999999999636e+04 1.033728333867999172e-04
1.773999999999999636e+04 1.039988295341584486e-04
1.774999999999999636e+04 1.046238346606984305e-04
1.775999999999999636e+04 1.054489554050197980e-04
1.776999999999999636e+04 1.064257336673980455e-04
1.777999999999999636e+04 1.075163910177006320e-04
1.778999999999999636e+04 1.090049162286740278e-04
1.779999999999999636e+04 1.106961457990838913e-04
1.780999999999999636e+04 1.123675661268544104e-04
1.781999999999999636e+04 1.143831778367686460e-04
1.782999999999999636e+04 1.162733733469624523e-04
1.783999999999999636e+04 1.182925622659551748e-04
1.784999999999999636e+04 1.207771734929108463e-04
1.785999999999999636e+04 1.231764281795830315e-04
1.786999999999999636e+04 1.258435562844290240e-04
1.787999999999999636e+04 1.283891856761218777e-04
1.788999999999999636e+04 1.308057280598892648e-04
1.789999999999999636e+04 1.333851333866337672e-04
1.790999999999999636e+04 1.361302663223861679e-04
1.791999999999999636e+04 1.385838141739300820e-04
1.792999999999999636e+04 1.409791287153357598e-04
1.793999999999999636e+04 1.433388724855249512e-04
1.794999999999999636e+04 1.456935478219628850e-04
1.795999999999999636e+04 1.476345090225485070e-04
1.796999999999999636e+04 1.497106689583135495e-04
1.797999999999999636e+04 1.512790978167226981e-04
1.798999999999999636e+04 1.527723834546254676e-04
1.799999999999999636e+04 1.540702559653237729e-04
1.800999999999999636e+04 1.552498890444765098e-04
1.801999999999999636e+04 1.562764072579578864e-04
1.802999999999999636e+04 1.572736191865538194e-04
1.803999999999999636e+04 1.577762473300190296e-04
1.804999999999999636e+04 1.581076493628307282e-04
1.805999999999999636e+04 1.585566530059138730e-04
1.806999999999999636e+04 1.588962001778019650e-04
1.807999999999999636e+04 1.592003011115081441e-04
1.808999999999999636e+04 1.592794247529815571e-04
1.809999999999999636e+04 1.594024966254094190e-04
1.810999999999999636e+04 1.595184452637922945e-04
1.811999999999999636e+04 1.598701733093609479e-04
1.812999999999999636e+04 1.599737290379033645e-04
1.813999999999999636e+04 1.601538749235069175e-04
1.814999999999999636e+04 1.604739685727452081e-04
1.815999999999999636e+04 1.606812366037568796e-04
1.816999999999999636e+04 1.611483553452225761e-04
1.817999999999999636e+04 1.618215724652956615e-04
1.818999999999999636e+04 1.620951887432757954e-04
1.819999999999999636e+04 1.626680589249758827e-04
1.820999999999999636e+04 1.631480109545097371e-04
1.821999999999999636e+04 1.638687071780740585e-04
1.822999999999999636e+04 1.646563280309572188e-04
1.823999999999999636e+04 1.652127835461227089e-04
1.824999999999999636e+04 1.656675083464423446e-04
1.825999999999999636e+04 1.662471835770163635e-04
1.826999999999999636e+04 1.666227194239995450e-04
1.827999999999999636e+04 1.667624265315175032e-04
1.828999999999999636e+04 1.668336715335769216e-04
1.829999999999999636e+04 1.667638739894777161e-04
1.830999999999999636e+04 1.663213907731775517e-04
1.831999999999999636e+04 1.656979899497534880e-04
1.832999999999999636e+04 1.648975878014427229e-04
1.833999999999999636e+04 1.636119106973468555e-04
1.834999999999999636e+04 1.622852136756313020e-04
1.835999999999999636e+04 1.604407482186570642e-04
1.836999999999999636e+04 1.582419419056969574e-04
1.837999999999999636e+04 1.558347153094758353e-04
1.838999999999999636e+04 1.531071571536996500e-04
1.839999999999999636e+04 1.503906822137586854e-04
1.840999999999999636e+04 1.474974042821634249e-04
1.841999999999999636e+04 1.442112325097881617e-04
1.842999999999999636e+04 1.408457554403205530e-04
1.843999999999999636e+04 1.375504749938330669e-04
1.844999999999999636e+04 1.341013992737003066e-04
1.845999999999999636e+04 1.305919978433840625e-04
1.846999999999999636e+04 1.272132750537101310e-04
1.847999999999999636e+04 1.240113016065338177e-04
1.848999999999999636e+04 1.206623793852690273e-04
1.849999999999999636e+04 1.175463836316402379e-04
1.850999999999999636e+04 1.144719641789177455e-04
1.851999999999999636e+04 1.116401354967019882e-04
1.852999999999999636e+04 1.087536301241256824e-04
1.853999999999999636e+04 1.061532882519418180e-04
1.854999999999999636e+04 1.038374798983307388e-04
1.855999999999999636e+04 1.015877892004595558e-04
1.856999999999999636e+04 9.950134830250742253e-05
1.857999999999999636e+04 9.761502343956779805e-05
1.858999999999999636e+04 9.591892254807689788e-05
1.859999999999999636e+04 9.442132341551898471e-05
1.860999999999999636e+04 9.302582013082619130e-05
1.861999999999999636e+04 9.190155502295026084e-05
1.862999999999999636e+04 9.108168804103272177e-05
1.863999999999999636e+04 9.028227325585862846e-05
1.864999999999999636e+04 8.959229023931171584e-05
1.865999999999999636e+04 8.917377739191132335e-05
1.866999999999999636e+04 8.872400461488177275e-05
1.867999999999999636e+04 8.858005201585384574e-05
1.868999999999999636e+04 8.864079075529314596e-05
1.869999999999999636e+04 8.883935620844496395e-05
1.870999999999999636e+04 8.916654934664097786e-05
1.871999999999999636e+04 8.974761436040007043e-05
1.872999999999999636e+04 9.030986058128416430e-05
1.873999999999999636e+04 9.119104382212338115e-05
1.874999999999999636e+04 9.233350892493931222e-05
1.875999999999999636e+04 9.368815230519113844e-05
1.876999999999999636e+04 9.499731167261952851e-05
1.877999999999999636e+04 9.668168906936685137e-05
1.878999999999999636e+04 9.855285581316264743e-05
1.879999999999999636e+04 1.005037658590721746e-04
1.880999999999999636e+04 1.025978053343896908e-04
1.881999999999999636e+04 1.048580345894802919e-04
1.882999999999999636e+04 1.073311540128208270e-04
1.883999999999999636e+04 1.101098790484232305e-04
1.884999999999999636e+04 1.131236938733889432e-04
1.885999999999999636e+04 1.161981585607525823e-04
1.886999999999999636e+04 1.193227043603825132e-04
1.887999999999999636e+04 1.226713990346387786e-04
1.888999999999999636e+04 1.261018954599102870e-04
1.889999999999999636e+04 1.295277615572382462e-04
1.890999999999999636e+04 1.331548126261010326e-04
1.891999999999999636e+04 1.368520939057760015e-04
1.892999999999999636e+04 1.403239077907762571e-04
1.893999999999999636e+04 1.439910156083326306e-04
1.894999999999999636e+04 1.472004905882694714e-04
1.895999999999999636e+04 1.506176560064019488e-04
1.896999999999999636e+04 1.535207101894551845e-04
1.897999999999999636e+04 1.561614237485794770e-04
1.898999999999999636e+04 1.583840585819127245e-04
1.899999999999999636e+04 1.605696644052621175e-04
1.900999999999999636e+04 1.620290480069330405e-04
1.901999999999999636e+04 1.632746285614370936e-04
1.902999999999999636e+04 1.644100111142990221e-04
1.903999999999999636e+04 1.643599351597187491e-04
1.904999999999999636e+04 1.641863708967366935e-04
1.905999999999999636e+04 1.638132267807571355e-04
1.906999999999999636e+04 1.628426443698240025e-04
1.907999999999999636e+04 1.612425206451315800e-04
1.908999999999999636e+04 1.595605977756485579e-04
1.909999999999999636e+04 1.577473151493092023e-04
1.910999999999999636e+04 1.552836492914443512e-04
1.911999999999999636e+04 1.527996153569266405e-04
1.912999999999999636e+04 1.501658040297339691e-04
1.913999999999999636e+04 1.475318993390293621e-04
1.914999999999999636e+04 1.446231485700101907e-04
1.915999999999999636e+04 1.415831687085409012e-04
1.916999999999999636e+04 1.388935285191367805e-04
1.917999999999999636e+04 1.363172730174951974e-04
1.918999999999999636e+04 1.333574981163979730e-04
1.919999999999999636e+04 1.305878011291174601e-04
1.920999999999999636e+04 1.282977886062804107e-04
1.921999999999999636e+04 1.258111022483021158e-04
1.922999999999999636e+04 1.232944378393747303e-04
1.923999999999999636e+04 1.211901181138075361e-04
1.924999999999999636e+04 1.191323131962742374e-04
1.925999999999999636e+04 1.172346103502174659e-04
1.926999999999999636e+04 1.155268266495928717e-04
1.927999999999999636e+04 1.139392332786652324e-04
1.928999999999999636e+04 1.126629894955646813e-04
1.929999999999999636e+04 1.113781473296844392e-04
1.930999999999999636e+04 1.101876176183901675e-04
1.931999999999999636e+04 1.091409685916067568e-04
1.932999999999999636e+04 1.082575145039854267e-04
1.933999999999999636e+04 1.075541219661210887e-04
1.934999999999999636e+04 1.070354426877895504e-04
1.935999999999999636e+04 1.065190134762167393e-04
1.936999999999999636e+04 1.061824784504897246e-04
1.937999999999999636e+04 1.061045001703698695e-04
1.938999999999999636e+04 1.062686552170078944e-04
1.939999999999999636e+04 1.063432953038186786e-04
1.940999999999999636e+04 1.063818448530656638e-04
1.941999999999999636e+04 1.068774534513391538e-04
1.942999999999999636e+04 1.073151915742537462e-04
1.943999999999999636e+04 1.077847956053814183e-04
1.944999999999999636e+04 1.085094268326285008e-04
1.945999999999999636e+04 1.093628345237091843e-04
1.946999999999999636e+04 1.103200911565880161e-04
1.947999999999999636e+04 1.115317269046446852e-04
1.948999999999999636e+04 1.127356923480031851e-04
1.949999999999999636e+04 1.139378939091881975e-04
1.950999999999999636e+04 1.153012181648222124e-04
1.951999999999999636e+04 1.167935549053984913e-04
1.952999999999999636e+04 1.184207262878483928e-04
1.953999999999999636e+04 1.201074816123631159e-04
1.954999999999999636e+04 1.218836253987280288e-04
1.955999999999999636e+04 1.238783455685090655e-04
1.956999999999999636e+04 1.259817896236334052e-04
1.957999999999999636e+04 1.280065008021552867e-04
1.958999999999999636e+04 1.299998607247152970e-04
1.959999999999999636e+04 1.320254096541258312e-04
1.960999999999999636e+04 1.343311037043867513e-04
1.961999999999999636e+04 1.361859449552151621e-04
1.962999999999999636e+04 1.384199234578832724e-04
1.963999999999999636e+04 1.406074479016299332e-04
1.964999999999999636e+04 1.429277957934708835e-04
1.965999999999999636e+04 1.445633608884614807e-04
1.966999999999999636e+04 1.466504595453550980e-04
1.967999999999999636e+04 1.483623324726136220e-04
1.968999999999999636e+04 1.498085431626862418e-04
1.969999999999999636e+04 1.515155328925786582e-04
1.970999999999999636e+04 1.528300944861368089e-04
1.971999999999999636e+04 1.540771868094796646e-04
1.972999999999999636e+04 1.551738387174925518e-04
1.973999999999999636e+04 1.558663690476710050e-04
1.974999999999999636e+04 1.563386669214964690e-04
1.975999999999999636e+04 1.567024112766599096e-04
1.976999999999999636e+04 1.568050979642635328e-04
1.977999999999999636e+04 1.565031460940620076e-04
1.978999999999999636e+04 1.560857965111940040e-04
1.979999999999999636e+04 1.552705207460203837e-04
1.980999999999999636e+04 1.544435663834770500e-04
1.981999999999999636e+04 1.536826522693578666e-04
1.982999999999999636e+04 1.525296624922463536e-04
1.983999999999999636e+04 1.510045627364077579e-04
1.984999999999999636e+04 1.494241216694272708e-04
1.985999999999999636e+04 1.477848447633353538e-04
1.986999999999999636e+04 1.460677696430819278e-04
1.987999999999999636e+04 1.440326027694074050e-04
1.988999999999999636e+04 1.421579013576745485e-04
1.989999999999999636e+04 1.404462463826038976e-04
1.990999999999999636e+04 1.385128292079021624e-04
1.991999999999999636e+04 1.364388464075136137e-04
1.992999999999999636e+04 1.346908695031728311e-04
1.993999999999999636e+04 1.328190856929910638e-04
1.994999999999999636e+04 1.309631507247573275e-04
1.995999999999999636e+04 1.292388775595845686e-04
1.996999999999999636e+04 1.276568602510425997e-04
1.997999999999999636e+04 1.261190829636282395e-04
1.998999999999999636e+04 1.247323179697512889e-04
1.999999999999999636e+04 1.233064453655656359e-04
2.000999999999999636e+04 1.220670718882768208e-04
2.001999999999999636e+04 1.210513717323776173e-04
2.002999999999999636e+04 1.199548064844096064e-04
2.003999999999999636e+04 1.193496218024859098e-04
2.004999999999999636e+04 1.186155989303670007e-04
2.005999999999999636e+04 1.181442178834446298e-04
2.006999999999999636e+04 1.178868870064958573e-04
2.007999999999999636e+04 1.176058234502912268e-04
2.008999999999999636e+04 1.173546679037863023e-04
2.009999999999999636e+04 1.175308750111757610e-04
2.010999999999999636e+04 1.177587618931631356e-04
2.011999999999999636e+04 1.180575955666280220e-04
2.012999999999999636e+04 1.187188266230028736e-04
2.013999999999999636e+04 1.195411759409259039e-04
2.014999999999999636e+04 1.204014662202550982e-04
2.015999999999999636e+04 1.216266693434383590e-04
2.016999999999999636e+04 1.229584226592074080e-04
2.017999999999999636e+04 1.242570666787313159e-04
2.018999999999999636e+04 1.259420813610269733e-04
2.019999999999999636e+04 1.275926658753304816e-04
2.020999999999999636e+04 1.296556713496776504e-04
2.021999999999999636e+04 1.319922913797061902e-04
2.022999999999999636e+04 1.342927053478395376e-04
2.023999999999999636e+04 1.367371345835151786e-04
2.024999999999999636e+04 1.393959138713300131e-04
2.025999999999999636e+04 1.421806793531701517e-04
2.026999999999999636e+04 1.450850682663018022e-04
2.027999999999999636e+04 1.481769826278883445e-04
2.028999999999999636e+04 1.513693917750668087e-04
2.029999999999999636e+04 1.545006037345879725e-04
2.030999999999999636e+04 1.575708326086498019e-04
2.031999999999999636e+04 1.603440142294330971e-04
2.032999999999999636e+04 1.631690884198809099e-04
2.033999999999999636e+04 1.658222935140184955e-04
2.034999999999999636e+04 1.682858932670522648e-04
2.035999999999999636e+04 1.703576275629212211e-04
2.036999999999999636e+04 1.718805337123392306e-04
2.037999999999999636e+04 1.730183699224244686e-04
2.038999999999999636e+04 1.734368104109954565e-04
2.039999999999999636e+04 1.730860369618668923e-04
2.040999999999999636e+04 1.721404414006267041e-04
2.041999999999999636e+04 1.705151641021920026e-04
2.042999999999999636e+04 1.681564455301929055e-04
2.043999999999999636e+04 1.649701794751510370e-04
2.044999999999999636e+04 1.613977673396445160e-04
2.045999999999999636e+04 1.571628997177824244e-04
2.046999999999999636e+04 1.524793613438159138e-04
2.047999999999999636e+04 1.475632701650141901e-04
2.048999999999999636e+04 1.422946550536055999e-04
2.049999999999999636e+04 1.366166001722988435e-04
2.050999999999999636e+04 1.311521848615294255e-04
2.051999999999999636e+04 1.253733044736902590e-04
2.052999999999999636e+04 1.196851961106845121e-04
2.053999999999999636e+04 1.143161173682797488e-04
2.054999999999999636e+04 1.089653396217549382e-04
2.055999999999999636e+04 1.036564520251806172e-04
2.056999999999999636e+04 9.867177880680488530e-05
2.057999999999999636e+04 9.387297018930679357e-05
2.058999999999999636e+04 8.934247623598368560e-05
2.059999999999999636e+04 8.507446915280317355e-05
2.060999999999999636e+04 8.115588735312240915e-05
2.061999999999999636e+04 7.720783876360525053e-05
2.062999999999999636e+04 7.379146581104223011e-05
2.063999999999999636e+04 7.042675561227574482e-05
2.064999999999999636e+04 6.743724060538749997e-05
2.065999999999999636e+04 6.457997111753564941e-05
2.066999999999999636e+04 6.205058072797028663e-05
2.067999999999999636e+04 5.957513472541995254e-05
2.068999999999999636e+04 5.719134328387042750e-05
2.069999999999999636e+04 5.509402143618323013e-05
2.070999999999999636e+04 5.324358099489156560e-05
2.071999999999999636e+04 5.149871392897015525e-05
2.072999999999999636e+04 4.971934333560611000e-05
2.073999999999999636e+04 4.819275982985680464e-05
2.074999999999999636e+04 4.687012447868614458e-05
2.075999999999999636e+04 4.554983940071945822e-05
2.076999999999999636e+04 4.437400835446130714e-05
2.077999999999999636e+04 4.331247538609628669e-05
2.078999999999999636e+04 4.230841598090080306e-05
2.079999999999999636e+04 4.144707869346631247e-05
2.080999999999999636e+04 4.069311908534681315e-05
2.081999999999999636e+04 3.992318928041471677e-05
2.082999999999999636e+04 3.930315606165753369e-05
2.083999999999999636e+04 3.870113914368678758e-05
2.084999999999999636e+04 3.825921522458140990e-05
2.085999999999999636e+04 3.779512257964590317e-05
2.086999999999999636e+04 3.738071086885996319e-05
2.087999999999999636e+04 3.717856699934411172e-05
2.088999999999999636e+04 3.694838705757548362e-05
2.089999999999999636e+04 3.670742636736777566e-05
2.090999999999999636e+04 3.654994824712539802e-05
2.091999999999999636e+04 3.651018387894427151e-05
2.092999999999999636e+04 3.653940913364164220e-05
2.093999999999999636e+04 3.658351221583056707e-05
2.094999999999999636e+04 3.679012061940277673e-05
2.095999999999999636e+04 3.688985445999304775e-05
2.096999999999999636e+04 3.719349674555779502e-05
2.097999999999999636e+04 3.743777186999955098e-05
2.098999999999999636e+04 3.812408903215631803e-05
2.099999999999999636e+04 0.000000000000000000e+00
