3.649999999999999545e+03 0.000000000000000000e+00
3.659999999999999545e+03 1.613101590870000273e-17
3.669999999999999545e+03 1.061716797636687491e-16
3.679999999999999545e+03 1.545284663024375057e-15
3.689999999999999545e+03 9.064261293149999748e-15
3.699999999999999545e+03 4.832531485184375120e-15
3.709999999999999545e+03 1.134553412089124964e-13
3.719999999999999545e+03 1.827869749940500309e-14
3.729999999999999545e+03 4.056347603196875459e-13
3.739999999999999545e+03 4.256142293873749621e-13
3.749999999999999545e+03 5.409279958064937585e-12
3.759999999999999545e+03 1.727460339007812563e-13
3.769999999999999545e+03 0.000000000000000000e+00
3.779999999999999545e+03 0.000000000000000000e+00
3.789999999999999545e+03 0.000000000000000000e+00
3.799999999999999545e+03 0.000000000000000000e+00
3.809999999999999545e+03 0.000000000000000000e+00
3.819999999999999545e+03 1.707254089803062431e-12
3.829999999999999545e+03 6.407267305152000415e-11
3.839999999999999091e+03 1.191329404020000041e-09
3.849999999999999091e+03 3.187695965520500360e-08
3.859999999999999091e+03 3.184775742973999586e-11
3.869999999999999091e+03 0.000000000000000000e+00
3.879999999999999091e+03 0.000000000000000000e+00
3.889999999999999091e+03 0.000000000000000000e+00
3.899999999999999091e+03 1.286061075725562696e-12
3.909999999999999091e+03 0.000000000000000000e+00
3.919999999999999091e+03 0.000000000000000000e+00
3.929999999999999091e+03 0.000000000000000000e+00
3.939999999999999091e+03 0.000000000000000000e+00
3.949999999999999091e+03 0.000000000000000000e+00
3.959999999999999091e+03 0.000000000000000000e+00
3.969999999999999091e+03 0.000000000000000000e+00
3.979999999999999091e+03 0.000000000000000000e+00
3.989999999999999091e+03 0.000000000000000000e+00
3.999999999999999091e+03 0.000000000000000000e+00
4.009999999999999091e+03 0.000000000000000000e+00
4.019999999999999091e+03 0.000000000000000000e+00
4.029999999999999091e+03 5.193085090895625316e-12
4.039999999999999091e+03 0.000000000000000000e+00
4.049999999999999091e+03 0.000000000000000000e+00
4.059999999999999091e+03 0.000000000000000000e+00
4.069999999999999091e+03 0.000000000000000000e+00
4.079999999999999091e+03 2.594592214140368783e-14
4.089999999999999091e+03 2.245945987308450050e-14
4.099999999999999091e+03 3.303186596907356412e-13
4.109999999999999091e+03 4.031543013808407199e-13
4.119999999999999091e+03 2.312867744386500175e-15
4.129999999999999091e+03 2.260596292765913148e-15
4.139999999999999091e+03 5.573241255095937701e-14
4.149999999999999091e+03 3.815482297006800737e-14
4.159999999999999091e+03 0.000000000000000000e+00
4.169999999999999091e+03 0.000000000000000000e+00
4.179999999999999091e+03 8.664940383858938608e-14
4.189999999999999091e+03 0.000000000000000000e+00
4.199999999999999091e+03 0.000000000000000000e+00
4.209999999999999091e+03 8.958811129175250182e-16
4.219999999999999091e+03 1.372239962548874859e-15
4.229999999999999091e+03 0.000000000000000000e+00
4.239999999999999091e+03 0.000000000000000000e+00
4.249999999999999091e+03 2.008088545793750386e-15
4.259999999999999091e+03 7.091525452609938725e-16
4.269999999999999091e+03 7.121259715190250695e-16
4.279999999999999091e+03 7.853724444888000819e-15
4.289999999999999091e+03 5.385621053872500774e-15
4.299999999999999091e+03 9.224026459831750138e-15
4.309999999999999091e+03 8.877021414503813208e-14
4.319999999999999091e+03 4.946628416571186853e-15
4.329999999999999091e+03 7.339422604115873863e-15
4.339999999999999091e+03 1.702362263640674867e-13
4.349999999999999091e+03 3.034509432091943481e-13
4.359999999999999091e+03 2.130019488394743888e-14
4.369999999999999091e+03 0.000000000000000000e+00
4.379999999999999091e+03 0.000000000000000000e+00
4.389999999999999091e+03 0.000000000000000000e+00
4.399999999999999091e+03 1.743967123927376256e-13
4.409999999999999091e+03 2.452641295026523638e-13
4.419999999999999091e+03 3.176480645828657199e-12
4.429999999999999091e+03 4.321776615493085446e-12
4.439999999999999091e+03 5.310681784450350242e-12
4.449999999999999091e+03 0.000000000000000000e+00
4.459999999999999091e+03 0.000000000000000000e+00
4.469999999999999091e+03 4.686882792988739094e-13
4.479999999999999091e+03 6.564122494290550544e-13
4.489999999999999091e+03 1.853361097626478257e-12
4.499999999999999091e+03 3.963089631148877794e-12
4.509999999999999091e+03 5.610084010095941879e-12
4.519999999999999091e+03 8.141070725455623298e-11
4.529999999999999091e+03 1.525005138271781267e-10
4.539999999999999091e+03 6.897666314462228013e-10
4.549999999999999091e+03 5.051199004955290374e-10
4.559999999999999091e+03 3.070139403541218646e-09
4.569999999999999091e+03 2.479851696438339984e-10
4.579999999999999091e+03 1.105692466550646739e-10
4.589999999999999091e+03 3.806175633299996724e-08
4.599999999999999091e+03 1.879845543750273645e-10
4.609999999999999091e+03 5.483308161428334777e-10
4.619999999999999091e+03 1.977566600306644464e-10
4.629999999999999091e+03 1.417735864648333254e-10
4.639999999999999091e+03 4.000476615206115459e-10
4.649999999999999091e+03 0.000000000000000000e+00
4.659999999999999091e+03 0.000000000000000000e+00
4.669999999999999091e+03 0.000000000000000000e+00
4.679999999999999091e+03 0.000000000000000000e+00
4.689999999999999091e+03 0.000000000000000000e+00
4.699999999999999091e+03 1.495228343599324300e-09
4.709999999999999091e+03 0.000000000000000000e+00
4.719999999999999091e+03 0.000000000000000000e+00
4.729999999999999091e+03 0.000000000000000000e+00
4.739999999999999091e+03 2.219169617646727760e-08
4.749999999999999091e+03 0.000000000000000000e+00
4.759999999999999091e+03 0.000000000000000000e+00
4.769999999999999091e+03 0.000000000000000000e+00
4.779999999999999091e+03 0.000000000000000000e+00
4.789999999999999091e+03 0.000000000000000000e+00
4.799999999999999091e+03 0.000000000000000000e+00
4.809999999999999091e+03 0.000000000000000000e+00
4.819999999999999091e+03 0.000000000000000000e+00
4.829999999999999091e+03 0.000000000000000000e+00
4.839999999999999091e+03 1.425680649547680873e-08
4.849999999999999091e+03 0.000000000000000000e+00
4.859999999999999091e+03 0.000000000000000000e+00
4.869999999999999091e+03 1.123801525097699974e-07
4.879999999999999091e+03 1.148038036122732299e-08
4.889999999999999091e+03 1.039232554811847353e-08
4.899999999999999091e+03 8.289119389907864471e-08
4.909999999999999091e+03 4.825900409749720147e-08
4.919999999999999091e+03 1.386788557664474939e-08
4.929999999999999091e+03 2.588562497659457704e-07
4.939999999999999091e+03 2.952497704445087356e-08
4.949999999999999091e+03 4.073277475128404737e-09
4.959999999999999091e+03 2.339644348519758039e-08
4.969999999999999091e+03 8.165250610416847054e-09
4.979999999999999091e+03 4.428741438173062383e-09
4.989999999999999091e+03 3.630385433269594764e-09
4.999999999999999091e+03 1.526391986314783069e-07
5.009999999999999091e+03 3.743956026056984558e-09
5.019999999999999091e+03 1.034169565264441352e-09
5.029999999999999091e+03 1.708706184135462722e-09
5.039999999999999091e+03 1.683036285548335697e-08
5.049999999999999091e+03 5.771500481908174816e-10
5.059999999999999091e+03 4.788418448221589824e-10
5.069999999999999091e+03 4.020094031598076117e-10
5.079999999999999091e+03 1.707014588094238793e-09
5.089999999999999091e+03 9.463635137813955668e-07
5.099999999999999091e+03 3.738401857147847176e-09
5.109999999999999091e+03 4.703801868110940014e-09
5.119999999999999091e+03 8.788999129186186004e-09
5.129999999999999091e+03 5.718457385924360224e-09
5.139999999999999091e+03 1.956004065358808153e-07
5.149999999999999091e+03 2.169108857134870170e-09
5.159999999999999091e+03 7.347711232686019802e-10
5.169999999999999091e+03 1.116841380403763801e-09
5.179999999999999091e+03 4.324726239698632891e-09
5.189999999999999091e+03 2.239694993053219072e-10
5.199999999999999091e+03 1.357429959365905173e-10
5.209999999999999091e+03 1.242880040009927745e-10
5.219999999999999091e+03 1.709838122004298341e-10
5.229999999999999091e+03 9.493417281537488010e-10
5.239999999999999091e+03 1.591219946062789025e-09
5.249999999999999091e+03 2.846015358792984120e-10
5.259999999999999091e+03 1.826092172500769235e-10
5.269999999999999091e+03 1.775624260603873352e-10
5.279999999999999091e+03 3.897677398915274662e-10
5.289999999999999091e+03 1.585215538146150787e-08
5.299999999999999091e+03 7.478007754055021151e-10
5.309999999999999091e+03 3.277335873389611391e-10
5.319999999999999091e+03 4.883728081024099825e-10
5.329999999999999091e+03 1.036606688750079988e-09
5.339999999999999091e+03 5.059113559521683281e-10
5.349999999999999091e+03 3.597876006927456431e-09
5.359999999999999091e+03 1.739465752792992121e-10
5.369999999999999091e+03 3.060408279705910250e-11
5.379999999999999091e+03 0.000000000000000000e+00
5.389999999999999091e+03 0.000000000000000000e+00
5.399999999999999091e+03 0.000000000000000000e+00
5.409999999999999091e+03 0.000000000000000000e+00
5.419999999999999091e+03 0.000000000000000000e+00
5.429999999999999091e+03 1.234854992473313760e-11
5.439999999999999091e+03 2.861236698487212824e-11
5.449999999999999091e+03 1.591753787252212679e-12
5.459999999999999091e+03 2.841108861337687897e-13
5.469999999999999091e+03 7.463739643106250230e-14
5.479999999999999091e+03 5.058743540593750667e-14
5.489999999999999091e+03 3.670352744939999957e-13
5.499999999999999091e+03 9.776725033075000238e-15
5.509999999999999091e+03 7.937959531083750915e-16
5.519999999999999091e+03 5.051086564842499610e-16
5.529999999999999091e+03 3.600552137721875524e-16
5.539999999999999091e+03 2.747289590346874952e-16
5.549999999999999091e+03 4.933833880885000209e-16
5.559999999999999091e+03 1.786598222718750148e-15
5.569999999999999091e+03 3.827142425264374880e-14
5.579999999999999091e+03 3.116024364376875161e-14
5.589999999999999091e+03 3.123576590408750159e-14
5.599999999999999091e+03 1.124006403328374847e-13
5.609999999999999091e+03 2.647454814900000271e-12
5.619999999999999091e+03 1.058053407075000042e-12
5.629999999999999091e+03 8.987341700750000909e-13
5.639999999999999091e+03 2.348115525765625265e-12
5.649999999999999091e+03 1.982700993910000067e-12
5.659999999999999091e+03 2.454615966783750276e-12
5.669999999999999091e+03 4.148825066190000792e-12
5.679999999999999091e+03 1.745975595979999848e-12
5.689999999999999091e+03 1.716624216576062542e-12
5.699999999999999091e+03 4.864595522604999443e-12
5.709999999999999091e+03 1.977690314960937857e-12
5.719999999999999091e+03 3.525969494390000788e-13
5.729999999999999091e+03 1.221620561881125186e-13
5.739999999999999091e+03 6.276172946575000402e-14
5.749999999999999091e+03 4.637438840264999921e-14
5.759999999999999091e+03 1.697836886375000322e-13
5.769999999999999091e+03 1.316842599607500081e-13
5.779999999999999091e+03 2.516417901816000283e-14
5.789999999999999091e+03 3.074886290302750413e-14
5.799999999999999091e+03 3.370984747838749706e-14
5.809999999999999091e+03 1.523259585802500102e-13
5.819999999999999091e+03 3.954570395750625579e-14
5.829999999999999091e+03 4.506882987915001021e-15
5.839999999999999091e+03 0.000000000000000000e+00
5.849999999999999091e+03 4.327832998090000719e-15
5.859999999999999091e+03 2.114367071906250246e-14
5.869999999999999091e+03 8.904145596705625493e-14
5.879999999999999091e+03 1.350846315885937808e-13
5.889999999999999091e+03 1.950851497875000138e-13
5.899999999999999091e+03 6.219474927290624845e-13
5.909999999999999091e+03 2.057499584437499877e-13
5.919999999999999091e+03 6.528447366525000789e-14
5.929999999999999091e+03 1.556795204300000365e-13
5.939999999999999091e+03 1.715317409407000161e-12
5.949999999999999091e+03 2.383039731344999712e-12
5.959999999999999091e+03 2.571118123636562985e-12
5.969999999999999091e+03 3.755264923462500161e-12
5.979999999999999091e+03 5.157819484124999739e-12
5.989999999999999091e+03 9.852288422646250011e-12
5.999999999999999091e+03 9.178415401378125463e-12
6.009999999999999091e+03 5.601009494136875050e-12
6.019999999999999091e+03 1.990735299771750426e-12
6.029999999999999091e+03 1.990949812820062358e-12
6.039999999999999091e+03 2.989695605806874905e-12
6.049999999999999091e+03 3.943482697218750208e-12
6.059999999999999091e+03 9.096916993290001203e-13
6.069999999999999091e+03 5.116186650815624639e-13
6.079999999999999091e+03 2.515271502397500108e-13
6.089999999999999091e+03 1.081141063341499923e-13
6.099999999999999091e+03 1.259894379950062596e-13
6.109999999999999091e+03 2.665625463095000070e-14
6.119999999999999091e+03 2.669008694401875077e-13
6.129999999999999091e+03 1.071000877607499958e-12
6.139999999999999091e+03 3.637990693837500328e-12
6.149999999999999091e+03 2.931312823960062851e-11
6.159999999999999091e+03 6.803192062660000917e-11
6.169999999999999091e+03 3.283881322853687783e-11
6.179999999999999091e+03 1.412592658057000060e-11
6.189999999999999091e+03 1.792508492404437881e-11
6.199999999999999091e+03 5.354788537433125204e-12
6.209999999999999091e+03 2.897372333928187605e-12
6.219999999999999091e+03 6.006317229941875673e-12
6.229999999999999091e+03 1.682943219635562657e-11
6.239999999999999091e+03 3.201161865032250037e-11
6.249999999999999091e+03 2.748196891741875727e-11
6.259999999999999091e+03 5.907255666869374724e-12
6.269999999999999091e+03 6.018754905240000134e-12
6.279999999999999091e+03 5.733121112075000364e-12
6.289999999999999091e+03 2.825051239080000466e-12
6.299999999999999091e+03 2.680279090628125096e-12
6.309999999999999091e+03 3.948282352507499838e-12
6.319999999999999091e+03 2.348344465299000084e-12
6.329999999999999091e+03 2.595317629038750270e-12
6.339999999999999091e+03 3.708354145135500278e-12
6.349999999999999091e+03 5.777439520203750128e-12
6.359999999999999091e+03 8.949512815320000788e-12
6.369999999999999091e+03 1.699147181593749962e-11
6.379999999999999091e+03 1.656263744712499922e-11
6.389999999999999091e+03 2.074611043242500156e-11
6.399999999999999091e+03 3.083281638371812803e-11
6.409999999999999091e+03 2.892608511898437585e-11
6.419999999999999091e+03 7.107437450640624725e-12
6.429999999999999091e+03 7.736233835268751221e-12
6.439999999999999091e+03 7.249736003081249678e-12
6.449999999999999091e+03 6.969244027488749173e-12
6.459999999999999091e+03 9.945486011229999863e-12
6.469999999999999091e+03 2.049231446171875346e-11
6.479999999999999091e+03 6.197413586455000513e-11
6.489999999999999091e+03 8.521624294793748501e-11
6.499999999999999091e+03 7.212378795999999606e-11
6.509999999999999091e+03 6.063785161205625827e-11
6.519999999999999091e+03 3.699175782251249568e-11
6.529999999999999091e+03 2.188633162029562941e-11
6.539999999999999091e+03 2.885563459172187827e-11
6.549999999999999091e+03 2.973269536458812221e-11
6.559999999999999091e+03 3.830418379710562177e-11
6.569999999999999091e+03 3.835063112584375369e-11
6.579999999999999091e+03 3.565643766125000503e-11
6.589999999999999091e+03 2.105421738205625132e-11
6.599999999999999091e+03 2.058342095680500214e-11
6.609999999999999091e+03 1.222497337473562703e-11
6.619999999999999091e+03 3.818519902081499555e-12
6.629999999999999091e+03 4.278543998650250408e-12
6.639999999999999091e+03 1.458185297723000160e-12
6.649999999999999091e+03 0.000000000000000000e+00
6.659999999999999091e+03 1.303356037016250143e-12
6.669999999999999091e+03 2.269897141233750119e-12
6.679999999999999091e+03 2.869209659804687567e-12
6.689999999999999091e+03 1.053784904742500032e-11
6.699999999999999091e+03 1.589974556445625251e-11
6.709999999999999091e+03 1.855471918772500510e-11
6.719999999999999091e+03 1.704309002865000175e-11
6.729999999999999091e+03 1.717680536449500408e-11
6.739999999999999091e+03 1.416227729751625346e-11
6.749999999999999091e+03 6.828399059895000778e-12
6.759999999999999091e+03 4.247402751322500875e-12
6.769999999999999091e+03 1.261113510310500006e-11
6.779999999999999091e+03 1.349204189865000188e-11
6.789999999999999091e+03 1.733422296591562678e-11
6.799999999999999091e+03 8.473470245800000925e-12
6.809999999999999091e+03 2.016241418113125162e-12
6.819999999999999091e+03 2.664353184097499759e-13
6.829999999999999091e+03 9.707613252391252004e-14
6.839999999999999091e+03 2.481746965709375015e-12
6.849999999999999091e+03 8.284497583494999795e-12
6.859999999999999091e+03 1.531944050335562596e-13
6.869999999999999091e+03 7.031010375860626256e-12
6.879999999999999091e+03 1.787511611689999991e-11
6.889999999999999091e+03 1.628435599429187782e-12
6.899999999999999091e+03 5.322218126785000875e-12
6.909999999999999091e+03 0.000000000000000000e+00
6.919999999999999091e+03 6.448412688856250181e-12
6.929999999999999091e+03 1.147128710367500031e-11
6.939999999999999091e+03 3.443559888089999432e-11
6.949999999999999091e+03 4.491727764929999405e-11
6.959999999999999091e+03 1.938105328162499936e-11
6.969999999999999091e+03 2.610254428949999955e-11
6.979999999999999091e+03 3.951247045200000379e-11
6.989999999999999091e+03 3.212970168852499721e-11
6.999999999999999091e+03 3.282861651562499983e-11
7.009999999999999091e+03 2.885966640650625605e-11
7.019999999999999091e+03 1.777634506423125212e-11
7.029999999999999091e+03 2.631327022183125439e-12
7.039999999999999091e+03 1.658749791103124889e-12
7.049999999999999091e+03 2.530562781722500130e-12
7.059999999999999091e+03 1.009904306113500083e-12
7.069999999999999091e+03 2.528530320277499581e-12
7.079999999999999091e+03 5.507421127031250861e-13
7.089999999999999091e+03 0.000000000000000000e+00
7.099999999999999091e+03 1.184322430357500125e-12
7.109999999999999091e+03 1.806924383908875188e-12
7.119999999999999091e+03 0.000000000000000000e+00
7.129999999999999091e+03 2.955632287781250300e-13
7.139999999999999091e+03 0.000000000000000000e+00
7.149999999999999091e+03 8.805643090404999538e-13
7.159999999999999091e+03 0.000000000000000000e+00
7.169999999999999091e+03 1.011357150524437572e-12
7.179999999999999091e+03 2.465569604806875116e-12
7.189999999999999091e+03 2.564073533791874947e-12
7.199999999999999091e+03 1.410281208031499950e-11
7.209999999999999091e+03 2.049104757903000115e-11
7.219999999999999091e+03 7.029093145449374803e-13
7.229999999999999091e+03 1.604337708487500228e-12
7.239999999999999091e+03 6.337247408913751389e-13
7.249999999999999091e+03 1.086469261062499937e-12
7.259999999999999091e+03 2.614794506833687622e-14
7.269999999999999091e+03 4.685491338688125195e-14
7.279999999999999091e+03 1.209316005734374923e-13
7.289999999999999091e+03 9.872456527849999641e-14
7.299999999999999091e+03 1.766415107467500317e-13
7.309999999999999091e+03 4.387953148188749814e-12
7.319999999999999091e+03 1.393514715915000135e-11
7.329999999999999091e+03 0.000000000000000000e+00
7.339999999999999091e+03 3.591349512861250293e-13
7.349999999999999091e+03 0.000000000000000000e+00
7.359999999999999091e+03 3.862799698498125045e-12
7.369999999999999091e+03 1.059484578678749924e-12
7.379999999999999091e+03 2.271272140370625198e-12
7.389999999999999091e+03 1.787394229464375086e-12
7.399999999999999091e+03 4.319702305100001026e-12
7.409999999999999091e+03 3.419013925293750327e-12
7.419999999999999091e+03 0.000000000000000000e+00
7.429999999999999091e+03 4.040358343861875385e-12
7.439999999999999091e+03 1.948562011186875294e-11
7.449999999999999091e+03 2.953273071171500027e-11
7.459999999999999091e+03 7.090989634820001511e-12
7.469999999999999091e+03 2.780333055478125353e-13
7.479999999999999091e+03 9.270527171062500797e-13
7.489999999999999091e+03 0.000000000000000000e+00
7.499999999999999091e+03 1.979844397300000567e-14
7.509999999999999091e+03 8.688928024035000400e-13
7.519999999999999091e+03 0.000000000000000000e+00
7.529999999999999091e+03 8.035837764062501100e-14
7.539999999999999091e+03 2.444066236710000060e-12
7.549999999999999091e+03 0.000000000000000000e+00
7.559999999999999091e+03 1.413832281531249839e-12
7.569999999999999091e+03 3.815483987656250394e-12
7.579999999999999091e+03 0.000000000000000000e+00
7.589999999999999091e+03 3.528383089546000672e-13
7.599999999999999091e+03 4.518626386837500261e-12
7.609999999999999091e+03 3.019595394543000185e-13
7.619999999999999091e+03 9.030960862126875724e-13
7.629999999999999091e+03 1.374466520503124953e-13
7.639999999999999091e+03 0.000000000000000000e+00
7.649999999999999091e+03 0.000000000000000000e+00
7.659999999999999091e+03 0.000000000000000000e+00
7.669999999999999091e+03 1.394422819715624885e-14
7.679999999999998181e+03 0.000000000000000000e+00
7.689999999999998181e+03 0.000000000000000000e+00
7.699999999999998181e+03 6.891559099556250777e-13
7.709999999999998181e+03 1.351514966195624873e-13
7.719999999999998181e+03 0.000000000000000000e+00
7.729999999999998181e+03 1.364569083360000157e-14
7.739999999999998181e+03 4.712935749453751290e-13
7.749999999999998181e+03 0.000000000000000000e+00
7.759999999999998181e+03 6.960895149993749276e-14
7.769999999999998181e+03 2.282485405200000159e-14
7.779999999999998181e+03 0.000000000000000000e+00
7.789999999999998181e+03 4.190282314063124895e-12
7.799999999999998181e+03 1.839667535671875278e-12
7.809999999999998181e+03 2.631475037218125256e-12
7.819999999999998181e+03 3.294482824964624628e-12
7.829999999999998181e+03 5.305142298513750578e-13
7.839999999999998181e+03 6.171239587450001193e-14
7.849999999999998181e+03 0.000000000000000000e+00
7.859999999999998181e+03 4.066259238671874638e-15
7.869999999999998181e+03 3.701534857116250262e-14
7.879999999999998181e+03 1.020548933831875067e-13
7.889999999999998181e+03 7.109572248769374921e-14
7.899999999999998181e+03 0.000000000000000000e+00
7.909999999999998181e+03 1.810488557276875379e-13
7.919999999999998181e+03 5.042980108110000270e-13
7.929999999999998181e+03 0.000000000000000000e+00
7.939999999999998181e+03 0.000000000000000000e+00
7.949999999999998181e+03 3.819627175119437971e-13
7.959999999999998181e+03 9.281894855625000747e-13
7.969999999999998181e+03 1.223617445859375114e-12
7.979999999999998181e+03 4.692615243041250540e-12
7.989999999999998181e+03 1.408306087807500038e-11
7.999999999999998181e+03 2.669575515771937485e-11
8.009999999999998181e+03 1.061681031608290178e-11
8.019999999999998181e+03 4.494864686859352224e-12
8.029999999999998181e+03 1.408981598136050509e-12
8.039999999999998181e+03 1.811046864177359965e-12
8.049999999999998181e+03 6.463578495227559396e-12
8.059999999999998181e+03 0.000000000000000000e+00
8.069999999999998181e+03 3.139540343544429629e-12
8.079999999999998181e+03 4.352519100065515292e-12
8.089999999999998181e+03 1.568375471186828684e-12
8.099999999999998181e+03 0.000000000000000000e+00
8.109999999999998181e+03 0.000000000000000000e+00
8.119999999999998181e+03 9.398036393246540587e-12
8.129999999999998181e+03 7.031107429802712463e-12
8.139999999999998181e+03 7.238799533805222047e-12
8.149999999999998181e+03 1.939712005785019855e-13
8.159999999999998181e+03 0.000000000000000000e+00
8.169999999999998181e+03 1.269813498327652766e-13
8.179999999999998181e+03 0.000000000000000000e+00
8.189999999999998181e+03 0.000000000000000000e+00
8.199999999999998181e+03 0.000000000000000000e+00
8.209999999999998181e+03 0.000000000000000000e+00
8.219999999999998181e+03 0.000000000000000000e+00
8.229999999999998181e+03 7.205182600802499780e-13
8.239999999999998181e+03 2.019626369120503478e-12
8.249999999999998181e+03 1.533020912303199057e-12
8.259999999999998181e+03 2.547956167597353694e-13
8.269999999999998181e+03 7.120336829030913442e-12
8.279999999999998181e+03 1.033528312716490953e-11
8.289999999999998181e+03 0.000000000000000000e+00
8.299999999999998181e+03 1.343534915255943042e-13
8.309999999999998181e+03 0.000000000000000000e+00
8.319999999999998181e+03 3.426619520546238168e-12
8.329999999999998181e+03 1.665135771405593374e-12
8.339999999999998181e+03 8.008687301971189104e-12
8.349999999999998181e+03 3.248649627962355514e-11
8.359999999999998181e+03 5.238986554529355179e-12
8.369999999999998181e+03 6.139539498332247520e-11
8.379999999999998181e+03 2.249684771167087473e-12
8.389999999999998181e+03 5.834315472332103556e-13
8.399999999999998181e+03 0.000000000000000000e+00
8.409999999999998181e+03 2.257712351526513982e-12
8.419999999999998181e+03 8.497759167065476224e-12
8.429999999999998181e+03 4.640130092591935625e-12
8.439999999999998181e+03 0.000000000000000000e+00
8.449999999999998181e+03 0.000000000000000000e+00
8.459999999999998181e+03 0.000000000000000000e+00
8.469999999999998181e+03 7.135157364086610361e-11
8.479999999999998181e+03 4.364720391980138300e-11
8.489999999999998181e+03 1.436794106731255909e-11
8.499999999999998181e+03 0.000000000000000000e+00
8.509999999999998181e+03 4.953828360623701501e-11
8.519999999999998181e+03 0.000000000000000000e+00
8.529999999999998181e+03 3.111969729139695451e-11
8.539999999999998181e+03 1.154858134123396156e-11
8.549999999999998181e+03 1.244371828274938788e-11
8.559999999999998181e+03 1.977165149330595782e-12
8.569999999999998181e+03 0.000000000000000000e+00
8.579999999999998181e+03 0.000000000000000000e+00
8.589999999999998181e+03 0.000000000000000000e+00
8.599999999999998181e+03 1.275899050245361947e-12
8.609999999999998181e+03 8.497179690110221101e-13
8.619999999999998181e+03 2.696068835289065349e-12
8.629999999999998181e+03 3.662021956444356292e-14
8.639999999999998181e+03 0.000000000000000000e+00
8.649999999999998181e+03 1.479013496000238402e-12
8.659999999999998181e+03 2.283100717379532216e-12
8.669999999999998181e+03 1.631840494919577774e-12
8.679999999999998181e+03 0.000000000000000000e+00
8.689999999999998181e+03 0.000000000000000000e+00
8.699999999999998181e+03 0.000000000000000000e+00
8.709999999999998181e+03 0.000000000000000000e+00
8.719999999999998181e+03 3.425862794110863906e-12
8.729999999999998181e+03 0.000000000000000000e+00
8.739999999999998181e+03 1.077956259386129118e-12
8.749999999999998181e+03 5.997168542452512430e-13
8.759999999999998181e+03 5.987783684360036800e-12
8.769999999999998181e+03 1.378781295781839410e-11
8.779999999999998181e+03 1.047377578055335505e-10
8.789999999999998181e+03 1.176041555851772105e-12
8.799999999999998181e+03 1.106527089316948125e-12
8.809999999999998181e+03 1.310856508027115285e-12
8.819999999999998181e+03 4.489938963559609815e-14
8.829999999999998181e+03 5.163578700894916883e-14
8.839999999999998181e+03 8.257549394842779898e-14
8.849999999999998181e+03 0.000000000000000000e+00
8.859999999999998181e+03 6.624937530068046726e-15
8.869999999999998181e+03 2.270189093382239950e-14
8.879999999999998181e+03 7.189841903110021551e-15
8.889999999999998181e+03 0.000000000000000000e+00
8.899999999999998181e+03 0.000000000000000000e+00
8.909999999999998181e+03 0.000000000000000000e+00
8.919999999999998181e+03 0.000000000000000000e+00
8.929999999999998181e+03 4.148317964595412548e-14
8.939999999999998181e+03 5.463209724636421830e-14
8.949999999999998181e+03 0.000000000000000000e+00
8.959999999999998181e+03 0.000000000000000000e+00
8.969999999999998181e+03 0.000000000000000000e+00
8.979999999999998181e+03 5.765620999362887352e-14
8.989999999999998181e+03 5.164127404704799014e-15
8.999999999999998181e+03 2.559755412358324569e-15
9.009999999999998181e+03 4.065393175287944603e-14
9.019999999999998181e+03 1.564589074448083196e-13
9.029999999999998181e+03 2.603053598814827047e-13
9.039999999999998181e+03 1.018967097436378451e-12
9.049999999999998181e+03 1.158874476941772002e-12
9.059999999999998181e+03 2.707212335886609932e-12
9.069999999999998181e+03 1.382575298988599464e-11
9.079999999999998181e+03 1.704385361311099525e-10
9.089999999999998181e+03 5.750589132851687525e-09
9.099999999999998181e+03 2.550468790612034833e-10
9.109999999999998181e+03 2.148262814429407568e-10
9.119999999999998181e+03 2.262163098666033204e-10
9.129999999999998181e+03 3.241413242763594851e-10
9.139999999999998181e+03 5.337206974796319684e-10
9.149999999999998181e+03 1.098567693970047260e-09
9.159999999999998181e+03 2.396494929307174719e-09
9.169999999999998181e+03 5.517653199046101577e-09
9.179999999999998181e+03 1.339575969538567302e-08
9.189999999999998181e+03 3.050824013560935416e-08
9.199999999999998181e+03 7.155511808549586517e-08
9.209999999999998181e+03 1.612085193548953700e-07
9.219999999999998181e+03 3.478902260375543700e-07
9.229999999999998181e+03 7.187003625067135714e-07
9.239999999999998181e+03 1.442525550695833217e-06
9.249999999999998181e+03 2.806153082901883175e-06
9.259999999999998181e+03 5.270923717849425990e-06
9.269999999999998181e+03 9.811579000436823633e-06
9.279999999999998181e+03 1.859803675281989399e-05
9.289999999999998181e+03 3.605285370607259031e-05
9.299999999999998181e+03 7.392759311656298311e-05
9.309999999999998181e+03 1.610411431887404381e-04
9.319999999999998181e+03 3.411006836972608580e-04
9.329999999999998181e+03 5.587853673500061107e-04
9.339999999999998181e+03 6.004716284473552356e-04
9.349999999999998181e+03 5.325371134601806231e-04
9.359999999999998181e+03 4.820592531171516014e-04
9.369999999999998181e+03 4.718113320755562209e-04
9.379999999999998181e+03 5.005589041287885612e-04
9.389999999999998181e+03 5.758123705304180702e-04
9.399999999999998181e+03 7.103263570439463312e-04
9.409999999999998181e+03 9.445351962377561156e-04
9.419999999999998181e+03 1.332157577724366005e-03
9.429999999999998181e+03 1.987518858401408298e-03
9.439999999999998181e+03 3.150023348543808457e-03
9.449999999999998181e+03 5.351798706796938310e-03
9.459999999999998181e+03 9.741928494540768105e-03
9.469999999999998181e+03 1.928092383092099363e-02
9.479999999999998181e+03 4.089330847105750871e-02
9.489999999999998181e+03 9.129590705453337340e-02
9.499999999999998181e+03 2.024730431029520550e-01
9.509999999999998181e+03 3.705149291185262928e-01
9.519999999999998181e+03 4.875734807133505488e-01
9.529999999999998181e+03 5.147891556919893530e-01
9.539999999999998181e+03 5.150238593098929174e-01
9.549999999999998181e+03 5.171181109232164674e-01
9.559999999999998181e+03 5.175447091977465330e-01
9.569999999999998181e+03 5.202169963727043545e-01
9.579999999999998181e+03 5.190983221843532558e-01
9.589999999999998181e+03 5.173768298995049530e-01
9.599999999999998181e+03 5.181181097584628414e-01
9.609999999999998181e+03 5.162869984434449444e-01
9.619999999999998181e+03 5.196952259919999095e-01
9.629999999999998181e+03 5.245022670785522978e-01
9.639999999999998181e+03 5.273697873172138451e-01
9.649999999999998181e+03 5.293216937618573370e-01
9.659999999999998181e+03 5.242085557576683374e-01
9.669999999999998181e+03 5.242812520934666543e-01
9.679999999999998181e+03 5.246996491119295669e-01
9.689999999999998181e+03 5.260570265750926788e-01
9.699999999999998181e+03 5.266252513672106117e-01
9.709999999999998181e+03 5.278428778868032856e-01
9.719999999999998181e+03 5.279770488335563394e-01
9.729999999999998181e+03 5.281476449901736370e-01
9.739999999999998181e+03 5.276872146829328925e-01
9.749999999999998181e+03 5.308784993548132380e-01
9.759999999999998181e+03 5.302148837275928450e-01
9.769999999999998181e+03 5.299243271866909133e-01
9.779999999999998181e+03 5.293247141172930936e-01
9.789999999999998181e+03 5.300119828095938290e-01
9.799999999999998181e+03 5.306959961232430301e-01
9.809999999999998181e+03 5.329602123864743968e-01
9.819999999999998181e+03 5.296574900029442645e-01
9.829999999999998181e+03 5.287562287981293352e-01
9.839999999999998181e+03 5.312011065712550772e-01
9.849999999999998181e+03 5.314787389676374207e-01
9.859999999999998181e+03 5.284716049220424816e-01
9.869999999999998181e+03 5.283193746503282995e-01
9.879999999999998181e+03 5.276502251027741508e-01
9.889999999999998181e+03 5.300631595948052111e-01
9.899999999999998181e+03 5.315325849509181522e-01
9.909999999999998181e+03 5.328158218360313780e-01
9.919999999999998181e+03 5.354986501291641998e-01
9.929999999999998181e+03 5.347943954732462535e-01
9.939999999999998181e+03 5.344204087001945824e-01
9.949999999999998181e+03 5.349050481232798804e-01
9.959999999999998181e+03 5.342502906143618002e-01
9.969999999999998181e+03 5.327450576236839597e-01
9.979999999999998181e+03 5.360650859331961282e-01
9.989999999999998181e+03 5.348535680833447215e-01
9.999999999999998181e+03 5.347627958497770395e-01
1.000999999999999818e+04 5.362125760654543605e-01
1.001999999999999818e+04 5.377661257861983124e-01
1.002999999999999818e+04 5.408538290262103754e-01
1.003999999999999818e+04 5.408536344139460716e-01
1.004999999999999818e+04 5.422204998448441060e-01
1.005999999999999818e+04 5.405820516476176341e-01
1.006999999999999818e+04 5.401343919438578167e-01
1.007999999999999818e+04 5.394570822878564931e-01
1.008999999999999818e+04 5.417473043567733182e-01
1.009999999999999818e+04 5.406388205652956636e-01
1.010999999999999818e+04 5.409332712997387826e-01
1.011999999999999818e+04 5.391136913000390551e-01
1.012999999999999818e+04 5.389194339348563068e-01
1.013999999999999818e+04 5.412194151486747762e-01
1.014999999999999818e+04 5.419722160594439009e-01
1.015999999999999818e+04 5.448571276287721421e-01
1.016999999999999818e+04 5.450472882913470762e-01
1.017999999999999818e+04 5.448713113851956225e-01
1.018999999999999818e+04 5.429050320406462182e-01
1.019999999999999818e+04 5.401120763955357118e-01
1.020999999999999818e+04 5.421838013112135757e-01
1.021999999999999818e+04 5.413360443934318589e-01
1.022999999999999818e+04 5.382734534408751825e-01
1.023999999999999818e+04 5.376112752662454142e-01
1.024999999999999818e+04 5.408389782341163077e-01
1.025999999999999818e+04 5.419144296735347588e-01
1.026999999999999818e+04 5.414691878627798660e-01
1.027999999999999818e+04 5.413170176626336261e-01
1.028999999999999818e+04 5.409932092870091136e-01
1.029999999999999818e+04 5.412933511541919707e-01
1.030999999999999818e+04 5.416059469020426675e-01
1.031999999999999818e+04 5.412308586685459222e-01
1.032999999999999818e+04 5.417549391636419243e-01
1.033999999999999818e+04 5.401270480170965449e-01
1.034999999999999818e+04 5.386230281453876501e-01
1.035999999999999818e+04 5.393862994472583550e-01
1.036999999999999818e+04 5.384429074022151207e-01
1.037999999999999818e+04 5.393022877499851209e-01
1.038999999999999818e+04 5.402330460048830885e-01
1.039999999999999818e+04 5.426201866832217613e-01
1.040999999999999818e+04 5.408775923943777153e-01
1.041999999999999818e+04 5.411292498146815788e-01
1.042999999999999818e+04 5.439676172554761546e-01
1.043999999999999818e+04 5.449018282435356131e-01
1.044999999999999818e+04 5.419143996804183239e-01
1.045999999999999818e+04 5.398531026314892234e-01
1.046999999999999818e+04 5.401945767510041296e-01
1.047999999999999818e+04 5.399083191446325536e-01
1.048999999999999818e+04 5.397498404901982516e-01
1.049999999999999818e+04 5.379923080495160326e-01
1.050999999999999818e+04 5.406515962828217781e-01
1.051999999999999818e+04 5.404102002212173295e-01
1.052999999999999818e+04 5.384091022960155737e-01
1.053999999999999818e+04 5.387747815704738708e-01
1.054999999999999818e+04 5.393008137392123480e-01
1.055999999999999818e+04 5.402148676913198777e-01
1.056999999999999818e+04 5.405830629431876977e-01
1.057999999999999818e+04 5.378367330892475096e-01
1.058999999999999818e+04 5.395069396372346171e-01
1.059999999999999818e+04 5.397882776733335941e-01
1.060999999999999818e+04 5.400285539994620354e-01
1.061999999999999818e+04 5.358721282472850289e-01
1.062999999999999818e+04 5.355882169451418040e-01
1.063999999999999818e+04 5.351214160473163339e-01
1.064999999999999818e+04 5.367907530715005926e-01
1.065999999999999818e+04 5.353741751004023053e-01
1.066999999999999818e+04 5.374905825134890236e-01
1.067999999999999818e+04 5.371612237567982007e-01
1.068999999999999818e+04 5.379747052056341738e-01
1.069999999999999818e+04 5.382021795368249206e-01
1.070999999999999818e+04 5.405232346140487198e-01
1.071999999999999818e+04 5.436633278775687694e-01
1.072999999999999818e+04 5.406512310209378169e-01
1.073999999999999818e+04 5.409196190604506072e-01
1.074999999999999818e+04 5.426408596620300173e-01
1.075999999999999818e+04 5.405913672011027904e-01
1.076999999999999818e+04 5.392479737623969704e-01
1.077999999999999818e+04 5.400690962778048609e-01
1.078999999999999818e+04 5.398312185229074966e-01
1.079999999999999818e+04 5.402440203464076163e-01
1.080999999999999818e+04 5.405873027340883930e-01
1.081999999999999818e+04 5.439909568021056296e-01
1.082999999999999818e+04 5.435529596356054594e-01
1.083999999999999818e+04 5.434778926141604627e-01
1.084999999999999818e+04 5.433052701528889861e-01
1.085999999999999818e+04 5.430533222676933169e-01
1.086999999999999818e+04 5.425630863967519923e-01
1.087999999999999818e+04 5.412010699558772453e-01
1.088999999999999818e+04 5.414874776989161420e-01
1.089999999999999818e+04 5.406991021210992843e-01
1.090999999999999818e+04 5.431639662706106986e-01
1.091999999999999818e+04 5.402921141625335322e-01
1.092999999999999818e+04 5.414641783305040867e-01
1.093999999999999818e+04 5.401522582976409081e-01
1.094999999999999818e+04 5.380606311506942463e-01
1.095999999999999818e+04 5.404668003823748235e-01
1.096999999999999818e+04 5.411192032661394924e-01
1.097999999999999818e+04 5.420971983502730351e-01
1.098999999999999818e+04 5.436134598980325583e-01
1.099999999999999818e+04 5.416868321241341544e-01
1.100999999999999818e+04 5.414633602873076823e-01
1.101999999999999818e+04 5.413570722479029707e-01
1.102999999999999818e+04 5.411858269906799634e-01
1.103999999999999818e+04 5.400437776722712968e-01
1.104999999999999818e+04 5.397549729229057514e-01
1.105999999999999818e+04 5.385415785056713034e-01
1.106999999999999818e+04 5.378987075463702583e-01
1.107999999999999818e+04 5.378022138812742492e-01
1.108999999999999818e+04 5.382468516325021879e-01
1.109999999999999818e+04 5.377245041301170758e-01
1.110999999999999818e+04 5.385996105072271556e-01
1.111999999999999818e+04 5.393247695364097316e-01
1.112999999999999818e+04 5.408604137342329921e-01
1.113999999999999818e+04 5.420299677337525601e-01
1.114999999999999818e+04 5.430350696433178248e-01
1.115999999999999818e+04 5.440604202200365336e-01
1.116999999999999818e+04 5.447081368562112225e-01
1.117999999999999818e+04 5.447833618995716609e-01
1.118999999999999818e+04 5.448943185635026776e-01
1.119999999999999818e+04 5.449911417411581471e-01
1.120999999999999818e+04 5.447575858170580210e-01
1.121999999999999818e+04 5.436977300027548976e-01
1.122999999999999818e+04 5.434582805850390885e-01
1.123999999999999818e+04 5.434380189164811359e-01
1.124999999999999818e+04 5.436527733936494799e-01
1.125999999999999818e+04 5.442444383341545899e-01
1.126999999999999818e+04 5.448032019099383616e-01
1.127999999999999818e+04 5.448756061260682237e-01
1.128999999999999818e+04 5.462068195680298555e-01
1.129999999999999818e+04 5.463722046049103165e-01
1.130999999999999818e+04 5.476425188313909231e-01
1.131999999999999818e+04 5.483371994252399517e-01
1.132999999999999818e+04 5.500370667842265915e-01
1.133999999999999818e+04 5.489822728530631135e-01
1.134999999999999818e+04 5.494571032090728169e-01
1.135999999999999818e+04 5.492038025056138473e-01
1.136999999999999818e+04 5.485726698451891536e-01
1.137999999999999818e+04 5.492789063730914023e-01
1.138999999999999818e+04 5.488343098168241285e-01
1.139999999999999818e+04 5.485105057683136165e-01
1.140999999999999818e+04 5.490937084275112623e-01
1.141999999999999818e+04 5.497099418730231335e-01
1.142999999999999818e+04 5.498080907895700475e-01
1.143999999999999818e+04 5.506674103791981967e-01
1.144999999999999818e+04 5.511953065863798296e-01
1.145999999999999818e+04 5.521645975500678594e-01
1.146999999999999818e+04 5.529452340107359198e-01
1.147999999999999818e+04 5.536845999750943381e-01
1.148999999999999818e+04 5.542310572894503240e-01
1.149999999999999818e+04 5.543650943109771356e-01
1.150999999999999818e+04 5.559376309296941709e-01
1.151999999999999818e+04 5.557287430382953364e-01
1.152999999999999818e+04 5.557559963516527368e-01
1.153999999999999818e+04 5.562003257898782138e-01
1.154999999999999818e+04 5.560828252590471754e-01
1.155999999999999818e+04 5.561698636018427289e-01
1.156999999999999818e+04 5.565334559249798252e-01
1.157999999999999818e+04 5.575929862788098212e-01
1.158999999999999818e+04 5.576380868613035613e-01
1.159999999999999818e+04 5.577932891389817405e-01
1.160999999999999818e+04 5.582749438077995174e-01
1.161999999999999818e+04 5.582907715635152535e-01
1.162999999999999818e+04 5.588086126041835744e-01
1.163999999999999818e+04 5.590643926406562159e-01
1.164999999999999818e+04 5.592112247431224592e-01
1.165999999999999818e+04 5.596544098577675985e-01
1.166999999999999818e+04 5.595788958107914546e-01
1.167999999999999818e+04 5.600228713357257027e-01
1.168999999999999818e+04 5.598362964727595648e-01
1.169999999999999818e+04 5.595982961010333989e-01
1.170999999999999818e+04 5.595613920139993480e-01
1.171999999999999818e+04 5.602035126478394078e-01
1.172999999999999818e+04 5.604538324857093468e-01
1.173999999999999818e+04 5.602849417275906907e-01
1.174999999999999818e+04 5.614136123441902937e-01
1.175999999999999818e+04 5.616761427635906800e-01
1.176999999999999818e+04 5.611117775139098374e-01
1.177999999999999818e+04 5.609026225223664452e-01
1.178999999999999818e+04 5.612587724718316462e-01
1.179999999999999818e+04 5.617130561534243727e-01
1.180999999999999818e+04 5.614811187525596825e-01
1.181999999999999818e+04 5.608361593144373103e-01
1.182999999999999818e+04 5.611235412411017531e-01
1.183999999999999818e+04 5.614269809869004701e-01
1.184999999999999818e+04 5.621435555617255719e-01
1.185999999999999818e+04 5.630268115959112807e-01
1.186999999999999818e+04 5.639719573649772943e-01
1.187999999999999818e+04 5.643563817578831632e-01
1.188999999999999818e+04 5.648984832725377769e-01
1.189999999999999818e+04 5.655275899871718970e-01
1.190999999999999818e+04 5.661622195098706678e-01
1.191999999999999818e+04 5.665437535895527787e-01
1.192999999999999818e+04 5.663141544250360759e-01
1.193999999999999818e+04 5.659940043628265416e-01
1.194999999999999818e+04 5.655453238305844232e-01
1.195999999999999818e+04 5.655398971846993250e-01
1.196999999999999818e+04 5.660003784520799552e-01
1.197999999999999818e+04 5.666791379663108641e-01
1.198999999999999818e+04 5.678612612523350478e-01
1.199999999999999818e+04 5.694989044228249142e-01
1.200999999999999818e+04 5.708089187538510911e-01
1.201999999999999818e+04 5.719144166154993547e-01
1.202999999999999818e+04 5.729886734028554196e-01
1.203999999999999818e+04 5.733714755667945751e-01
1.204999999999999818e+04 5.742006226588968198e-01
1.205999999999999818e+04 5.739893565409239784e-01
1.206999999999999818e+04 5.737890593146033336e-01
1.207999999999999818e+04 5.749213467046194737e-01
1.208999999999999818e+04 5.757093617346480396e-01
1.209999999999999818e+04 5.775227467596688591e-01
1.210999999999999818e+04 5.780626243171306244e-01
1.211999999999999818e+04 5.730847749300963523e-01
1.212999999999999818e+04 5.567727190182872876e-01
1.213999999999999818e+04 5.204934013456303799e-01
1.214999999999999818e+04 4.606193494127875931e-01
1.215999999999999818e+04 3.815946304630746799e-01
1.216999999999999818e+04 2.962896721870799666e-01
1.217999999999999818e+04 2.190684052587884290e-01
1.218999999999999818e+04 1.572348940352212843e-01
1.219999999999999818e+04 1.116294842461955095e-01
1.220999999999999818e+04 7.937167973386069497e-02
1.221999999999999818e+04 5.702915963211626499e-02
1.222999999999999818e+04 4.155341540139127765e-02
1.223999999999999818e+04 3.080085358484658392e-02
1.224999999999999818e+04 2.321190492929561117e-02
1.225999999999999818e+04 1.778174635195686054e-02
1.226999999999999818e+04 1.384701308564182179e-02
1.227999999999999818e+04 1.095123558006479668e-02
1.228999999999999818e+04 8.790806418528427160e-03
1.229999999999999818e+04 7.156914566812287541e-03
1.230999999999999818e+04 5.899343131633952471e-03
1.231999999999999818e+04 4.916838043148631134e-03
1.232999999999999818e+04 4.144520546000182194e-03
1.233999999999999818e+04 3.526471241808488370e-03
1.234999999999999818e+04 3.026873679936714807e-03
1.235999999999999818e+04 2.612524946337029755e-03
1.236999999999999818e+04 2.269396045030755080e-03
1.237999999999999818e+04 1.980860617930691077e-03
1.238999999999999818e+04 1.733760265722169083e-03
1.239999999999999818e+04 1.519365541082625705e-03
1.240999999999999818e+04 1.332088515947932317e-03
1.241999999999999818e+04 1.166509485381191221e-03
1.242999999999999818e+04 1.019283125479100802e-03
1.243999999999999818e+04 8.882023217782668376e-04
1.244999999999999818e+04 7.718716344531613774e-04
1.245999999999999818e+04 6.688806313275319796e-04
1.246999999999999818e+04 5.781683508306689843e-04
1.247999999999999818e+04 4.987162115058325559e-04
1.248999999999999818e+04 4.299545707825733567e-04
1.249999999999999818e+04 3.703488106047757387e-04
1.250999999999999818e+04 3.193523670912162718e-04
1.251999999999999818e+04 2.759029113690169991e-04
1.252999999999999818e+04 2.393184990029996754e-04
1.253999999999999818e+04 2.082218952239590340e-04
1.254999999999999818e+04 1.818911828972634935e-04
1.255999999999999818e+04 1.599265419609215480e-04
1.256999999999999818e+04 1.413034469781167225e-04
1.257999999999999818e+04 1.255567135804019094e-04
1.258999999999999818e+04 1.123719924263640550e-04
1.259999999999999818e+04 1.011273000420205895e-04
1.260999999999999818e+04 9.177411113022105249e-05
1.261999999999999818e+04 8.387118472329877460e-05
1.262999999999999818e+04 7.726316698802595487e-05
1.263999999999999818e+04 7.173659979404204854e-05
1.264999999999999818e+04 6.697555737839899802e-05
1.265999999999999818e+04 6.313103224334955374e-05
1.266999999999999818e+04 5.996657445225241025e-05
1.267999999999999818e+04 5.743671948969565632e-05
1.268999999999999818e+04 5.547473493901392770e-05
1.269999999999999818e+04 5.395603247537945121e-05
1.270999999999999818e+04 5.295934570889261671e-05
1.271999999999999818e+04 5.238588358430880187e-05
1.272999999999999818e+04 5.226300874041803446e-05
1.273999999999999818e+04 5.261996434180051083e-05
1.274999999999999818e+04 5.341629859333998627e-05
1.275999999999999818e+04 5.463043741169261788e-05
1.276999999999999818e+04 5.637622924577579493e-05
1.277999999999999818e+04 5.870129792978336179e-05
1.278999999999999818e+04 6.159298575859317704e-05
1.279999999999999818e+04 6.516504333287044450e-05
1.280999999999999818e+04 6.964048286362431949e-05
1.281999999999999818e+04 7.477200719154268507e-05
1.282999999999999818e+04 8.084854219724328889e-05
1.283999999999999818e+04 8.787156686061399003e-05
1.284999999999999818e+04 9.576808065235870168e-05
1.285999999999999818e+04 1.045439951079467735e-04
1.286999999999999818e+04 1.140077872062639414e-04
1.287999999999999818e+04 1.237062399342263069e-04
1.288999999999999818e+04 1.331443453408831393e-04
1.289999999999999818e+04 1.414587934900279561e-04
1.290999999999999818e+04 1.482091474442470821e-04
1.291999999999999818e+04 1.528368184126621015e-04
1.292999999999999818e+04 1.548229716948471327e-04
1.293999999999999818e+04 1.542729101057203358e-04
1.294999999999999818e+04 1.514751690967687146e-04
1.295999999999999818e+04 1.473261490112470588e-04
1.296999999999999818e+04 1.421787900366522481e-04
1.297999999999999818e+04 1.370377134224081816e-04
1.298999999999999818e+04 1.320638637759451650e-04
1.299999999999999818e+04 1.278487350137742502e-04
1.300999999999999818e+04 1.242443712929447116e-04
1.301999999999999818e+04 1.218062500686663280e-04
1.302999999999999818e+04 1.204300396143729771e-04
1.303999999999999818e+04 1.202985685313137621e-04
1.304999999999999818e+04 1.212474922805168603e-04
1.305999999999999818e+04 1.237604495033807733e-04
1.306999999999999818e+04 1.275880878175878223e-04
1.307999999999999818e+04 1.328735910393988328e-04
1.308999999999999818e+04 1.397781672077236487e-04
1.309999999999999818e+04 1.485946888306989360e-04
1.310999999999999818e+04 1.592529272115879443e-04
1.311999999999999818e+04 1.717273462727653621e-04
1.312999999999999818e+04 1.854779172760293840e-04
1.313999999999999818e+04 2.000649823135502861e-04
1.314999999999999818e+04 2.144039368094594880e-04
1.315999999999999818e+04 2.268865219382665689e-04
1.316999999999999818e+04 2.353160978420430966e-04
1.317999999999999818e+04 2.377554608561903979e-04
1.318999999999999818e+04 2.338220695356401431e-04
1.319999999999999818e+04 2.235668179952475401e-04
1.320999999999999818e+04 2.089310213593385693e-04
1.321999999999999818e+04 1.916743193743085155e-04
1.322999999999999818e+04 1.739682364407738730e-04
1.323999999999999818e+04 1.569806820971357498e-04
1.324999999999999818e+04 1.417785901463195180e-04
1.325999999999999818e+04 1.281614516726774309e-04
1.326999999999999818e+04 1.167528462896514176e-04
1.327999999999999818e+04 1.074128096819552795e-04
1.328999999999999818e+04 9.944824808506361473e-05
1.329999999999999818e+04 9.310506298832875623e-05
1.330999999999999818e+04 8.807145043634088640e-05
1.331999999999999818e+04 8.428001157814798570e-05
1.332999999999999818e+04 8.138722658522668126e-05
1.333999999999999818e+04 7.946186964949017385e-05
1.334999999999999818e+04 7.839071435186119265e-05
1.335999999999999818e+04 7.823210087877186740e-05
1.336999999999999818e+04 7.867820851642308953e-05
1.337999999999999818e+04 8.001390238274603542e-05
1.338999999999999818e+04 8.216760674908496313e-05
1.339999999999999818e+04 8.513702939315629292e-05
1.340999999999999818e+04 8.884178881085585250e-05
1.341999999999999818e+04 9.359778255410817571e-05
1.342999999999999818e+04 9.925340507813286807e-05
1.343999999999999818e+04 1.059136775544388656e-04
1.344999999999999818e+04 1.135709996453487829e-04
1.345999999999999818e+04 1.219197942445475274e-04
1.346999999999999818e+04 1.312658102796849938e-04
1.347999999999999818e+04 1.408980269075764326e-04
1.348999999999999818e+04 1.508412151277218716e-04
1.349999999999999818e+04 1.603204114082181311e-04
1.350999999999999818e+04 1.689456067030324475e-04
1.351999999999999818e+04 1.758651724566664986e-04
1.352999999999999818e+04 1.810046890048600736e-04
1.353999999999999818e+04 1.834604682874236040e-04
1.354999999999999818e+04 1.837883885229717933e-04
1.355999999999999818e+04 1.821372951816224391e-04
1.356999999999999818e+04 1.790923840194155498e-04
1.357999999999999818e+04 1.748850897966722174e-04
1.358999999999999818e+04 1.701498606152608323e-04
1.359999999999999818e+04 1.654493116347505513e-04
1.360999999999999818e+04 1.606218006671806468e-04
1.361999999999999818e+04 1.564456032545762402e-04
1.362999999999999818e+04 1.525114757355185559e-04
1.363999999999999818e+04 1.495747534205023115e-04
1.364999999999999818e+04 1.469826516023267930e-04
1.365999999999999818e+04 1.451904342265315871e-04
1.366999999999999818e+04 1.436442922188062906e-04
1.367999999999999818e+04 1.426621528361133641e-04
1.368999999999999818e+04 1.421162320504397285e-04
1.369999999999999818e+04 1.411009379196473444e-04
1.370999999999999818e+04 1.403123807783664058e-04
1.371999999999999818e+04 1.391547725161545643e-04
1.372999999999999818e+04 1.380407692001976499e-04
1.373999999999999818e+04 1.361724158126472232e-04
1.374999999999999818e+04 1.342166325552485140e-04
1.375999999999999818e+04 1.319481074556785828e-04
1.376999999999999818e+04 1.292567808884565828e-04
1.377999999999999818e+04 1.264551979307949176e-04
1.378999999999999818e+04 1.236917592639168672e-04
1.379999999999999818e+04 1.208610082454412158e-04
1.380999999999999818e+04 1.179635912888713493e-04
1.381999999999999818e+04 1.152903379264799189e-04
1.382999999999999818e+04 1.130191756660165874e-04
1.383999999999999818e+04 1.111011326257455018e-04
1.384999999999999818e+04 1.095572135378995835e-04
1.385999999999999818e+04 1.083155584915066041e-04
1.386999999999999818e+04 1.076317782503509094e-04
1.387999999999999818e+04 1.073950561078673325e-04
1.388999999999999818e+04 1.077085611507725565e-04
1.389999999999999818e+04 1.084726501939079786e-04
1.390999999999999818e+04 1.100779769624463225e-04
1.391999999999999818e+04 1.122549800104950232e-04
1.392999999999999818e+04 1.149413573794071374e-04
1.393999999999999818e+04 1.183571085705023253e-04
1.394999999999999818e+04 1.224173947605309220e-04
1.395999999999999818e+04 1.271001413336543334e-04
1.396999999999999818e+04 1.323009815827542502e-04
1.397999999999999818e+04 1.381222236840215988e-04
1.398999999999999818e+04 1.442342470436211574e-04
1.399999999999999818e+04 1.504232186658775933e-04
1.400999999999999818e+04 1.563476703650235685e-04
1.401999999999999818e+04 1.615620986339479830e-04
1.402999999999999818e+04 1.659969055848621860e-04
1.403999999999999818e+04 1.691619504218752905e-04
1.404999999999999818e+04 1.704418408242715807e-04
1.405999999999999818e+04 1.700206001927547373e-04
1.406999999999999818e+04 1.681560947405224009e-04
1.407999999999999818e+04 1.646318433034003805e-04
1.408999999999999818e+04 1.597040199447807049e-04
1.409999999999999818e+04 1.541335369754285960e-04
1.410999999999999818e+04 1.481684418569173285e-04
1.411999999999999818e+04 1.420583145548529231e-04
1.412999999999999818e+04 1.363011032815439024e-04
1.413999999999999818e+04 1.307855130026011354e-04
1.414999999999999818e+04 1.260409773116083021e-04
1.415999999999999818e+04 1.218817858301880113e-04
1.416999999999999818e+04 1.186591398936333156e-04
1.417999999999999818e+04 1.161495541457230850e-04
1.418999999999999818e+04 1.144357495768176059e-04
1.419999999999999818e+04 1.134590172575840463e-04
1.420999999999999818e+04 1.132789846024086602e-04
1.421999999999999818e+04 1.140523812790988000e-04
1.422999999999999818e+04 1.155853100863888700e-04
1.423999999999999818e+04 1.181420074219420975e-04
1.424999999999999818e+04 1.215886078196842075e-04
1.425999999999999818e+04 1.261288751639778362e-04
1.426999999999999818e+04 1.315540069728690946e-04
1.427999999999999818e+04 1.378084148726079264e-04
1.428999999999999818e+04 1.449650912034324934e-04
1.429999999999999818e+04 1.527817463768811981e-04
1.430999999999999818e+04 1.613537727569581525e-04
1.431999999999999818e+04 1.699034775873090584e-04
1.432999999999999818e+04 1.781538349445298969e-04
1.433999999999999818e+04 1.855675432697218594e-04
1.434999999999999818e+04 1.909997351354760582e-04
1.435999999999999818e+04 1.944862480192793841e-04
1.436999999999999818e+04 1.952208811299630377e-04
1.437999999999999818e+04 1.928925109365153823e-04
1.438999999999999818e+04 1.880097541855383703e-04
1.439999999999999818e+04 1.810262216064814406e-04
1.440999999999999818e+04 1.723970654337753647e-04
1.441999999999999818e+04 1.631549050467445152e-04
1.442999999999999818e+04 1.535845767343444032e-04
1.443999999999999818e+04 1.443309162095821833e-04
1.444999999999999818e+04 1.356508889313172721e-04
1.445999999999999818e+04 1.278233086031964902e-04
1.446999999999999818e+04 1.210746940937477007e-04
1.447999999999999818e+04 1.151406968306092589e-04
1.448999999999999818e+04 1.100380457193209403e-04
1.449999999999999818e+04 1.058972991672129814e-04
1.450999999999999818e+04 1.026924502884462719e-04
1.451999999999999818e+04 1.002545024099427834e-04
1.452999999999999818e+04 9.865630364044445158e-05
1.453999999999999818e+04 9.782180290983994353e-05
1.454999999999999818e+04 9.765673970845928169e-05
1.455999999999999818e+04 9.817868943552395065e-05
1.456999999999999818e+04 9.945182049737488381e-05
1.457999999999999818e+04 1.015028413899954010e-04
1.458999999999999818e+04 1.042443304833517309e-04
1.459999999999999818e+04 1.077118645356782889e-04
1.460999999999999818e+04 1.117819680894928668e-04
1.461999999999999818e+04 1.165748034466533502e-04
1.462999999999999818e+04 1.220394433513268304e-04
1.463999999999999818e+04 1.280463427247841403e-04
1.464999999999999818e+04 1.343073690225950201e-04
1.465999999999999818e+04 1.409972447287980910e-04
1.466999999999999818e+04 1.474911462590193284e-04
1.467999999999999818e+04 1.536210409020219751e-04
1.468999999999999818e+04 1.589441864044616106e-04
1.469999999999999818e+04 1.633461246674344205e-04
1.470999999999999818e+04 1.661504753430661238e-04
1.471999999999999818e+04 1.675042539254011466e-04
1.472999999999999818e+04 1.671894182546497878e-04
1.473999999999999818e+04 1.652853818781703759e-04
1.474999999999999818e+04 1.622967913325449620e-04
1.475999999999999818e+04 1.583336207007639566e-04
1.476999999999999818e+04 1.536892324874777947e-04
1.477999999999999818e+04 1.487657314892765431e-04
1.478999999999999818e+04 1.436589938565226729e-04
1.479999999999999818e+04 1.390002529305477260e-04
1.480999999999999818e+04 1.347906859288845217e-04
1.481999999999999818e+04 1.310276151114782772e-04
1.482999999999999818e+04 1.280466516783701893e-04
1.483999999999999818e+04 1.257822709816798132e-04
1.484999999999999818e+04 1.239124618763670161e-04
1.485999999999999818e+04 1.230050491020557061e-04
1.486999999999999818e+04 1.226497813034973063e-04
1.487999999999999818e+04 1.230725575269760327e-04
1.488999999999999818e+04 1.243965246353218187e-04
1.489999999999999818e+04 1.264260408302028921e-04
1.490999999999999818e+04 1.293152521070244294e-04
1.491999999999999818e+04 1.326723137706483995e-04
1.492999999999999818e+04 1.370074135335117395e-04
1.493999999999999818e+04 1.419212188710301174e-04
1.494999999999999818e+04 1.474929501872048680e-04
1.495999999999999818e+04 1.535419526928012886e-04
1.496999999999999818e+04 1.597334481108108922e-04
1.497999999999999818e+04 1.658773174115556550e-04
1.498999999999999818e+04 1.719822113705927894e-04
1.499999999999999818e+04 1.769890508341582082e-04
1.500999999999999818e+04 1.813225086867334250e-04
1.501999999999999818e+04 1.841212357637015925e-04
1.502999999999999818e+04 1.851598171794372166e-04
1.503999999999999818e+04 1.843517665557438726e-04
1.504999999999999818e+04 1.819210374083399435e-04
1.505999999999999818e+04 1.778985656986539190e-04
1.506999999999999818e+04 1.724208731457849012e-04
1.507999999999999818e+04 1.662602982492323829e-04
1.508999999999999818e+04 1.595232003790321440e-04
1.509999999999999818e+04 1.526932945427647949e-04
1.510999999999999818e+04 1.459065274053507918e-04
1.511999999999999818e+04 1.395961098668219353e-04
1.512999999999999818e+04 1.337450267570015634e-04
1.513999999999999818e+04 1.286070561157946388e-04
1.514999999999999818e+04 1.240736413987506969e-04
1.515999999999999818e+04 1.203006652262081269e-04
1.516999999999999818e+04 1.171814142930113707e-04
1.517999999999999818e+04 1.148822327605476004e-04
1.518999999999999818e+04 1.133212540498631724e-04
1.519999999999999818e+04 1.123172713363956556e-04
1.520999999999999818e+04 1.119678480715026117e-04
1.521999999999999818e+04 1.127668666621087478e-04
1.522999999999999818e+04 1.138841341818676528e-04
1.523999999999999818e+04 1.158734317930896666e-04
1.524999999999999818e+04 1.186484850871798223e-04
1.525999999999999818e+04 1.220141753791542476e-04
1.526999999999999818e+04 1.262371835783033202e-04
1.527999999999999818e+04 1.311525067231439888e-04
1.528999999999999818e+04 1.368714692981272125e-04
1.529999999999999818e+04 1.431347485468406708e-04
1.530999999999999818e+04 1.499609271622388644e-04
1.531999999999999818e+04 1.572436223144923356e-04
1.532999999999999818e+04 1.649767454975164215e-04
1.533999999999999818e+04 1.720197133248443228e-04
1.534999999999999818e+04 1.788372118336015995e-04
1.535999999999999636e+04 1.848157322520892708e-04
1.536999999999999636e+04 1.891900599599293247e-04
1.537999999999999636e+04 1.919430466530216170e-04
1.538999999999999636e+04 1.930299849886904083e-04
1.539999999999999636e+04 1.918829891859881562e-04
1.540999999999999636e+04 1.892939570281189083e-04
1.541999999999999636e+04 1.847188328175249875e-04
1.542999999999999636e+04 1.792144427431929875e-04
1.543999999999999636e+04 1.729761055442850142e-04
1.544999999999999636e+04 1.663979134462164656e-04
1.545999999999999636e+04 1.597763185753085585e-04
1.546999999999999636e+04 1.534827470319468051e-04
1.547999999999999636e+04 1.475158992002861163e-04
1.548999999999999636e+04 1.423823757787874881e-04
1.549999999999999636e+04 1.377389866150874678e-04
1.550999999999999636e+04 1.339555694175526609e-04
1.551999999999999636e+04 1.308607380195838180e-04
1.552999999999999636e+04 1.288749118524144712e-04
1.553999999999999636e+04 1.275131305590972760e-04
1.554999999999999636e+04 1.267904128636452600e-04
1.555999999999999636e+04 1.270343276200153085e-04
1.556999999999999636e+04 1.282095651516382208e-04
1.557999999999999636e+04 1.302987029231873946e-04
1.558999999999999636e+04 1.332774032395045362e-04
1.559999999999999636e+04 1.369811301358831845e-04
1.560999999999999636e+04 1.415634377680760343e-04
1.561999999999999636e+04 1.470747935060600622e-04
1.562999999999999636e+04 1.535709900446720398e-04
1.563999999999999636e+04 1.606721449657974999e-04
1.564999999999999636e+04 1.683272917331561766e-04
1.565999999999999636e+04 1.762549766773005685e-04
1.566999999999999636e+04 1.838452911003052369e-04
1.567999999999999636e+04 1.908117537340379792e-04
1.568999999999999636e+04 1.964464547684700564e-04
1.569999999999999636e+04 1.999926108502726187e-04
1.570999999999999636e+04 2.008855959942286180e-04
1.571999999999999636e+04 1.985899867103090184e-04
1.572999999999999636e+04 1.932688940903007585e-04
1.573999999999999636e+04 1.853838284945123174e-04
1.574999999999999636e+04 1.755898079391541124e-04
1.575999999999999636e+04 1.641182963840015594e-04
1.576999999999999636e+04 1.523657030400855212e-04
1.577999999999999636e+04 1.407353273040195130e-04
1.578999999999999636e+04 1.294196614448296829e-04
1.579999999999999636e+04 1.189249235980565435e-04
1.580999999999999636e+04 1.094490054665628868e-04
1.581999999999999636e+04 1.008473799690804155e-04
1.582999999999999636e+04 9.325100929943949278e-05
1.583999999999999636e+04 8.684791629092047526e-05
1.584999999999999636e+04 8.121335306848107775e-05
1.585999999999999636e+04 7.640571739939632867e-05
1.586999999999999636e+04 7.229220782528908765e-05
1.587999999999999636e+04 6.875854271043827014e-05
1.588999999999999636e+04 6.593590993636040285e-05
1.589999999999999636e+04 6.349947301113191393e-05
1.590999999999999636e+04 6.166011790905976992e-05
1.591999999999999636e+04 6.033136192547261262e-05
1.592999999999999636e+04 5.936616130701287278e-05
1.593999999999999636e+04 5.883399371509238045e-05
1.594999999999999636e+04 5.867595934335576220e-05
1.595999999999999636e+04 5.891853038786681233e-05
1.596999999999999636e+04 5.965069663981670815e-05
1.597999999999999636e+04 6.078839036058036194e-05
1.598999999999999636e+04 6.237361551285975009e-05
1.599999999999999636e+04 6.456611847876250450e-05
1.600999999999999636e+04 6.723781200444658556e-05
1.601999999999999636e+04 7.050514171635257786e-05
1.602999999999999636e+04 7.452667144796588298e-05
1.603999999999999636e+04 7.950457308193893549e-05
1.604999999999999636e+04 8.537838091197990417e-05
1.605999999999999636e+04 9.241134890740029285e-05
1.606999999999999636e+04 1.006918684330037879e-04
1.607999999999999636e+04 1.106077583581627455e-04
1.608999999999999636e+04 1.222822477622182455e-04
1.609999999999999636e+04 1.359551499972212903e-04
1.610999999999999636e+04 1.518143749569999179e-04
1.611999999999999636e+04 1.699073472602752343e-04
1.612999999999999636e+04 1.900342047060112061e-04
1.613999999999999636e+04 2.115447125654260497e-04
1.614999999999999636e+04 2.330248067057433270e-04
1.615999999999999636e+04 2.528597218157219661e-04
1.616999999999999636e+04 2.680487627000897226e-04
1.617999999999999636e+04 2.763572164102065650e-04
1.618999999999999636e+04 2.764984288863980974e-04
1.619999999999999636e+04 2.688442879282096657e-04
1.620999999999999636e+04 2.550131826285371908e-04
1.621999999999999636e+04 2.362909908358801431e-04
1.622999999999999636e+04 2.160492922663115258e-04
1.623999999999999636e+04 1.964182194764334081e-04
1.624999999999999636e+04 1.774828156766525701e-04
1.625999999999999636e+04 1.605497503301941736e-04
1.626999999999999636e+04 1.455375890972722104e-04
1.627999999999999636e+04 1.325508080756140146e-04
1.628999999999999636e+04 1.215649577034964802e-04
1.629999999999999636e+04 1.120937367495166857e-04
1.630999999999999636e+04 1.042213326399790826e-04
1.631999999999999636e+04 9.750839290375753197e-05
1.632999999999999636e+04 9.184497756974090577e-05
1.633999999999999636e+04 8.721154441775984506e-05
1.634999999999999636e+04 8.339306390973807634e-05
1.635999999999999636e+04 8.035321959022634093e-05
1.636999999999999636e+04 7.791333999834269635e-05
1.637999999999999636e+04 7.605299914346496781e-05
1.638999999999999636e+04 7.473621489137606674e-05
1.639999999999999636e+04 7.390537324899454212e-05
1.640999999999999636e+04 7.358143313021318595e-05
1.641999999999999636e+04 7.361266539769168425e-05
1.642999999999999636e+04 7.416112953778015754e-05
1.643999999999999636e+04 7.504450535667208581e-05
1.644999999999999636e+04 7.642854859384165317e-05
1.645999999999999636e+04 7.811809799630204515e-05
1.646999999999999636e+04 8.021067603845438980e-05
1.647999999999999636e+04 8.287545188170057826e-05
1.648999999999999636e+04 8.584085140640429999e-05
1.649999999999999636e+04 8.931275706282097661e-05
1.650999999999999636e+04 9.320187086747998121e-05
1.651999999999999636e+04 9.746576324827857388e-05
1.652999999999999636e+04 1.019550261556991297e-04
1.653999999999999636e+04 1.071372440560929359e-04
1.654999999999999636e+04 1.123070232732692377e-04
1.655999999999999636e+04 1.176140776276478697e-04
1.656999999999999636e+04 1.229535486049077855e-04
1.657999999999999636e+04 1.282612964840121024e-04
1.658999999999999636e+04 1.330820627340643600e-04
1.659999999999999636e+04 1.373569947528335356e-04
1.660999999999999636e+04 1.410138829526251308e-04
1.661999999999999636e+04 1.436882066559851275e-04
1.662999999999999636e+04 1.453201672619531192e-04
1.663999999999999636e+04 1.460575039116314444e-04
1.664999999999999636e+04 1.457118132523598788e-04
1.665999999999999636e+04 1.444564193389546742e-04
1.666999999999999636e+04 1.423995324982487321e-04
1.667999999999999636e+04 1.396679852450819740e-04
1.668999999999999636e+04 1.364169330381490919e-04
1.669999999999999636e+04 1.329555986752751562e-04
1.670999999999999636e+04 1.293216442650179667e-04
1.671999999999999636e+04 1.257653679337506728e-04
1.672999999999999636e+04 1.223230920906678561e-04
1.673999999999999636e+04 1.189846200100703821e-04
1.674999999999999636e+04 1.159245617942812444e-04
1.675999999999999636e+04 1.133336035720472213e-04
1.676999999999999636e+04 1.109616848066442222e-04
1.677999999999999636e+04 1.089950686755888524e-04
1.678999999999999636e+04 1.074613846843152113e-04
1.679999999999999636e+04 1.062631898442219762e-04
1.680999999999999636e+04 1.054976858471606089e-04
1.681999999999999636e+04 1.051083233416886940e-04
1.682999999999999636e+04 1.051736516837455457e-04
1.683999999999999636e+04 1.057057823925508847e-04
1.684999999999999636e+04 1.066254664568118865e-04
1.685999999999999636e+04 1.078565871048845030e-04
1.686999999999999636e+04 1.094690975994503908e-04
1.687999999999999636e+04 1.116082247230775685e-04
1.688999999999999636e+04 1.142507225654097665e-04
1.689999999999999636e+04 1.171471050407975475e-04
1.690999999999999636e+04 1.204318812789822844e-04
1.691999999999999636e+04 1.243027490645829476e-04
1.692999999999999636e+04 1.286293655014768809e-04
1.693999999999999636e+04 1.330059317939100475e-04
1.694999999999999636e+04 1.378076938846606845e-04
1.695999999999999636e+04 1.429182938422506781e-04
1.696999999999999636e+04 1.480343991824010683e-04
1.697999999999999636e+04 1.534031544389193979e-04
1.698999999999999636e+04 1.589264992014095281e-04
1.699999999999999636e+04 1.638755935549930643e-04
1.700999999999999636e+04 1.685847700864160736e-04
1.701999999999999636e+04 1.727454243816342724e-04
1.702999999999999636e+04 1.762019257189071178e-04
1.703999999999999636e+04 1.790894718208978144e-04
1.704999999999999636e+04 1.809424864243907194e-04
1.705999999999999636e+04 1.818245607249390546e-04
1.706999999999999636e+04 1.818118966576430030e-04
1.707999999999999636e+04 1.808813873416152218e-04
1.708999999999999636e+04 1.792230624080051434e-04
1.709999999999999636e+04 1.765379145484681457e-04
1.710999999999999636e+04 1.732649342137661198e-04
1.711999999999999636e+04 1.699413158206767986e-04
1.712999999999999636e+04 1.658787187362492275e-04
1.713999999999999636e+04 1.617851894596939290e-04
1.714999999999999636e+04 1.580507212177712612e-04
1.715999999999999636e+04 1.539081745823501677e-04
1.716999999999999636e+04 1.501547908874353214e-04
1.717999999999999636e+04 1.465435577724530445e-04
1.718999999999999636e+04 1.431801991031198635e-04
1.719999999999999636e+04 1.400577777049736260e-04
1.720999999999999636e+04 1.373911732796167563e-04
1.721999999999999636e+04 1.349269060743815143e-04
1.722999999999999636e+04 1.328412571444427266e-04
1.723999999999999636e+04 1.309748679669047941e-04
1.724999999999999636e+04 1.296280761762575622e-04
1.725999999999999636e+04 1.286376234393467734e-04
1.726999999999999636e+04 1.278774000788741188e-04
1.727999999999999636e+04 1.272334264322767035e-04
1.728999999999999636e+04 1.269305861607078413e-04
1.729999999999999636e+04 1.270446514104529075e-04
1.730999999999999636e+04 1.274399948149574323e-04
1.731999999999999636e+04 1.280634507347804560e-04
1.732999999999999636e+04 1.286283360489084429e-04
1.733999999999999636e+04 1.295227623511174527e-04
1.734999999999999636e+04 1.303828152684360529e-04
1.735999999999999636e+04 1.315551895273204836e-04
1.736999999999999636e+04 1.327366728574867392e-04
1.737999999999999636e+04 1.340275169076950829e-04
1.738999999999999636e+04 1.352399242257099044e-04
1.739999999999999636e+04 1.363021150512796033e-04
1.740999999999999636e+04 1.371753224134549432e-04
1.741999999999999636e+04 1.381985221439963009e-04
1.742999999999999636e+04 1.386098413848394731e-04
1.743999999999999636e+04 1.391562769525083788e-04
1.744999999999999636e+04 1.392413288164243829e-04
1.745999999999999636e+04 1.388469808134993526e-04
1.746999999999999636e+04 1.384505091578762924e-04
1.747999999999999636e+04 1.378956380770243165e-04
1.748999999999999636e+04 1.367971991278755909e-04
1.749999999999999636e+04 1.353509669287464724e-04
1.750999999999999636e+04 1.335696767514759254e-04
1.751999999999999636e+04 1.319935816026852643e-04
1.752999999999999636e+04 1.299947243833841166e-04
1.753999999999999636e+04 1.279863992862579106e-04
1.754999999999999636e+04 1.258160360939848460e-04
1.755999999999999636e+04 1.235853967242249809e-04
1.756999999999999636e+04 1.214615353420889042e-04
1.757999999999999636e+04 1.191658980810664790e-04
1.758999999999999636e+04 1.170105031111879842e-04
1.759999999999999636e+04 1.148471139347208227e-04
1.760999999999999636e+04 1.131011820055622736e-04
1.761999999999999636e+04 1.112682206336735279e-04
1.762999999999999636e+04 1.096620279348486699e-04
1.763999999999999636e+04 1.080651774774761455e-04
1.764999999999999636e+04 1.068788465014431895e-04
1.765999999999999636e+04 1.056621115479268935e-04
1.766999999999999636e+04 1.048929892031308912e-04
1.767999999999999636e+04 1.040284955053508490e-04
1.768999999999999636e+04 1.035143436458661428e-04
1.769999999999999636e+04 1.029979316307008918e-04
1.770999999999999636e+04 1.029638788587030945e-04
1.771999999999999636e+04 1.029706020590565654e-04
1.772999999999999636e+04 1.033276014136480986e-04
1.773999999999999636e+04 1.039408588233129327e-04
1.774999999999999636e+04 1.046755637624211693e-04
1.775999999999999636e+04 1.053230311367557657e-04
1.776999999999999636e+04 1.063638402673913090e-04
1.777999999999999636e+04 1.074473339520005369e-04
1.778999999999999636e+04 1.089257886193950115e-04
1.779999999999999636e+04 1.105800594610249863e-04
1.780999999999999636e+04 1.123097283527859188e-04
1.781999999999999636e+04 1.142775641075286099e-04
1.782999999999999636e+04 1.161674114259926273e-04
1.783999999999999636e+04 1.181656866280131048e-04
1.784999999999999636e+04 1.206390186939380752e-04
1.785999999999999636e+04 1.230211514162633303e-04
1.786999999999999636e+04 1.257028752879446056e-04
1.787999999999999636e+04 1.283145280081557035e-04
1.788999999999999636e+04 1.307688645190375402e-04
1.789999999999999636e+04 1.332718913510184315e-04
1.790999999999999636e+04 1.360826930409007255e-04
1.791999999999999636e+04 1.383133533998928883e-04
1.792999999999999636e+04 1.408364341817062179e-04
1.793999999999999636e+04 1.432638080680208087e-04
1.794999999999999636e+04 1.455394008541498988e-04
1.795999999999999636e+04 1.474586185807020113e-04
1.796999999999999636e+04 1.495959048705272014e-04
1.797999999999999636e+04 1.510885384051869305e-04
1.798999999999999636e+04 1.527365727277260805e-04
1.799999999999999636e+04 1.539862686545421340e-04
1.800999999999999636e+04 1.552333251454328042e-04
1.801999999999999636e+04 1.560975535917328726e-04
1.802999999999999636e+04 1.572538579486694856e-04
1.803999999999999636e+04 1.576781409666876404e-04
1.804999999999999636e+04 1.580356728106855561e-04
1.805999999999999636e+04 1.584562854374419003e-04
1.806999999999999636e+04 1.587404729602241141e-04
1.807999999999999636e+04 1.591957874265761692e-04
1.808999999999999636e+04 1.592342902297521376e-04
1.809999999999999636e+04 1.594250885052466826e-04
1.810999999999999636e+04 1.595695616149492920e-04
1.811999999999999636e+04 1.598724633300551258e-04
1.812999999999999636e+04 1.599588198035387229e-04
1.813999999999999636e+04 1.602175765412243089e-04
1.814999999999999636e+04 1.605354290089179700e-04
1.815999999999999636e+04 1.607267394841997374e-04
1.816999999999999636e+04 1.612071834831367957e-04
1.817999999999999636e+04 1.619167343823523604e-04
1.818999999999999636e+04 1.621967428453008461e-04
1.819999999999999636e+04 1.627451567495981116e-04
1.820999999999999636e+04 1.633325795662355262e-04
1.821999999999999636e+04 1.639892524153534756e-04
1.822999999999999636e+04 1.649522295037180613e-04
1.823999999999999636e+04 1.654728013461694654e-04
1.824999999999999636e+04 1.659406556189163345e-04
1.825999999999999636e+04 1.664406568664865361e-04
1.826999999999999636e+04 1.667783076109901957e-04
1.827999999999999636e+04 1.669735871147810292e-04
1.828999999999999636e+04 1.670528754301551513e-04
1.829999999999999636e+04 1.669070690657030193e-04
1.830999999999999636e+04 1.665947194274262130e-04
1.831999999999999636e+04 1.659323302124314102e-04
1.832999999999999636e+04 1.651626312125520910e-04
1.833999999999999636e+04 1.638492791808741748e-04
1.834999999999999636e+04 1.625216610043303436e-04
1.835999999999999636e+04 1.606914562403247864e-04
1.836999999999999636e+04 1.584439914386768979e-04
1.837999999999999636e+04 1.560710764104936588e-04
1.838999999999999636e+04 1.532771253361751710e-04
1.839999999999999636e+04 1.505472039339145489e-04
1.840999999999999636e+04 1.477411968330150636e-04
1.841999999999999636e+04 1.444445133398250764e-04
1.842999999999999636e+04 1.410414767353969888e-04
1.843999999999999636e+04 1.376915163149290775e-04
1.844999999999999636e+04 1.342307318228551035e-04
1.845999999999999636e+04 1.307212261064487607e-04
1.846999999999999636e+04 1.274310070678237638e-04
1.847999999999999636e+04 1.241967393361905240e-04
1.848999999999999636e+04 1.208197386240082391e-04
1.849999999999999636e+04 1.177275676310935972e-04
1.850999999999999636e+04 1.146586535587978186e-04
1.851999999999999636e+04 1.117363026687300740e-04
1.852999999999999636e+04 1.087851085123857321e-04
1.853999999999999636e+04 1.062147816367137919e-04
1.854999999999999636e+04 1.039166334957862504e-04
1.855999999999999636e+04 1.016705329239866860e-04
1.856999999999999636e+04 9.957878501969910819e-05
1.857999999999999636e+04 9.771274235566927550e-05
1.858999999999999636e+04 9.595688144931655927e-05
1.859999999999999636e+04 9.440253771346038215e-05
1.860999999999999636e+04 9.303712759170180882e-05
1.861999999999999636e+04 9.193825762116680344e-05
1.862999999999999636e+04 9.108577435408877110e-05
1.863999999999999636e+04 9.026160188852213142e-05
1.864999999999999636e+04 8.954504816144730748e-05
1.865999999999999636e+04 8.912840217918077787e-05
1.866999999999999636e+04 8.874727324018729443e-05
1.867999999999999636e+04 8.860299358595248955e-05
1.868999999999999636e+04 8.865126373802682195e-05
1.869999999999999636e+04 8.892409248034042026e-05
1.870999999999999636e+04 8.923043846554571583e-05
1.871999999999999636e+04 8.969341824239019409e-05
1.872999999999999636e+04 9.019519757204823946e-05
1.873999999999999636e+04 9.120611722993305726e-05
1.874999999999999636e+04 9.240582726756823076e-05
1.875999999999999636e+04 9.367935978120955356e-05
1.876999999999999636e+04 9.498678481475849786e-05
1.877999999999999636e+04 9.668136198803522769e-05
1.878999999999999636e+04 9.855566674833000310e-05
1.879999999999999636e+04 1.004919875907555368e-04
1.880999999999999636e+04 1.025943551756615466e-04
1.881999999999999636e+04 1.047963407401323081e-04
1.882999999999999636e+04 1.073155104010294905e-04
1.883999999999999636e+04 1.101032728064704877e-04
1.884999999999999636e+04 1.130528474267436469e-04
1.885999999999999636e+04 1.160547982578595094e-04
1.886999999999999636e+04 1.192950497228987335e-04
1.887999999999999636e+04 1.226256979416467908e-04
1.888999999999999636e+04 1.260215017768946981e-04
1.889999999999999636e+04 1.295084071219269038e-04
1.890999999999999636e+04 1.331296864346760873e-04
1.891999999999999636e+04 1.368310433311969662e-04
1.892999999999999636e+04 1.403731227422711056e-04
1.893999999999999636e+04 1.440725187892899549e-04
1.894999999999999636e+04 1.472059264079048676e-04
1.895999999999999636e+04 1.506883115272482029e-04
1.896999999999999636e+04 1.535411971388469805e-04
1.897999999999999636e+04 1.562609700109824783e-04
1.898999999999999636e+04 1.583961913212981521e-04
1.899999999999999636e+04 1.608386172098100967e-04
1.900999999999999636e+04 1.622263660707156123e-04
1.901999999999999636e+04 1.633706284795545885e-04
1.902999999999999636e+04 1.645111916270096137e-04
1.903999999999999636e+04 1.643554800864346444e-04
1.904999999999999636e+04 1.644029893886816756e-04
1.905999999999999636e+04 1.640368188515533762e-04
1.906999999999999636e+04 1.630883104657581176e-04
1.907999999999999636e+04 1.612995696290985036e-04
1.908999999999999636e+04 1.596954572347514798e-04
1.909999999999999636e+04 1.580202417940539171e-04
1.910999999999999636e+04 1.555574737563496495e-04
1.911999999999999636e+04 1.529704035065917946e-04
1.912999999999999636e+04 1.503820549682888567e-04
1.913999999999999636e+04 1.478156587594244584e-04
1.914999999999999636e+04 1.449483189716207858e-04
1.915999999999999636e+04 1.418209828409185624e-04
1.916999999999999636e+04 1.391294989575476309e-04
1.917999999999999636e+04 1.366716245210259240e-04
1.918999999999999636e+04 1.335393661997262874e-04
1.919999999999999636e+04 1.307934189035236104e-04
1.920999999999999636e+04 1.286599353336520990e-04
1.921999999999999636e+04 1.260190239121532099e-04
1.922999999999999636e+04 1.235414135501078836e-04
1.923999999999999636e+04 1.212328644518952732e-04
1.924999999999999636e+04 1.193713349733008532e-04
1.925999999999999636e+04 1.174642015935415144e-04
1.926999999999999636e+04 1.158474650122975522e-04
1.927999999999999636e+04 1.141032251368455288e-04
1.928999999999999636e+04 1.129226809731379190e-04
1.929999999999999636e+04 1.115867536220299053e-04
1.930999999999999636e+04 1.104170289143704199e-04
1.931999999999999636e+04 1.094403408936539583e-04
1.932999999999999636e+04 1.084342476084623785e-04
1.933999999999999636e+04 1.078272365362160657e-04
1.934999999999999636e+04 1.073441319195037979e-04
1.935999999999999636e+04 1.067969328929980387e-04
1.936999999999999636e+04 1.062914683645198728e-04
1.937999999999999636e+04 1.062463514352245618e-04
1.938999999999999636e+04 1.064170758966940616e-04
1.939999999999999636e+04 1.064730715302410761e-04
1.940999999999999636e+04 1.066459522814410866e-04
1.941999999999999636e+04 1.070885252858787880e-04
1.942999999999999636e+04 1.075896169038102513e-04
1.943999999999999636e+04 1.079334578761653799e-04
1.944999999999999636e+04 1.086845419654903811e-04
1.945999999999999636e+04 1.094504303643874417e-04
1.946999999999999636e+04 1.104065176627184498e-04
1.947999999999999636e+04 1.116897213907725378e-04
1.948999999999999636e+04 1.128784969432306917e-04
1.949999999999999636e+04 1.139724453249929315e-04
1.950999999999999636e+04 1.154001164113774449e-04
1.951999999999999636e+04 1.169080307155917991e-04
1.952999999999999636e+04 1.184990340042327029e-04
1.953999999999999636e+04 1.201362773493171268e-04
1.954999999999999636e+04 1.219027655505787531e-04
1.955999999999999636e+04 1.238497992648070754e-04
1.956999999999999636e+04 1.260693694667602209e-04
1.957999999999999636e+04 1.281693430824301129e-04
1.958999999999999636e+04 1.300922849865962798e-04
1.959999999999999636e+04 1.320997650171843905e-04
1.960999999999999636e+04 1.343738659540299140e-04
1.961999999999999636e+04 1.360803785028268846e-04
1.962999999999999636e+04 1.383966312861357193e-04
1.963999999999999636e+04 1.405914597408100064e-04
1.964999999999999636e+04 1.429450234579858329e-04
1.965999999999999636e+04 1.445498783653934147e-04
1.966999999999999636e+04 1.464032377391620164e-04
1.967999999999999636e+04 1.481815636528467780e-04
1.968999999999999636e+04 1.496288001908201376e-04
1.969999999999999636e+04 1.512663905058591197e-04
1.970999999999999636e+04 1.526720805065719675e-04
1.971999999999999636e+04 1.537392530154716244e-04
1.972999999999999636e+04 1.549669652844728031e-04
1.973999999999999636e+04 1.556233573394641683e-04
1.974999999999999636e+04 1.560402360401110173e-04
1.975999999999999636e+04 1.563865303517408530e-04
1.976999999999999636e+04 1.565155290932807453e-04
1.977999999999999636e+04 1.561577017446967239e-04
1.978999999999999636e+04 1.557804222922978940e-04
1.979999999999999636e+04 1.548270312307094656e-04
1.980999999999999636e+04 1.540031909892688024e-04
1.981999999999999636e+04 1.534158145348414929e-04
1.982999999999999636e+04 1.522162516775650673e-04
1.983999999999999636e+04 1.506693635358449584e-04
1.984999999999999636e+04 1.489631579546719692e-04
1.985999999999999636e+04 1.474858137313987932e-04
1.986999999999999636e+04 1.458419807724604131e-04
1.987999999999999636e+04 1.436423494309740695e-04
1.988999999999999636e+04 1.417568975338173850e-04
1.989999999999999636e+04 1.401734637198169683e-04
1.990999999999999636e+04 1.382068361131810080e-04
1.991999999999999636e+04 1.361055886227862809e-04
1.992999999999999636e+04 1.345198978330120832e-04
1.993999999999999636e+04 1.326273392417532217e-04
1.994999999999999636e+04 1.306146600767710806e-04
1.995999999999999636e+04 1.287726367951052598e-04
1.996999999999999636e+04 1.272898199632109301e-04
1.997999999999999636e+04 1.258542580281359720e-04
1.998999999999999636e+04 1.244641107415631835e-04
1.999999999999999636e+04 1.230255312675440854e-04
2.000999999999999636e+04 1.217517157688359595e-04
2.001999999999999636e+04 1.206653989242239877e-04
2.002999999999999636e+04 1.195668190651740832e-04
2.003999999999999636e+04 1.190225951163207112e-04
2.004999999999999636e+04 1.183086965412371433e-04
2.005999999999999636e+04 1.178248060771574580e-04
2.006999999999999636e+04 1.177317394527451985e-04
2.007999999999999636e+04 1.174223256243593194e-04
2.008999999999999636e+04 1.170327429997322557e-04
2.009999999999999636e+04 1.172443912144288848e-04
2.010999999999999636e+04 1.174602872083921774e-04
2.011999999999999636e+04 1.176999190523895432e-04
2.012999999999999636e+04 1.184570393584303817e-04
2.013999999999999636e+04 1.193788512283968598e-04
2.014999999999999636e+04 1.202697263176022229e-04
2.015999999999999636e+04 1.214678048626917069e-04
2.016999999999999636e+04 1.227782907658243232e-04
2.017999999999999636e+04 1.240429455464007417e-04
2.018999999999999636e+04 1.257000715236427952e-04
2.019999999999999636e+04 1.273897824949181412e-04
2.020999999999999636e+04 1.294223371716338698e-04
2.021999999999999636e+04 1.318661160576086334e-04
2.022999999999999636e+04 1.341329383632372876e-04
2.023999999999999636e+04 1.364908645334981380e-04
2.024999999999999636e+04 1.391389933122307216e-04
2.025999999999999636e+04 1.419066541520428565e-04
2.026999999999999636e+04 1.449616311310356000e-04
2.027999999999999636e+04 1.480013738709337319e-04
2.028999999999999636e+04 1.512243435220504738e-04
2.029999999999999636e+04 1.544646362389971868e-04
2.030999999999999636e+04 1.574436733144726481e-04
2.031999999999999636e+04 1.601529051421766178e-04
2.032999999999999636e+04 1.630129520839585509e-04
2.033999999999999636e+04 1.656458561237590611e-04
2.034999999999999636e+04 1.682181654187155442e-04
2.035999999999999636e+04 1.703979943694051502e-04
2.036999999999999636e+04 1.717960926845528153e-04
2.037999999999999636e+04 1.730549096536731471e-04
2.038999999999999636e+04 1.735024587345063206e-04
2.039999999999999636e+04 1.731812376887165085e-04
2.040999999999999636e+04 1.722702177587238969e-04
2.041999999999999636e+04 1.706424219913140004e-04
2.042999999999999636e+04 1.682779391444316167e-04
2.043999999999999636e+04 1.648938426662964907e-04
2.044999999999999636e+04 1.615264802356078161e-04
2.045999999999999636e+04 1.572875937736716294e-04
2.046999999999999636e+04 1.525174108196012009e-04
2.047999999999999636e+04 1.476526211284823762e-04
2.048999999999999636e+04 1.424523274577928125e-04
2.049999999999999636e+04 1.366683428150125426e-04
2.050999999999999636e+04 1.313995210811521924e-04
2.051999999999999636e+04 1.255601454310491857e-04
2.052999999999999636e+04 1.198173825369580647e-04
2.053999999999999636e+04 1.144214331781665353e-04
2.054999999999999636e+04 1.090937535758559798e-04
2.055999999999999636e+04 1.038198149708091975e-04
2.056999999999999636e+04 9.881990043955511595e-05
2.057999999999999636e+04 9.396632266383522693e-05
2.058999999999999636e+04 8.942879806735415707e-05
2.059999999999999636e+04 8.516325698959641675e-05
2.060999999999999636e+04 8.123306213087180393e-05
2.061999999999999636e+04 7.728123247251514989e-05
2.062999999999999636e+04 7.392221990303103445e-05
2.063999999999999636e+04 7.050379874873068965e-05
2.064999999999999636e+04 6.751408012508762664e-05
2.065999999999999636e+04 6.464880204544440410e-05
2.066999999999999636e+04 6.219118419855469877e-05
2.067999999999999636e+04 5.967164723758953818e-05
2.068999999999999636e+04 5.723564910800467512e-05
2.069999999999999636e+04 5.510131730045735894e-05
2.070999999999999636e+04 5.329995397475625191e-05
2.071999999999999636e+04 5.159986021306876380e-05
2.072999999999999636e+04 4.972392236218203213e-05
2.073999999999999636e+04 4.816974014074073467e-05
2.074999999999999636e+04 4.688930698698424537e-05
2.075999999999999636e+04 4.554782041494667461e-05
2.076999999999999636e+04 4.432716391213790892e-05
2.077999999999999636e+04 4.331858598446490478e-05
2.078999999999999636e+04 4.226232136136629273e-05
2.079999999999999636e+04 4.142001253430069139e-05
2.080999999999999636e+04 4.066977082133023332e-05
2.081999999999999636e+04 3.983491599355863037e-05
2.082999999999999636e+04 3.927746344893462123e-05
2.083999999999999636e+04 3.865047543760725664e-05
2.084999999999999636e+04 3.823669883973114433e-05
2.085999999999999636e+04 3.772655080314088797e-05
2.086999999999999636e+04 3.724671936045178308e-05
2.087999999999999636e+04 3.709692772251472760e-05
2.088999999999999636e+04 3.685413538547306536e-05
2.089999999999999636e+04 3.661245096836323964e-05
2.090999999999999636e+04 3.639473264998754388e-05
2.091999999999999636e+04 3.637195088301786803e-05
2.092999999999999636e+04 3.642687144362605477e-05
2.093999999999999636e+04 3.648604076752544621e-05
2.094999999999999636e+04 3.666741073037130407e-05
2.095999999999999636e+04 3.676211060947516323e-05
2.096999999999999636e+04 3.705719269594721932e-05
2.097999999999999636e+04 3.728739883779697386e-05
2.098999999999999636e+04 3.807035261522349168e-05
2.099999999999999636e+04 0.000000000000000000e+00
