3.649999999999999545e+03 0.000000000000000000e+00
3.659999999999999545e+03 3.783159084035625376e-17
3.669999999999999545e+03 2.840970061864375012e-16
3.679999999999999545e+03 2.488476014342500298e-15
3.689999999999999545e+03 1.142731224967499985e-14
3.699999999999999545e+03 5.283550527893750396e-15
3.709999999999999545e+03 9.901897149830000112e-14
3.719999999999999545e+03 1.693117344450875061e-14
3.729999999999999545e+03 4.478391252190625465e-13
3.739999999999999545e+03 4.289527854373124538e-13
3.749999999999999545e+03 5.037777872303313203e-12
3.759999999999999545e+03 1.776516634648437631e-13
3.769999999999999545e+03 0.000000000000000000e+00
3.779999999999999545e+03 0.000000000000000000e+00
3.789999999999999545e+03 0.000000000000000000e+00
3.799999999999999545e+03 0.000000000000000000e+00
3.809999999999999545e+03 0.000000000000000000e+00
3.819999999999999545e+03 1.501278998743124978e-12
3.829999999999999545e+03 6.252292905269250227e-11
3.839999999999999091e+03 1.172492823395250196e-09
3.849999999999999091e+03 2.989234364084500498e-08
3.859999999999999091e+03 2.969833194103999884e-11
3.869999999999999091e+03 0.000000000000000000e+00
3.879999999999999091e+03 0.000000000000000000e+00
3.889999999999999091e+03 0.000000000000000000e+00
3.899999999999999091e+03 1.832211939933812782e-12
3.909999999999999091e+03 0.000000000000000000e+00
3.919999999999999091e+03 0.000000000000000000e+00
3.929999999999999091e+03 0.000000000000000000e+00
3.939999999999999091e+03 0.000000000000000000e+00
3.949999999999999091e+03 0.000000000000000000e+00
3.959999999999999091e+03 0.000000000000000000e+00
3.969999999999999091e+03 0.000000000000000000e+00
3.979999999999999091e+03 0.000000000000000000e+00
3.989999999999999091e+03 0.000000000000000000e+00
3.999999999999999091e+03 0.000000000000000000e+00
4.009999999999999091e+03 0.000000000000000000e+00
4.019999999999999091e+03 0.000000000000000000e+00
4.029999999999999091e+03 5.276726839037499816e-12
4.039999999999999091e+03 0.000000000000000000e+00
4.049999999999999091e+03 0.000000000000000000e+00
4.059999999999999091e+03 0.000000000000000000e+00
4.069999999999999091e+03 0.000000000000000000e+00
4.079999999999999091e+03 2.607602443586524911e-14
4.089999999999999091e+03 2.253550529465550138e-14
4.099999999999999091e+03 3.321574932767568525e-13
4.109999999999999091e+03 4.056418330917750611e-13
4.119999999999999091e+03 2.314934347754437555e-15
4.129999999999999091e+03 2.260437639577950084e-15
4.139999999999999091e+03 5.622482895380312599e-14
4.149999999999999091e+03 3.883226821750500545e-14
4.159999999999999091e+03 0.000000000000000000e+00
4.169999999999999091e+03 0.000000000000000000e+00
4.179999999999999091e+03 8.617308056500500169e-14
4.189999999999999091e+03 0.000000000000000000e+00
4.199999999999999091e+03 0.000000000000000000e+00
4.209999999999999091e+03 9.142331864557499969e-16
4.219999999999999091e+03 1.467295620671737542e-15
4.229999999999999091e+03 0.000000000000000000e+00
4.239999999999999091e+03 0.000000000000000000e+00
4.249999999999999091e+03 2.020619738878125539e-15
4.259999999999999091e+03 7.272840484030625410e-16
4.269999999999999091e+03 7.482997219079812902e-16
4.279999999999999091e+03 8.235849075048000683e-15
4.289999999999999091e+03 5.588859771901874917e-15
4.299999999999999091e+03 9.652373015600001044e-15
4.309999999999999091e+03 9.405996555071811614e-14
4.319999999999999091e+03 5.194078308520061929e-15
4.329999999999999091e+03 7.534221943420375484e-15
4.339999999999999091e+03 1.727342217056137424e-13
4.349999999999999091e+03 3.084759905931418557e-13
4.359999999999999091e+03 2.158168424280750320e-14
4.369999999999999091e+03 0.000000000000000000e+00
4.379999999999999091e+03 0.000000000000000000e+00
4.389999999999999091e+03 0.000000000000000000e+00
4.399999999999999091e+03 1.753836673161011422e-13
4.409999999999999091e+03 2.477833259569776213e-13
4.419999999999999091e+03 3.204393253824639298e-12
4.429999999999999091e+03 4.325257953318793735e-12
4.439999999999999091e+03 5.273910436024999584e-12
4.449999999999999091e+03 0.000000000000000000e+00
4.459999999999999091e+03 0.000000000000000000e+00
4.469999999999999091e+03 4.687169578164150289e-13
4.479999999999999091e+03 6.569413094188683144e-13
4.489999999999999091e+03 1.854315149730531523e-12
4.499999999999999091e+03 3.981684491786465907e-12
4.509999999999999091e+03 5.663243161096801805e-12
4.519999999999999091e+03 8.221252049491618414e-11
4.529999999999999091e+03 1.530302050770609690e-10
4.539999999999999091e+03 6.849392486783683333e-10
4.549999999999999091e+03 4.991192185121704656e-10
4.559999999999999091e+03 3.047840087526281100e-09
4.569999999999999091e+03 2.492837347532209864e-10
4.579999999999999091e+03 1.124519690579661316e-10
4.589999999999999091e+03 3.887206183274514440e-08
4.599999999999999091e+03 1.906689633533763672e-10
4.609999999999999091e+03 5.487437038589441237e-10
4.619999999999999091e+03 1.962107342079274703e-10
4.629999999999999091e+03 1.407282697330164565e-10
4.639999999999999091e+03 4.006359261689469996e-10
4.649999999999999091e+03 0.000000000000000000e+00
4.659999999999999091e+03 0.000000000000000000e+00
4.669999999999999091e+03 0.000000000000000000e+00
4.679999999999999091e+03 0.000000000000000000e+00
4.689999999999999091e+03 0.000000000000000000e+00
4.699999999999999091e+03 1.495754995537737243e-09
4.709999999999999091e+03 0.000000000000000000e+00
4.719999999999999091e+03 0.000000000000000000e+00
4.729999999999999091e+03 0.000000000000000000e+00
4.739999999999999091e+03 2.220695321748872887e-08
4.749999999999999091e+03 0.000000000000000000e+00
4.759999999999999091e+03 0.000000000000000000e+00
4.769999999999999091e+03 0.000000000000000000e+00
4.779999999999999091e+03 0.000000000000000000e+00
4.789999999999999091e+03 0.000000000000000000e+00
4.799999999999999091e+03 0.000000000000000000e+00
4.809999999999999091e+03 0.000000000000000000e+00
4.819999999999999091e+03 0.000000000000000000e+00
4.829999999999999091e+03 0.000000000000000000e+00
4.839999999999999091e+03 1.430615860691545669e-08
4.849999999999999091e+03 0.000000000000000000e+00
4.859999999999999091e+03 0.000000000000000000e+00
4.869999999999999091e+03 1.127251803920504600e-07
4.879999999999999091e+03 1.151724360229405115e-08
4.889999999999999091e+03 1.041021052174716346e-08
4.899999999999999091e+03 8.289978102115525089e-08
4.909999999999999091e+03 4.814804508643509316e-08
4.919999999999999091e+03 1.381118107219475571e-08
4.929999999999999091e+03 2.571848959924426162e-07
4.939999999999999091e+03 2.925880975239337651e-08
4.949999999999999091e+03 4.030207301536709931e-09
4.959999999999999091e+03 2.323163904541231480e-08
4.969999999999999091e+03 8.175759457642374757e-09
4.979999999999999091e+03 4.483389164767274457e-09
4.989999999999999091e+03 3.702644204695435368e-09
4.999999999999999091e+03 1.558274532046213871e-07
5.009999999999999091e+03 3.793880664541787951e-09
5.019999999999999091e+03 1.038065642751926221e-09
5.029999999999999091e+03 1.705628839864695415e-09
5.039999999999999091e+03 1.683935671280564493e-08
5.049999999999999091e+03 5.816371010779665494e-10
5.059999999999999091e+03 4.864159196958652140e-10
5.069999999999999091e+03 4.092154527151395106e-10
5.079999999999999091e+03 1.730682960519727108e-09
5.089999999999999091e+03 9.518395460677006166e-07
5.099999999999999091e+03 3.730282021793593474e-09
5.109999999999999091e+03 4.674638771039789192e-09
5.119999999999999091e+03 8.718068591771398586e-09
5.129999999999999091e+03 5.665341983085400158e-09
5.139999999999999091e+03 1.936814294951108947e-07
5.149999999999999091e+03 2.148933873271136206e-09
5.159999999999999091e+03 7.290614972495819933e-10
5.169999999999999091e+03 1.111505591525686892e-09
5.179999999999999091e+03 4.311458875971795743e-09
5.189999999999999091e+03 2.232145222389830096e-10
5.199999999999999091e+03 1.352004529137233872e-10
5.209999999999999091e+03 1.241404313505370623e-10
5.219999999999999091e+03 1.720107917607949031e-10
5.229999999999999091e+03 9.656150434900293272e-10
5.239999999999999091e+03 1.634671678257939990e-09
5.249999999999999091e+03 2.935537060755458275e-10
5.259999999999999091e+03 1.879528164725102050e-10
5.269999999999999091e+03 1.816394766878661433e-10
5.279999999999999091e+03 3.961824204343614287e-10
5.289999999999999091e+03 1.601690238450575478e-08
5.299999999999999091e+03 7.501321175754701461e-10
5.309999999999999091e+03 3.247552774505640961e-10
5.319999999999999091e+03 4.746891642419779362e-10
5.329999999999999091e+03 9.775671418177840359e-10
5.339999999999999091e+03 4.540160912780037185e-10
5.349999999999999091e+03 2.996750423752674241e-09
5.359999999999999091e+03 1.329226105956335910e-10
5.369999999999999091e+03 2.162947641785366478e-11
5.379999999999999091e+03 0.000000000000000000e+00
5.389999999999999091e+03 0.000000000000000000e+00
5.399999999999999091e+03 0.000000000000000000e+00
5.409999999999999091e+03 0.000000000000000000e+00
5.419999999999999091e+03 0.000000000000000000e+00
5.429999999999999091e+03 2.599615180340149823e-12
5.439999999999999091e+03 4.783623463163999998e-12
5.449999999999999091e+03 2.031753109069687534e-13
5.459999999999999091e+03 2.904416472470625239e-14
5.469999999999999091e+03 7.966420544971875221e-15
5.479999999999999091e+03 7.231792388546251113e-15
5.489999999999999091e+03 7.163864941690625628e-14
5.499999999999999091e+03 2.636219665170000443e-15
5.509999999999999091e+03 2.704880537533125637e-16
5.519999999999999091e+03 2.272573711537499952e-16
5.529999999999999091e+03 2.063972635418750353e-16
5.539999999999999091e+03 2.090933029176250178e-16
5.549999999999999091e+03 4.298770144488750400e-16
5.559999999999999091e+03 2.384679330573750025e-15
5.569999999999999091e+03 4.581943207480624270e-14
5.579999999999999091e+03 3.561775071268750401e-14
5.589999999999999091e+03 2.660130817469999963e-14
5.599999999999999091e+03 8.067448100744374789e-14
5.609999999999999091e+03 1.661937410000000287e-12
5.619999999999999091e+03 6.054741648900000692e-13
5.629999999999999091e+03 5.446253874250000385e-13
5.639999999999999091e+03 1.729166139028125289e-12
5.649999999999999091e+03 1.743022939953749960e-12
5.659999999999999091e+03 2.385643868685000419e-12
5.669999999999999091e+03 3.948813184850625554e-12
5.679999999999999091e+03 1.649872654723562413e-12
5.689999999999999091e+03 1.048101842406499955e-12
5.699999999999999091e+03 2.817461666564999935e-12
5.709999999999999091e+03 8.880479149609375926e-13
5.719999999999999091e+03 1.221230614975000262e-13
5.729999999999999091e+03 4.437502052105500650e-14
5.739999999999999091e+03 1.839985073587500300e-14
5.749999999999999091e+03 1.099209715656937507e-14
5.759999999999999091e+03 4.911778499031250199e-14
5.769999999999999091e+03 5.088144684100625033e-14
5.779999999999999091e+03 1.441247031451500163e-14
5.789999999999999091e+03 1.264359733213500104e-14
5.799999999999999091e+03 9.411066420367500274e-15
5.809999999999999091e+03 9.093552810824999163e-14
5.819999999999999091e+03 2.700788483557500040e-14
5.829999999999999091e+03 7.658316347027500357e-15
5.839999999999999091e+03 1.445752779350250225e-14
5.849999999999999091e+03 3.494113122920000711e-14
5.859999999999999091e+03 4.062880621051875326e-14
5.869999999999999091e+03 3.653919430608125106e-14
5.879999999999999091e+03 1.151260630112250170e-13
5.889999999999999091e+03 3.113698427875000060e-13
5.899999999999999091e+03 8.945469303684375186e-13
5.909999999999999091e+03 6.611508980055000063e-13
5.919999999999999091e+03 1.043921137098000026e-12
5.929999999999999091e+03 2.370522900681250219e-12
5.939999999999999091e+03 1.223873974530374899e-11
5.949999999999999091e+03 5.559362231491249697e-12
5.959999999999999091e+03 2.479479117963312816e-12
5.969999999999999091e+03 2.931799861423125155e-12
5.979999999999999091e+03 4.877934583374999544e-12
5.989999999999999091e+03 8.229142976844999611e-12
5.999999999999999091e+03 6.285994152856250949e-12
6.009999999999999091e+03 2.527801532313749894e-12
6.019999999999999091e+03 1.085391722593500033e-12
6.029999999999999091e+03 7.683423621943125231e-13
6.039999999999999091e+03 1.291141598643749946e-12
6.049999999999999091e+03 9.211961260293749141e-13
6.059999999999999091e+03 1.869101388700000038e-13
6.069999999999999091e+03 2.128991357810624834e-13
6.079999999999999091e+03 4.945544250255000010e-13
6.089999999999999091e+03 1.052815470734999978e-12
6.099999999999999091e+03 2.737024673538750568e-12
6.109999999999999091e+03 2.181841202642500165e-12
6.119999999999999091e+03 3.201705326623125285e-12
6.129999999999999091e+03 5.608636728511249573e-12
6.139999999999999091e+03 8.044241589759374544e-12
6.149999999999999091e+03 1.821443918697375159e-11
6.159999999999999091e+03 3.368994422289999981e-11
6.169999999999999091e+03 2.221821882595437613e-11
6.179999999999999091e+03 1.170062412284500047e-11
6.189999999999999091e+03 1.753949465162125045e-11
6.199999999999999091e+03 1.482543882978812691e-11
6.209999999999999091e+03 8.211796152511875704e-12
6.219999999999999091e+03 7.868305846721250378e-12
6.229999999999999091e+03 1.018501779752187563e-11
6.239999999999999091e+03 1.409315457060000115e-11
6.249999999999999091e+03 1.629417188398125375e-11
6.259999999999999091e+03 5.529968875217500710e-12
6.269999999999999091e+03 3.710890848283499900e-12
6.279999999999999091e+03 2.842687881967500488e-12
6.289999999999999091e+03 1.213025874899999977e-12
6.299999999999999091e+03 1.672889920349375027e-12
6.309999999999999091e+03 5.970719536634999668e-12
6.319999999999999091e+03 4.550938065835874498e-12
6.329999999999999091e+03 4.709170555031250276e-12
6.339999999999999091e+03 8.290684872172501137e-12
6.349999999999999091e+03 2.551773715154999778e-11
6.359999999999999091e+03 3.812019266501250061e-11
6.369999999999999091e+03 3.730440483437500214e-11
6.379999999999999091e+03 2.206143686827500139e-11
6.389999999999999091e+03 2.099929939113125185e-11
6.399999999999999091e+03 2.093362293935062628e-11
6.409999999999999091e+03 1.726726383703125019e-11
6.419999999999999091e+03 8.684068988984375199e-12
6.429999999999999091e+03 6.738516443443750126e-12
6.439999999999999091e+03 8.776097500502499607e-12
6.449999999999999091e+03 1.198013015430874933e-11
6.459999999999999091e+03 2.874806187029000215e-11
6.469999999999999091e+03 5.864216100706251086e-11
6.479999999999999091e+03 1.158500226576875107e-10
6.489999999999999091e+03 9.772409120731249245e-11
6.499999999999999091e+03 6.195578650625001444e-11
6.509999999999999091e+03 4.558077604355625628e-11
6.519999999999999091e+03 2.843867673446625359e-11
6.529999999999999091e+03 2.417987632387250401e-11
6.539999999999999091e+03 2.314575378360437571e-11
6.549999999999999091e+03 2.097393241958437165e-11
6.559999999999999091e+03 2.062757412872625023e-11
6.569999999999999091e+03 1.633367836856874970e-11
6.579999999999999091e+03 2.823018663587499780e-11
6.589999999999999091e+03 1.544812420256874983e-11
6.599999999999999091e+03 1.656612970260500101e-11
6.609999999999999091e+03 1.065357260926875031e-11
6.619999999999999091e+03 4.688878986426250024e-12
6.629999999999999091e+03 1.939431045570812687e-12
6.639999999999999091e+03 1.851344727809500338e-12
6.649999999999999091e+03 1.008233166001249994e-12
6.659999999999999091e+03 4.813688091152500779e-12
6.669999999999999091e+03 6.044046914994375774e-12
6.679999999999999091e+03 6.114849400406250692e-12
6.689999999999999091e+03 1.769443366978000269e-11
6.699999999999999091e+03 2.197772202325000302e-11
6.709999999999999091e+03 2.522571344221250361e-11
6.719999999999999091e+03 1.521680968237500126e-11
6.729999999999999091e+03 1.436169731713500130e-11
6.739999999999999091e+03 1.134334299377125297e-11
6.749999999999999091e+03 8.063499366654375038e-12
6.759999999999999091e+03 2.804848843517000072e-12
6.769999999999999091e+03 9.077950013081250803e-12
6.779999999999999091e+03 9.509311225286251646e-12
6.789999999999999091e+03 1.308810975491250238e-11
6.799999999999999091e+03 6.676805440112500011e-12
6.809999999999999091e+03 5.204811984351875443e-13
6.819999999999999091e+03 4.050339480232500536e-14
6.829999999999999091e+03 0.000000000000000000e+00
6.839999999999999091e+03 1.941815994787812593e-12
6.849999999999999091e+03 5.158908495772500234e-12
6.859999999999999091e+03 6.768787532552499946e-12
6.869999999999999091e+03 1.824605970705000072e-11
6.879999999999999091e+03 2.831915432255000192e-11
6.889999999999999091e+03 1.081609976736625163e-11
6.899999999999999091e+03 1.668341193417500193e-11
6.909999999999999091e+03 1.449677732907250098e-11
6.919999999999999091e+03 4.513430912243749994e-11
6.929999999999999091e+03 5.362636103780374967e-11
6.939999999999999091e+03 8.876721607424999643e-11
6.949999999999999091e+03 7.168139414060624954e-11
6.959999999999999091e+03 2.404112253007499812e-11
6.969999999999999091e+03 1.488429989024999813e-11
6.979999999999999091e+03 1.844681929020000107e-11
6.989999999999999091e+03 1.269580798320625029e-11
6.999999999999999091e+03 8.761752472703126351e-12
7.009999999999999091e+03 9.076089744741249955e-12
7.019999999999999091e+03 5.983306180661250458e-12
7.029999999999999091e+03 4.721436217605625271e-13
7.039999999999999091e+03 1.633915261365624895e-13
7.049999999999999091e+03 4.988344864794375167e-13
7.059999999999999091e+03 0.000000000000000000e+00
7.069999999999999091e+03 2.906627986744999938e-12
7.079999999999999091e+03 2.016612333750000082e-13
7.089999999999999091e+03 0.000000000000000000e+00
7.099999999999999091e+03 1.181903185427999873e-12
7.109999999999999091e+03 1.941214299437875464e-12
7.119999999999999091e+03 1.697971619007562565e-12
7.129999999999999091e+03 4.858031345343749463e-13
7.139999999999999091e+03 1.763238233474375360e-12
7.149999999999999091e+03 5.014497735336250206e-12
7.159999999999999091e+03 2.392077872362499909e-12
7.169999999999999091e+03 1.731536819971874903e-12
7.179999999999999091e+03 7.671951323820000196e-13
7.189999999999999091e+03 1.152414190608187624e-12
7.199999999999999091e+03 5.126316001222499865e-12
7.209999999999999091e+03 9.144906528765001082e-12
7.219999999999999091e+03 5.605061540715000047e-13
7.229999999999999091e+03 9.733243348394999960e-13
7.239999999999999091e+03 3.675231965816250005e-14
7.249999999999999091e+03 8.269377077500000504e-13
7.259999999999999091e+03 4.391786299617937972e-13
7.269999999999999091e+03 1.833183360288000289e-13
7.279999999999999091e+03 5.784228825484375045e-13
7.289999999999999091e+03 3.145163567542500119e-13
7.299999999999999091e+03 7.501582286388752204e-14
7.309999999999999091e+03 6.512842830138749856e-13
7.319999999999999091e+03 1.111944275741250208e-11
7.329999999999999091e+03 0.000000000000000000e+00
7.339999999999999091e+03 2.976136386230000498e-12
7.349999999999999091e+03 0.000000000000000000e+00
7.359999999999999091e+03 8.364934062725625128e-12
7.369999999999999091e+03 4.895685692712500489e-12
7.379999999999999091e+03 5.375639812182500572e-12
7.389999999999999091e+03 4.789571247785625456e-12
7.399999999999999091e+03 5.353604711000000878e-12
7.409999999999999091e+03 4.081719121515000029e-12
7.419999999999999091e+03 1.323039500859999952e-12
7.429999999999999091e+03 4.595362601331250873e-12
7.439999999999999091e+03 8.636378292871874700e-12
7.449999999999999091e+03 2.037911043957250005e-11
7.459999999999999091e+03 5.220707265637500013e-12
7.469999999999999091e+03 0.000000000000000000e+00
7.479999999999999091e+03 7.354362359137501044e-13
7.489999999999999091e+03 3.652417070845812748e-15
7.499999999999999091e+03 1.988760060612500386e-14
7.509999999999999091e+03 1.994521704643562686e-13
7.519999999999999091e+03 0.000000000000000000e+00
7.529999999999999091e+03 0.000000000000000000e+00
7.539999999999999091e+03 2.286826090290000259e-12
7.549999999999999091e+03 0.000000000000000000e+00
7.559999999999999091e+03 5.514447224015624787e-13
7.569999999999999091e+03 1.205777260187500046e-12
7.579999999999999091e+03 0.000000000000000000e+00
7.589999999999999091e+03 0.000000000000000000e+00
7.599999999999999091e+03 8.594272875234374776e-12
7.609999999999999091e+03 2.051635598776749937e-12
7.619999999999999091e+03 1.021031959383187556e-12
7.629999999999999091e+03 1.439869426271062596e-13
7.639999999999999091e+03 0.000000000000000000e+00
7.649999999999999091e+03 0.000000000000000000e+00
7.659999999999999091e+03 0.000000000000000000e+00
7.669999999999999091e+03 4.045446660937500388e-14
7.679999999999998181e+03 4.184722108000000140e-14
7.689999999999998181e+03 1.336202146439999811e-13
7.699999999999998181e+03 2.299735217587500158e-13
7.709999999999998181e+03 0.000000000000000000e+00
7.719999999999998181e+03 0.000000000000000000e+00
7.729999999999998181e+03 2.163438286240000150e-13
7.739999999999998181e+03 1.303940593296250373e-12
7.749999999999998181e+03 0.000000000000000000e+00
7.759999999999998181e+03 2.993933774413749882e-14
7.769999999999998181e+03 1.606145116975000194e-13
7.779999999999998181e+03 0.000000000000000000e+00
7.789999999999998181e+03 1.122284253609750126e-12
7.799999999999998181e+03 1.081877737457125081e-12
7.809999999999998181e+03 1.881450487494375035e-12
7.819999999999998181e+03 2.233352590785749861e-12
7.829999999999998181e+03 5.872659436297500945e-13
7.839999999999998181e+03 3.284669925880000048e-13
7.849999999999998181e+03 3.126937057601875648e-14
7.859999999999998181e+03 0.000000000000000000e+00
7.869999999999998181e+03 3.525244561348125062e-14
7.879999999999998181e+03 7.588988554560000117e-14
7.889999999999998181e+03 3.564232157158750075e-14
7.899999999999998181e+03 0.000000000000000000e+00
7.909999999999998181e+03 5.306721208761875389e-14
7.919999999999998181e+03 2.695144563720000298e-13
7.929999999999998181e+03 1.117493281408875267e-13
7.939999999999998181e+03 0.000000000000000000e+00
7.949999999999998181e+03 1.932801135054562853e-13
7.959999999999998181e+03 1.986071926125000558e-13
7.969999999999998181e+03 3.778227520593751081e-13
7.979999999999998181e+03 3.932425957346250111e-12
7.989999999999998181e+03 9.880548407449999587e-12
7.999999999999998181e+03 1.914010917706125053e-11
8.009999999999998181e+03 5.877489230622589555e-12
8.019999999999998181e+03 0.000000000000000000e+00
8.029999999999998181e+03 1.386956884398838087e-13
8.039999999999998181e+03 1.537309705801691001e-12
8.049999999999998181e+03 4.077192163658190540e-12
8.059999999999998181e+03 0.000000000000000000e+00
8.069999999999998181e+03 0.000000000000000000e+00
8.079999999999998181e+03 0.000000000000000000e+00
8.089999999999998181e+03 1.014160364853736374e-12
8.099999999999998181e+03 0.000000000000000000e+00
8.109999999999998181e+03 0.000000000000000000e+00
8.119999999999998181e+03 5.534281150203037680e-12
8.129999999999998181e+03 4.172591374374523100e-12
8.139999999999998181e+03 5.355895143205360992e-12
8.149999999999998181e+03 1.312272361381297768e-12
8.159999999999998181e+03 0.000000000000000000e+00
8.169999999999998181e+03 2.506322743956048662e-14
8.179999999999998181e+03 0.000000000000000000e+00
8.189999999999998181e+03 6.968528742123515404e-13
8.199999999999998181e+03 0.000000000000000000e+00
8.209999999999998181e+03 0.000000000000000000e+00
8.219999999999998181e+03 0.000000000000000000e+00
8.229999999999998181e+03 0.000000000000000000e+00
8.239999999999998181e+03 4.806087851355652233e-13
8.249999999999998181e+03 9.769817917155341057e-13
8.259999999999998181e+03 1.091299409020193606e-12
8.269999999999998181e+03 7.783004948660320299e-12
8.279999999999998181e+03 7.579224859491168559e-12
8.289999999999998181e+03 0.000000000000000000e+00
8.299999999999998181e+03 2.318722815908546598e-13
8.309999999999998181e+03 2.290071435429706046e-12
8.319999999999998181e+03 1.366886349069364415e-12
8.329999999999998181e+03 2.906454451347222908e-12
8.339999999999998181e+03 2.775478499629721713e-12
8.349999999999998181e+03 1.014095857937329100e-11
8.359999999999998181e+03 1.033850371355341304e-11
8.369999999999998181e+03 3.017599413729472765e-11
8.379999999999998181e+03 0.000000000000000000e+00
8.389999999999998181e+03 0.000000000000000000e+00
8.399999999999998181e+03 0.000000000000000000e+00
8.409999999999998181e+03 4.227530466427400462e-13
8.419999999999998181e+03 6.091339770563716117e-12
8.429999999999998181e+03 2.224117661280301065e-11
8.439999999999998181e+03 0.000000000000000000e+00
8.449999999999998181e+03 0.000000000000000000e+00
8.459999999999998181e+03 0.000000000000000000e+00
8.469999999999998181e+03 5.857077241607445001e-11
8.479999999999998181e+03 4.132375310767262774e-11
8.489999999999998181e+03 5.985696212017212547e-12
8.499999999999998181e+03 1.994603603515153754e-12
8.509999999999998181e+03 1.827765521264228350e-11
8.519999999999998181e+03 0.000000000000000000e+00
8.529999999999998181e+03 1.372839696974551956e-11
8.539999999999998181e+03 1.082787514742944187e-11
8.549999999999998181e+03 1.341225050673698443e-11
8.559999999999998181e+03 6.942795746480209807e-12
8.569999999999998181e+03 0.000000000000000000e+00
8.579999999999998181e+03 0.000000000000000000e+00
8.589999999999998181e+03 3.732399938549185553e-14
8.599999999999998181e+03 1.282889603902869129e-12
8.609999999999998181e+03 1.221736673614376853e-12
8.619999999999998181e+03 1.030192422433975539e-12
8.629999999999998181e+03 2.185741435147053250e-13
8.639999999999998181e+03 2.957920356696198596e-13
8.649999999999998181e+03 5.017537080568980723e-13
8.659999999999998181e+03 4.999209572130160496e-13
8.669999999999998181e+03 3.624928370924071323e-13
8.679999999999998181e+03 0.000000000000000000e+00
8.689999999999998181e+03 0.000000000000000000e+00
8.699999999999998181e+03 0.000000000000000000e+00
8.709999999999998181e+03 0.000000000000000000e+00
8.719999999999998181e+03 1.218361037143845092e-12
8.729999999999998181e+03 0.000000000000000000e+00
8.739999999999998181e+03 4.244708634837348942e-13
8.749999999999998181e+03 2.554795053656925047e-12
8.759999999999998181e+03 4.668691483819315695e-12
8.769999999999998181e+03 2.626216470012734294e-12
8.779999999999998181e+03 2.052219193937150232e-11
8.789999999999998181e+03 5.684838071228385116e-13
8.799999999999998181e+03 9.804525946443945004e-13
8.809999999999998181e+03 5.843845895999588395e-13
8.819999999999998181e+03 2.892482405170336425e-14
8.829999999999998181e+03 1.277007383618240996e-13
8.839999999999998181e+03 2.659637998384885245e-14
8.849999999999998181e+03 0.000000000000000000e+00
8.859999999999998181e+03 2.511133027161173286e-14
8.869999999999998181e+03 1.308584720862502406e-14
8.879999999999998181e+03 3.475996772618965618e-15
8.889999999999998181e+03 0.000000000000000000e+00
8.899999999999998181e+03 0.000000000000000000e+00
8.909999999999998181e+03 0.000000000000000000e+00
8.919999999999998181e+03 0.000000000000000000e+00
8.929999999999998181e+03 0.000000000000000000e+00
8.939999999999998181e+03 5.951976927532235671e-14
8.949999999999998181e+03 3.257945999887201122e-15
8.959999999999998181e+03 3.485688158501372127e-14
8.969999999999998181e+03 2.022996539906902352e-15
8.979999999999998181e+03 1.395419823828201500e-13
8.989999999999998181e+03 4.624229683811398840e-14
8.999999999999998181e+03 1.156335556876263024e-13
9.009999999999998181e+03 7.695867069435544640e-13
9.019999999999998181e+03 1.038154212161766314e-12
9.029999999999998181e+03 2.368939861367643180e-12
9.039999999999998181e+03 6.898910879184535299e-12
9.049999999999998181e+03 1.937554099211629004e-11
9.059999999999998181e+03 9.055811236282768377e-11
9.069999999999998181e+03 4.790417083687351044e-10
9.079999999999998181e+03 5.454108515660535979e-09
9.089999999999998181e+03 2.436115060604179660e-07
9.099999999999998181e+03 1.559803802040410783e-08
9.109999999999998181e+03 1.088731443116685137e-08
9.119999999999998181e+03 1.206489799249747987e-08
9.129999999999998181e+03 1.601268039921409228e-08
9.139999999999998181e+03 2.345625333820080682e-08
9.149999999999998181e+03 3.572816154807345177e-08
9.159999999999998181e+03 5.529324915374119899e-08
9.169999999999998181e+03 8.662965512693322878e-08
9.179999999999998181e+03 1.443386264198757138e-07
9.189999999999998181e+03 2.275475459058987569e-07
9.199999999999998181e+03 3.755610782564767081e-07
9.209999999999998181e+03 6.177679492174230115e-07
9.219999999999998181e+03 9.996353203539150751e-07
9.229999999999998181e+03 1.604690038660983362e-06
9.239999999999998181e+03 2.603507482171181516e-06
9.249999999999998181e+03 4.271819801566170856e-06
9.259999999999998181e+03 7.014552037619774126e-06
9.269999999999998181e+03 1.182394525286812897e-05
9.279999999999998181e+03 2.076072574550927668e-05
9.289999999999998181e+03 3.824072699581631640e-05
9.299999999999998181e+03 7.598047298424205132e-05
9.309999999999998181e+03 1.625427869438442392e-04
9.319999999999998181e+03 3.413756474875065806e-04
9.329999999999998181e+03 5.584624867959178326e-04
9.339999999999998181e+03 6.002701695987900602e-04
9.349999999999998181e+03 5.334206214888058926e-04
9.359999999999998181e+03 4.836272597493858827e-04
9.369999999999998181e+03 4.748562667349249004e-04
9.379999999999998181e+03 5.053762754042698995e-04
9.389999999999998181e+03 5.822305770066506713e-04
9.399999999999998181e+03 7.190115010452032430e-04
9.409999999999998181e+03 9.575848078833160571e-04
9.419999999999998181e+03 1.350602493182098685e-03
9.429999999999998181e+03 2.013452712695932428e-03
9.439999999999998181e+03 3.189259370638204433e-03
9.449999999999998181e+03 5.412812368012472411e-03
9.459999999999998181e+03 9.837407127205509416e-03
9.469999999999998181e+03 1.943904054895201003e-02
9.479999999999998181e+03 4.115916426301265835e-02
9.489999999999998181e+03 9.172613983735140863e-02
9.499999999999998181e+03 2.031575095786684049e-01
9.509999999999998181e+03 3.712367472047770622e-01
9.519999999999998181e+03 4.881081605338233320e-01
9.529999999999998181e+03 5.149591331817519047e-01
9.539999999999998181e+03 5.154696692980038630e-01
9.549999999999998181e+03 5.170425128782123458e-01
9.559999999999998181e+03 5.171159809966947574e-01
9.569999999999998181e+03 5.194798711050744311e-01
9.579999999999998181e+03 5.182143975889955678e-01
9.589999999999998181e+03 5.160962115406726447e-01
9.599999999999998181e+03 5.169751480690416567e-01
9.609999999999998181e+03 5.157408636315435890e-01
9.619999999999998181e+03 5.187992528532072711e-01
9.629999999999998181e+03 5.239277800138205654e-01
9.639999999999998181e+03 5.268923412147972218e-01
9.649999999999998181e+03 5.288722494135786878e-01
9.659999999999998181e+03 5.239977090162453166e-01
9.669999999999998181e+03 5.242961331427761218e-01
9.679999999999998181e+03 5.248371548303433221e-01
9.689999999999998181e+03 5.263753412272327292e-01
9.699999999999998181e+03 5.266362308249976643e-01
9.709999999999998181e+03 5.279600006379386867e-01
9.719999999999998181e+03 5.275002288195830280e-01
9.729999999999998181e+03 5.274649014464654062e-01
9.739999999999998181e+03 5.267514448159614782e-01
9.749999999999998181e+03 5.298850991866789206e-01
9.759999999999998181e+03 5.290646571947595911e-01
9.769999999999998181e+03 5.284913571761523654e-01
9.779999999999998181e+03 5.278340186571804926e-01
9.789999999999998181e+03 5.285310364957196416e-01
9.799999999999998181e+03 5.291726210508623796e-01
9.809999999999998181e+03 5.312889683022209431e-01
9.819999999999998181e+03 5.285052994305787788e-01
9.829999999999998181e+03 5.279274714606624341e-01
9.839999999999998181e+03 5.307326272468791961e-01
9.849999999999998181e+03 5.311324547261611073e-01
9.859999999999998181e+03 5.286969995327446270e-01
9.869999999999998181e+03 5.287843805951969456e-01
9.879999999999998181e+03 5.282451737676868708e-01
9.889999999999998181e+03 5.313756924564200235e-01
9.899999999999998181e+03 5.331035423859564748e-01
9.909999999999998181e+03 5.345823349713755279e-01
9.919999999999998181e+03 5.376780633008683141e-01
9.929999999999998181e+03 5.371796661244522264e-01
9.939999999999998181e+03 5.366315136776254047e-01
9.949999999999998181e+03 5.373772013468056663e-01
9.959999999999998181e+03 5.366475905723537831e-01
9.969999999999998181e+03 5.354554372593821610e-01
9.979999999999998181e+03 5.386435972791796534e-01
9.989999999999998181e+03 5.371054376304044142e-01
9.999999999999998181e+03 5.370040852513919827e-01
1.000999999999999818e+04 5.379777458687003966e-01
1.001999999999999818e+04 5.397400883970420171e-01
1.002999999999999818e+04 5.425657412317581585e-01
1.003999999999999818e+04 5.420958113547310608e-01
1.004999999999999818e+04 5.432524854914900780e-01
1.005999999999999818e+04 5.415295863670694931e-01
1.006999999999999818e+04 5.408857286868071768e-01
1.007999999999999818e+04 5.400930757885269440e-01
1.008999999999999818e+04 5.420019658170746046e-01
1.009999999999999818e+04 5.405551850906570310e-01
1.010999999999999818e+04 5.411085702354289095e-01
1.011999999999999818e+04 5.394340239396547831e-01
1.012999999999999818e+04 5.389010296475783557e-01
1.013999999999999818e+04 5.413449375249349549e-01
1.014999999999999818e+04 5.419350720188395032e-01
1.015999999999999818e+04 5.447115578296937155e-01
1.016999999999999818e+04 5.449089729019210848e-01
1.017999999999999818e+04 5.444377795290124000e-01
1.018999999999999818e+04 5.426033119544730887e-01
1.019999999999999818e+04 5.398338750819063891e-01
1.020999999999999818e+04 5.414955981168970700e-01
1.021999999999999818e+04 5.411126152545441270e-01
1.022999999999999818e+04 5.382761567337267516e-01
1.023999999999999818e+04 5.375501282854538987e-01
1.024999999999999818e+04 5.409141623895982187e-01
1.025999999999999818e+04 5.421943864322650297e-01
1.026999999999999818e+04 5.416169580473003675e-01
1.027999999999999818e+04 5.416249129635496429e-01
1.028999999999999818e+04 5.416341831640735238e-01
1.029999999999999818e+04 5.418489231513518023e-01
1.030999999999999818e+04 5.423682773882793073e-01
1.031999999999999818e+04 5.421357415316687689e-01
1.032999999999999818e+04 5.425646228218061751e-01
1.033999999999999818e+04 5.410764810747958897e-01
1.034999999999999818e+04 5.396385361662492386e-01
1.035999999999999818e+04 5.404134657302425149e-01
1.036999999999999818e+04 5.395238898380888548e-01
1.037999999999999818e+04 5.403537792202300905e-01
1.038999999999999818e+04 5.410872459044833160e-01
1.039999999999999818e+04 5.434089132863053617e-01
1.040999999999999818e+04 5.415487158170245729e-01
1.041999999999999818e+04 5.416060247545838591e-01
1.042999999999999818e+04 5.444730513841056219e-01
1.043999999999999818e+04 5.452032624527038962e-01
1.044999999999999818e+04 5.418643373401341723e-01
1.045999999999999818e+04 5.398941074371954585e-01
1.046999999999999818e+04 5.401651108150050673e-01
1.047999999999999818e+04 5.397198485711357518e-01
1.048999999999999818e+04 5.398465295142687026e-01
1.049999999999999818e+04 5.381703411471818743e-01
1.050999999999999818e+04 5.407237650663545558e-01
1.051999999999999818e+04 5.403214497542242478e-01
1.052999999999999818e+04 5.386157142054716074e-01
1.053999999999999818e+04 5.389076971316720810e-01
1.054999999999999818e+04 5.393977741564027761e-01
1.055999999999999818e+04 5.405668107506135245e-01
1.056999999999999818e+04 5.409442884672076568e-01
1.057999999999999818e+04 5.384370356472730768e-01
1.058999999999999818e+04 5.403038175189175396e-01
1.059999999999999818e+04 5.406695448967087092e-01
1.060999999999999818e+04 5.410308662522956835e-01
1.061999999999999818e+04 5.370313827235436710e-01
1.062999999999999818e+04 5.370469977605302203e-01
1.063999999999999818e+04 5.365803318825250745e-01
1.064999999999999818e+04 5.382005184594654823e-01
1.065999999999999818e+04 5.367472301419606850e-01
1.066999999999999818e+04 5.389436422144114891e-01
1.067999999999999818e+04 5.387947599762259454e-01
1.068999999999999818e+04 5.396080878154507765e-01
1.069999999999999818e+04 5.398945020403072004e-01
1.070999999999999818e+04 5.422862338819842698e-01
1.071999999999999818e+04 5.451561796358188605e-01
1.072999999999999818e+04 5.423730844709382382e-01
1.073999999999999818e+04 5.424726905021922674e-01
1.074999999999999818e+04 5.438027512798515595e-01
1.075999999999999818e+04 5.418613812666488450e-01
1.076999999999999818e+04 5.404235190109385467e-01
1.077999999999999818e+04 5.409766222044787298e-01
1.078999999999999818e+04 5.406205936161053716e-01
1.079999999999999818e+04 5.405899074005403593e-01
1.080999999999999818e+04 5.407163551688013436e-01
1.081999999999999818e+04 5.440651214584729667e-01
1.082999999999999818e+04 5.434471925215907939e-01
1.083999999999999818e+04 5.431838726204109014e-01
1.084999999999999818e+04 5.427819165767263643e-01
1.085999999999999818e+04 5.425013609661017977e-01
1.086999999999999818e+04 5.418585062418279641e-01
1.087999999999999818e+04 5.403069250605344598e-01
1.088999999999999818e+04 5.404184011076927918e-01
1.089999999999999818e+04 5.396433190540372848e-01
1.090999999999999818e+04 5.419811335096118565e-01
1.091999999999999818e+04 5.391356831965901097e-01
1.092999999999999818e+04 5.400276133366472830e-01
1.093999999999999818e+04 5.387622997774829114e-01
1.094999999999999818e+04 5.368782799863376365e-01
1.095999999999999818e+04 5.391297783105259978e-01
1.096999999999999818e+04 5.399835812290980641e-01
1.097999999999999818e+04 5.413415640665827366e-01
1.098999999999999818e+04 5.428920326281932995e-01
1.099999999999999818e+04 5.411240464775418646e-01
1.100999999999999818e+04 5.410902528195851158e-01
1.101999999999999818e+04 5.414261556333958003e-01
1.102999999999999818e+04 5.413105523027741395e-01
1.103999999999999818e+04 5.402130294035408786e-01
1.104999999999999818e+04 5.403970099874991773e-01
1.105999999999999818e+04 5.394310313077537167e-01
1.106999999999999818e+04 5.391754295376913753e-01
1.107999999999999818e+04 5.389464778718523474e-01
1.108999999999999818e+04 5.395236361242224943e-01
1.109999999999999818e+04 5.395993107938868993e-01
1.110999999999999818e+04 5.404394973749805375e-01
1.111999999999999818e+04 5.409188757884817456e-01
1.112999999999999818e+04 5.424449703446105886e-01
1.113999999999999818e+04 5.442179116408764061e-01
1.114999999999999818e+04 5.446563460637657839e-01
1.115999999999999818e+04 5.457129698704348275e-01
1.116999999999999818e+04 5.464446382908481059e-01
1.117999999999999818e+04 5.461902459879879324e-01
1.118999999999999818e+04 5.461945032363686447e-01
1.119999999999999818e+04 5.462277585685576531e-01
1.120999999999999818e+04 5.460539313800361061e-01
1.121999999999999818e+04 5.444997268067077734e-01
1.122999999999999818e+04 5.441916706311115126e-01
1.123999999999999818e+04 5.440642352379007063e-01
1.124999999999999818e+04 5.441298897648824129e-01
1.125999999999999818e+04 5.448698715662795289e-01
1.126999999999999818e+04 5.453044167691051269e-01
1.127999999999999818e+04 5.453612377783011445e-01
1.128999999999999818e+04 5.462431599118542369e-01
1.129999999999999818e+04 5.467896240839263955e-01
1.130999999999999818e+04 5.479304599646073193e-01
1.131999999999999818e+04 5.485083337698870576e-01
1.132999999999999818e+04 5.500249556096947767e-01
1.133999999999999818e+04 5.492233897020669664e-01
1.134999999999999818e+04 5.497498468851997888e-01
1.135999999999999818e+04 5.497195317987643159e-01
1.136999999999999818e+04 5.492128901398306562e-01
1.137999999999999818e+04 5.494824787084331419e-01
1.138999999999999818e+04 5.493815379066596671e-01
1.139999999999999818e+04 5.489639576129283771e-01
1.140999999999999818e+04 5.500324242945026088e-01
1.141999999999999818e+04 5.505290630658157269e-01
1.142999999999999818e+04 5.506096766118494523e-01
1.143999999999999818e+04 5.516048263988334588e-01
1.144999999999999818e+04 5.522393982852650263e-01
1.145999999999999818e+04 5.532606507013532182e-01
1.146999999999999818e+04 5.540501127476213927e-01
1.147999999999999818e+04 5.545756188654102914e-01
1.148999999999999818e+04 5.550296495548855402e-01
1.149999999999999818e+04 5.554195676318197661e-01
1.150999999999999818e+04 5.561806356741263446e-01
1.151999999999999818e+04 5.563026566468693979e-01
1.152999999999999818e+04 5.565222217407913563e-01
1.153999999999999818e+04 5.566114080618769222e-01
1.154999999999999818e+04 5.563242966447752291e-01
1.155999999999999818e+04 5.563130283144832600e-01
1.156999999999999818e+04 5.564841209440219982e-01
1.157999999999999818e+04 5.572226853901632859e-01
1.158999999999999818e+04 5.574489112094788146e-01
1.159999999999999818e+04 5.575594747244091431e-01
1.160999999999999818e+04 5.575841838292434627e-01
1.161999999999999818e+04 5.580415709015567050e-01
1.162999999999999818e+04 5.586273835381612152e-01
1.163999999999999818e+04 5.585926700397393363e-01
1.164999999999999818e+04 5.588746551127440343e-01
1.165999999999999818e+04 5.593138437298958987e-01
1.166999999999999818e+04 5.593387071994412318e-01
1.167999999999999818e+04 5.596664622638548581e-01
1.168999999999999818e+04 5.595291147968792789e-01
1.169999999999999818e+04 5.597672632728009079e-01
1.170999999999999818e+04 5.598376476556315984e-01
1.171999999999999818e+04 5.600393034826885996e-01
1.172999999999999818e+04 5.604940001019914630e-01
1.173999999999999818e+04 5.607041248350940199e-01
1.174999999999999818e+04 5.619803629489718011e-01
1.175999999999999818e+04 5.623435520775085239e-01
1.176999999999999818e+04 5.619537206481016733e-01
1.177999999999999818e+04 5.620069072900190088e-01
1.178999999999999818e+04 5.625945714771666273e-01
1.179999999999999818e+04 5.631539157046752120e-01
1.180999999999999818e+04 5.629716237334829732e-01
1.181999999999999818e+04 5.627835231917669434e-01
1.182999999999999818e+04 5.634835137550719963e-01
1.183999999999999818e+04 5.638641043840944000e-01
1.184999999999999818e+04 5.645934109529922029e-01
1.185999999999999818e+04 5.656347811603368303e-01
1.186999999999999818e+04 5.662834477367189034e-01
1.187999999999999818e+04 5.670316809602163888e-01
1.188999999999999818e+04 5.677254388791139750e-01
1.189999999999999818e+04 5.684245774558744912e-01
1.190999999999999818e+04 5.691963492157274818e-01
1.191999999999999818e+04 5.695000977686617283e-01
1.192999999999999818e+04 5.694396315005822995e-01
1.193999999999999818e+04 5.687198668500029752e-01
1.194999999999999818e+04 5.683916741564183361e-01
1.195999999999999818e+04 5.685439083068369870e-01
1.196999999999999818e+04 5.687872591172256076e-01
1.197999999999999818e+04 5.694138142787604773e-01
1.198999999999999818e+04 5.707119596745554579e-01
1.199999999999999818e+04 5.724389611821266710e-01
1.200999999999999818e+04 5.735237783298647862e-01
1.201999999999999818e+04 5.744373933326900605e-01
1.202999999999999818e+04 5.754483268588294065e-01
1.203999999999999818e+04 5.759685889083104859e-01
1.204999999999999818e+04 5.766726667732560152e-01
1.205999999999999818e+04 5.761017223663176257e-01
1.206999999999999818e+04 5.756892117984718782e-01
1.207999999999999818e+04 5.767405472771316433e-01
1.208999999999999818e+04 5.773339333290667952e-01
1.209999999999999818e+04 5.793481170051527629e-01
1.210999999999999818e+04 5.798330300432515960e-01
1.211999999999999818e+04 5.743643627618378877e-01
1.212999999999999818e+04 5.577479165734443578e-01
1.213999999999999818e+04 5.214092477495095856e-01
1.214999999999999818e+04 4.613122047493670719e-01
1.215999999999999818e+04 3.818948541306469990e-01
1.216999999999999818e+04 2.964498733171997413e-01
1.217999999999999818e+04 2.191152096015334116e-01
1.218999999999999818e+04 1.572930121286121308e-01
1.219999999999999818e+04 1.116629286725833725e-01
1.220999999999999818e+04 7.936166726577027764e-02
1.221999999999999818e+04 5.701573978980088719e-02
1.222999999999999818e+04 4.153970170092686348e-02
1.223999999999999818e+04 3.079050342488494352e-02
1.224999999999999818e+04 2.320209261136878254e-02
1.225999999999999818e+04 1.777027903881968698e-02
1.226999999999999818e+04 1.383901880333024068e-02
1.227999999999999818e+04 1.094238020122445185e-02
1.228999999999999818e+04 8.785365553179614803e-03
1.229999999999999818e+04 7.151175433032658409e-03
1.230999999999999818e+04 5.893858737450898173e-03
1.231999999999999818e+04 4.913970988111983872e-03
1.232999999999999818e+04 4.143421163069441193e-03
1.233999999999999818e+04 3.525319635528521151e-03
1.234999999999999818e+04 3.025233473827674147e-03
1.235999999999999818e+04 2.611290232844270393e-03
1.236999999999999818e+04 2.268639466480486429e-03
1.237999999999999818e+04 1.981077908360503927e-03
1.238999999999999818e+04 1.734018809065290823e-03
1.239999999999999818e+04 1.519659599538298158e-03
1.240999999999999818e+04 1.332581900569667016e-03
1.241999999999999818e+04 1.167378597667267839e-03
1.242999999999999818e+04 1.020067546067382220e-03
1.243999999999999818e+04 8.889788519971669484e-04
1.244999999999999818e+04 7.727607214696615139e-04
1.245999999999999818e+04 6.698202355881323431e-04
1.246999999999999818e+04 5.789297830043337338e-04
1.247999999999999818e+04 4.992895086303190521e-04
1.248999999999999818e+04 4.304944185872404058e-04
1.249999999999999818e+04 3.709533661111781956e-04
1.250999999999999818e+04 3.199170272955484374e-04
1.251999999999999818e+04 2.763961886143491160e-04
1.252999999999999818e+04 2.397575057343005224e-04
1.253999999999999818e+04 2.085384468565468024e-04
1.254999999999999818e+04 1.821003053550149632e-04
1.255999999999999818e+04 1.600921248089136903e-04
1.256999999999999818e+04 1.414629197788426843e-04
1.257999999999999818e+04 1.256977033413446648e-04
1.258999999999999818e+04 1.124678137578148142e-04
1.259999999999999818e+04 1.011940009083557004e-04
1.260999999999999818e+04 9.185944138783013759e-05
1.261999999999999818e+04 8.396518121522094313e-05
1.262999999999999818e+04 7.732429190529111070e-05
1.263999999999999818e+04 7.175953720537186337e-05
1.264999999999999818e+04 6.697951409296071701e-05
1.265999999999999818e+04 6.315931822545166904e-05
1.266999999999999818e+04 5.997109086907410501e-05
1.267999999999999818e+04 5.739826423133670934e-05
1.268999999999999818e+04 5.542496241150800772e-05
1.269999999999999818e+04 5.391919220824767335e-05
1.270999999999999818e+04 5.291760865249789034e-05
1.271999999999999818e+04 5.231703127969710169e-05
1.272999999999999818e+04 5.219279566705684259e-05
1.273999999999999818e+04 5.254769982990745451e-05
1.274999999999999818e+04 5.333197753879349108e-05
1.275999999999999818e+04 5.454307715206320364e-05
1.276999999999999818e+04 5.627266863267860859e-05
1.277999999999999818e+04 5.861573515556910445e-05
1.278999999999999818e+04 6.150176120687740383e-05
1.279999999999999818e+04 6.508512345800863193e-05
1.280999999999999818e+04 6.951833238063097429e-05
1.281999999999999818e+04 7.462758541004883524e-05
1.282999999999999818e+04 8.074605728554324127e-05
1.283999999999999818e+04 8.770248054632920494e-05
1.284999999999999818e+04 9.558599281594939350e-05
1.285999999999999818e+04 1.044004254605136251e-04
1.286999999999999818e+04 1.138179845443085589e-04
1.287999999999999818e+04 1.235088731500096082e-04
1.288999999999999818e+04 1.329863643449764746e-04
1.289999999999999818e+04 1.413569099969580565e-04
1.290999999999999818e+04 1.480409549119499134e-04
1.291999999999999818e+04 1.526609333793357002e-04
1.292999999999999818e+04 1.546864354177732235e-04
1.293999999999999818e+04 1.541414034902684595e-04
1.294999999999999818e+04 1.513526555774034497e-04
1.295999999999999818e+04 1.471879897068315295e-04
1.296999999999999818e+04 1.420481316684083330e-04
1.297999999999999818e+04 1.369943001526902559e-04
1.298999999999999818e+04 1.320731387141350888e-04
1.299999999999999818e+04 1.277779151253299590e-04
1.300999999999999818e+04 1.242571415838666872e-04
1.301999999999999818e+04 1.217725100549613598e-04
1.302999999999999818e+04 1.203806983736730829e-04
1.303999999999999818e+04 1.202458829733035479e-04
1.304999999999999818e+04 1.212302111350172824e-04
1.305999999999999818e+04 1.238054816676230211e-04
1.306999999999999818e+04 1.275992301074783150e-04
1.307999999999999818e+04 1.328417216922320144e-04
1.308999999999999818e+04 1.398394917273063076e-04
1.309999999999999818e+04 1.486563333920290389e-04
1.310999999999999818e+04 1.592496007505465373e-04
1.311999999999999818e+04 1.716854316321140639e-04
1.312999999999999818e+04 1.854947617408679431e-04
1.313999999999999818e+04 2.001095238668166166e-04
1.314999999999999818e+04 2.145370870697609295e-04
1.315999999999999818e+04 2.268324578856612710e-04
1.316999999999999818e+04 2.354685960995005060e-04
1.317999999999999818e+04 2.377702457608052563e-04
1.318999999999999818e+04 2.338427202076873265e-04
1.319999999999999818e+04 2.237505429910436119e-04
1.320999999999999818e+04 2.089388503658538344e-04
1.321999999999999818e+04 1.916570734790579600e-04
1.322999999999999818e+04 1.739455117358752485e-04
1.323999999999999818e+04 1.570636668695991303e-04
1.324999999999999818e+04 1.417699545447762336e-04
1.325999999999999818e+04 1.281799129825979906e-04
1.326999999999999818e+04 1.167626731720166830e-04
1.327999999999999818e+04 1.073992827610770781e-04
1.328999999999999818e+04 9.944645843360300544e-05
1.329999999999999818e+04 9.310607998204504772e-05
1.330999999999999818e+04 8.807810799036782062e-05
1.331999999999999818e+04 8.424408089296436656e-05
1.332999999999999818e+04 8.131778073283810106e-05
1.333999999999999818e+04 7.941951000179592822e-05
1.334999999999999818e+04 7.837671391151377774e-05
1.335999999999999818e+04 7.822789380410482055e-05
1.336999999999999818e+04 7.867507947041267385e-05
1.337999999999999818e+04 7.999884632989868875e-05
1.338999999999999818e+04 8.211454773266268592e-05
1.339999999999999818e+04 8.500950647148824177e-05
1.340999999999999818e+04 8.875415784291844790e-05
1.341999999999999818e+04 9.353309031985172295e-05
1.342999999999999818e+04 9.918883285437807371e-05
1.343999999999999818e+04 1.058037264518694879e-04
1.344999999999999818e+04 1.134391344408019385e-04
1.345999999999999818e+04 1.217615431694523434e-04
1.346999999999999818e+04 1.311769522498305754e-04
1.347999999999999818e+04 1.408042843956851047e-04
1.348999999999999818e+04 1.507469406248483526e-04
1.349999999999999818e+04 1.601206894742670183e-04
1.350999999999999818e+04 1.686996837095005469e-04
1.351999999999999818e+04 1.756797156620235490e-04
1.352999999999999818e+04 1.808054646551857212e-04
1.353999999999999818e+04 1.832603248472501503e-04
1.354999999999999818e+04 1.836242539554439838e-04
1.355999999999999818e+04 1.819064751066974629e-04
1.356999999999999818e+04 1.788920724155772994e-04
1.357999999999999818e+04 1.747276550935074173e-04
1.358999999999999818e+04 1.700965364997206587e-04
1.359999999999999818e+04 1.653203509224760240e-04
1.360999999999999818e+04 1.604534238836155351e-04
1.361999999999999818e+04 1.562682177765744587e-04
1.362999999999999818e+04 1.524500217604631068e-04
1.363999999999999818e+04 1.494364857776815864e-04
1.364999999999999818e+04 1.468944885648187893e-04
1.365999999999999818e+04 1.450210549449231835e-04
1.366999999999999818e+04 1.435047294871737654e-04
1.367999999999999818e+04 1.425446440298456575e-04
1.368999999999999818e+04 1.420133850616382253e-04
1.369999999999999818e+04 1.410418823600122652e-04
1.370999999999999818e+04 1.401455602770850287e-04
1.371999999999999818e+04 1.389951757688865264e-04
1.372999999999999818e+04 1.378481053407592941e-04
1.373999999999999818e+04 1.359758666391292056e-04
1.374999999999999818e+04 1.339743536910282086e-04
1.375999999999999818e+04 1.316526232176188206e-04
1.376999999999999818e+04 1.289818107127107399e-04
1.377999999999999818e+04 1.262304472243102813e-04
1.378999999999999818e+04 1.234292438991761243e-04
1.379999999999999818e+04 1.205173227828838480e-04
1.380999999999999818e+04 1.177182952976803514e-04
1.381999999999999818e+04 1.150321472341905572e-04
1.382999999999999818e+04 1.127554273762690319e-04
1.383999999999999818e+04 1.107961971352575277e-04
1.384999999999999818e+04 1.092821065687102111e-04
1.385999999999999818e+04 1.080490964146822090e-04
1.386999999999999818e+04 1.073399934522357692e-04
1.387999999999999818e+04 1.070532614520994653e-04
1.388999999999999818e+04 1.074235657784094246e-04
1.389999999999999818e+04 1.082050146870200039e-04
1.390999999999999818e+04 1.098191395151789236e-04
1.391999999999999818e+04 1.119883782791689336e-04
1.392999999999999818e+04 1.146408682253410416e-04
1.393999999999999818e+04 1.180390602427636171e-04
1.394999999999999818e+04 1.221011313692994468e-04
1.395999999999999818e+04 1.268515038292463717e-04
1.396999999999999818e+04 1.321473934859408185e-04
1.397999999999999818e+04 1.379003421673386702e-04
1.398999999999999818e+04 1.440107515413162657e-04
1.399999999999999818e+04 1.502124964049202799e-04
1.400999999999999818e+04 1.561598886916826690e-04
1.401999999999999818e+04 1.614584879093986858e-04
1.402999999999999818e+04 1.659184604835884952e-04
1.403999999999999818e+04 1.690670046842064590e-04
1.404999999999999818e+04 1.703935582357830587e-04
1.405999999999999818e+04 1.700551091684975220e-04
1.406999999999999818e+04 1.681391836058811879e-04
1.407999999999999818e+04 1.646725304371615456e-04
1.408999999999999818e+04 1.598393612400457421e-04
1.409999999999999818e+04 1.541930115625215353e-04
1.410999999999999818e+04 1.482461723232295146e-04
1.411999999999999818e+04 1.421857203903537288e-04
1.412999999999999818e+04 1.363830568025501972e-04
1.413999999999999818e+04 1.308975149200916090e-04
1.414999999999999818e+04 1.261798568381188479e-04
1.415999999999999818e+04 1.220754492297525988e-04
1.416999999999999818e+04 1.188315852561199761e-04
1.417999999999999818e+04 1.163474491658100579e-04
1.418999999999999818e+04 1.146398657667205739e-04
1.419999999999999818e+04 1.136512332635519068e-04
1.420999999999999818e+04 1.134781862395478044e-04
1.421999999999999818e+04 1.142592409912832085e-04
1.422999999999999818e+04 1.158000165133081592e-04
1.423999999999999818e+04 1.183416543695616402e-04
1.424999999999999818e+04 1.217730647532553982e-04
1.425999999999999818e+04 1.262876516928024978e-04
1.426999999999999818e+04 1.317482159326194952e-04
1.427999999999999818e+04 1.379994835790875041e-04
1.428999999999999818e+04 1.451817971496004839e-04
1.429999999999999818e+04 1.530563004268958643e-04
1.430999999999999818e+04 1.616105225196251896e-04
1.431999999999999818e+04 1.700904840134156298e-04
1.432999999999999818e+04 1.784033958181543685e-04
1.433999999999999818e+04 1.857301152537842170e-04
1.434999999999999818e+04 1.911817845449598522e-04
1.435999999999999818e+04 1.947265382173573114e-04
1.436999999999999818e+04 1.953224520883605332e-04
1.437999999999999818e+04 1.929381550252542727e-04
1.438999999999999818e+04 1.880076793657597923e-04
1.439999999999999818e+04 1.810312993071062351e-04
1.440999999999999818e+04 1.723687156256481230e-04
1.441999999999999818e+04 1.631839703929903679e-04
1.442999999999999818e+04 1.535574063461655038e-04
1.443999999999999818e+04 1.442868032986677174e-04
1.444999999999999818e+04 1.356268956903793608e-04
1.445999999999999818e+04 1.278032906696906104e-04
1.446999999999999818e+04 1.209807374217635421e-04
1.447999999999999818e+04 1.149793545413296152e-04
1.448999999999999818e+04 1.099604738984190936e-04
1.449999999999999818e+04 1.058068720137326488e-04
1.450999999999999818e+04 1.026036633581662422e-04
1.451999999999999818e+04 1.001758715862253616e-04
1.452999999999999818e+04 9.856020036425935515e-05
1.453999999999999818e+04 9.773273455024374264e-05
1.454999999999999818e+04 9.754730691402508464e-05
1.455999999999999818e+04 9.809931248670423424e-05
1.456999999999999818e+04 9.940922734157179317e-05
1.457999999999999818e+04 1.014174891543768563e-04
1.458999999999999818e+04 1.041531520171652578e-04
1.459999999999999818e+04 1.076370396642176971e-04
1.460999999999999818e+04 1.117590851613083964e-04
1.461999999999999818e+04 1.165736511159850186e-04
1.462999999999999818e+04 1.220502718158536780e-04
1.463999999999999818e+04 1.280799435137742353e-04
1.464999999999999818e+04 1.343814651814857926e-04
1.465999999999999818e+04 1.410325671298685401e-04
1.466999999999999818e+04 1.475505591208043244e-04
1.467999999999999818e+04 1.536984539569116845e-04
1.468999999999999818e+04 1.591224446845633815e-04
1.469999999999999818e+04 1.635523344336477626e-04
1.470999999999999818e+04 1.662659992915096964e-04
1.471999999999999818e+04 1.676924874211010595e-04
1.472999999999999818e+04 1.673835228670337747e-04
1.473999999999999818e+04 1.655805283568605115e-04
1.474999999999999818e+04 1.626455083132393993e-04
1.475999999999999818e+04 1.587290594145420299e-04
1.476999999999999818e+04 1.540273685382054268e-04
1.477999999999999818e+04 1.490268190654828293e-04
1.478999999999999818e+04 1.439493826966928172e-04
1.479999999999999818e+04 1.393125240277897183e-04
1.480999999999999818e+04 1.351419156921114095e-04
1.481999999999999818e+04 1.313209805996270617e-04
1.482999999999999818e+04 1.283211688863556180e-04
1.483999999999999818e+04 1.260257601519749896e-04
1.484999999999999818e+04 1.241563166197842596e-04
1.485999999999999818e+04 1.232575867079610662e-04
1.486999999999999818e+04 1.229338489791412573e-04
1.487999999999999818e+04 1.233764536052245548e-04
1.488999999999999818e+04 1.246700736533887916e-04
1.489999999999999818e+04 1.267166583942657538e-04
1.490999999999999818e+04 1.295578534209689372e-04
1.491999999999999818e+04 1.329850911780805088e-04
1.492999999999999818e+04 1.372328503866447993e-04
1.493999999999999818e+04 1.421796902678660408e-04
1.494999999999999818e+04 1.476845168095702410e-04
1.495999999999999818e+04 1.536941504982897839e-04
1.496999999999999818e+04 1.598923829747788631e-04
1.497999999999999818e+04 1.660840725256218107e-04
1.498999999999999818e+04 1.721154264066991765e-04
1.499999999999999818e+04 1.772043200206178677e-04
1.500999999999999818e+04 1.814223040442844448e-04
1.501999999999999818e+04 1.842202901745908933e-04
1.502999999999999818e+04 1.852323071677670430e-04
1.503999999999999818e+04 1.843464321787846214e-04
1.504999999999999818e+04 1.819388187786720381e-04
1.505999999999999818e+04 1.779440625726801128e-04
1.506999999999999818e+04 1.724404276043610678e-04
1.507999999999999818e+04 1.661166626320277867e-04
1.508999999999999818e+04 1.594232573695872931e-04
1.509999999999999818e+04 1.526366859876245540e-04
1.510999999999999818e+04 1.457972001562492139e-04
1.511999999999999818e+04 1.394711031895766820e-04
1.512999999999999818e+04 1.336484331114380089e-04
1.513999999999999818e+04 1.284373493374580939e-04
1.514999999999999818e+04 1.239505071747933778e-04
1.515999999999999818e+04 1.201188301327863817e-04
1.516999999999999818e+04 1.170646667083950917e-04
1.517999999999999818e+04 1.147270466107266050e-04
1.518999999999999818e+04 1.131678604976271284e-04
1.519999999999999818e+04 1.121315149060183637e-04
1.520999999999999818e+04 1.118435516188053138e-04
1.521999999999999818e+04 1.126093576146554911e-04
1.522999999999999818e+04 1.137360040580540738e-04
1.523999999999999818e+04 1.156673906137570403e-04
1.524999999999999818e+04 1.184529622124541202e-04
1.525999999999999818e+04 1.218092354854036772e-04
1.526999999999999818e+04 1.260657816260720462e-04
1.527999999999999818e+04 1.309226962889917733e-04
1.528999999999999818e+04 1.366443717397999684e-04
1.529999999999999818e+04 1.428727104528268823e-04
1.530999999999999818e+04 1.497168447158261646e-04
1.531999999999999818e+04 1.570682468243694363e-04
1.532999999999999818e+04 1.647379136454518885e-04
1.533999999999999818e+04 1.718676085822950725e-04
1.534999999999999818e+04 1.786430119216842383e-04
1.535999999999999636e+04 1.846219519116717132e-04
1.536999999999999636e+04 1.890503894861425441e-04
1.537999999999999636e+04 1.918091743338838152e-04
1.538999999999999636e+04 1.929660210790933408e-04
1.539999999999999636e+04 1.916582028760059121e-04
1.540999999999999636e+04 1.891538121546269531e-04
1.541999999999999636e+04 1.845210060803168504e-04
1.542999999999999636e+04 1.790490782260839217e-04
1.543999999999999636e+04 1.728383911896636167e-04
1.544999999999999636e+04 1.663158597410642253e-04
1.545999999999999636e+04 1.597827186300113968e-04
1.546999999999999636e+04 1.535259560265400018e-04
1.547999999999999636e+04 1.474542748798451648e-04
1.548999999999999636e+04 1.423523120708920992e-04
1.549999999999999636e+04 1.377542096657335285e-04
1.550999999999999636e+04 1.340335533719493196e-04
1.551999999999999636e+04 1.309034688609112809e-04
1.552999999999999636e+04 1.288978467568235625e-04
1.553999999999999636e+04 1.275078980834401185e-04
1.554999999999999636e+04 1.268443368319146895e-04
1.555999999999999636e+04 1.270335650795987562e-04
1.556999999999999636e+04 1.282684263452548215e-04
1.557999999999999636e+04 1.303301259639779439e-04
1.558999999999999636e+04 1.332494075082704796e-04
1.559999999999999636e+04 1.370111367248849198e-04
1.560999999999999636e+04 1.416520758189632819e-04
1.561999999999999636e+04 1.471344483543507344e-04
1.562999999999999636e+04 1.535593983571183674e-04
1.563999999999999636e+04 1.606749145627002029e-04
1.564999999999999636e+04 1.683704058535008064e-04
1.565999999999999636e+04 1.763401363514649316e-04
1.566999999999999636e+04 1.839421377524714661e-04
1.567999999999999636e+04 1.908165475269088052e-04
1.568999999999999636e+04 1.964416648857473689e-04
1.569999999999999636e+04 1.998784441740627236e-04
1.570999999999999636e+04 2.006932893895241419e-04
1.571999999999999636e+04 1.984661844771421196e-04
1.572999999999999636e+04 1.932010746932813407e-04
1.573999999999999636e+04 1.853252430793226940e-04
1.574999999999999636e+04 1.753138578812994935e-04
1.575999999999999636e+04 1.639998951558009784e-04
1.576999999999999636e+04 1.522626587621690416e-04
1.577999999999999636e+04 1.406021648511430783e-04
1.578999999999999636e+04 1.292163051728677475e-04
1.579999999999999636e+04 1.187574554165511518e-04
1.580999999999999636e+04 1.093100524714588951e-04
1.581999999999999636e+04 1.007178510428553738e-04
1.582999999999999636e+04 9.313342840985222115e-05
1.583999999999999636e+04 8.669851961380535467e-05
1.584999999999999636e+04 8.107075379919767078e-05
1.585999999999999636e+04 7.627900541207143187e-05
1.586999999999999636e+04 7.214234586921948304e-05
1.587999999999999636e+04 6.866390262534536042e-05
1.588999999999999636e+04 6.580711641056467506e-05
1.589999999999999636e+04 6.338099490187942028e-05
1.590999999999999636e+04 6.157142114822834885e-05
1.591999999999999636e+04 6.018057092872698027e-05
1.592999999999999636e+04 5.921605408513447305e-05
1.593999999999999636e+04 5.868951057524110303e-05
1.594999999999999636e+04 5.852418188585749439e-05
1.595999999999999636e+04 5.878682763695316875e-05
1.596999999999999636e+04 5.948313704095202465e-05
1.597999999999999636e+04 6.064701680042662731e-05
1.598999999999999636e+04 6.228069801580060280e-05
1.599999999999999636e+04 6.439000528194351437e-05
1.600999999999999636e+04 6.702830910327914186e-05
1.601999999999999636e+04 7.032015021004251528e-05
1.602999999999999636e+04 7.433821664897594572e-05
1.603999999999999636e+04 7.930558581814655631e-05
1.604999999999999636e+04 8.513267494917007856e-05
1.605999999999999636e+04 9.215938024463689391e-05
1.606999999999999636e+04 1.003761009560041520e-04
1.607999999999999636e+04 1.102928522269413408e-04
1.608999999999999636e+04 1.219756534910555230e-04
1.609999999999999636e+04 1.356349609685200729e-04
1.610999999999999636e+04 1.514825727709572477e-04
1.611999999999999636e+04 1.695072871967565585e-04
1.612999999999999636e+04 1.895328880817466379e-04
1.613999999999999636e+04 2.109720084107847627e-04
1.614999999999999636e+04 2.324034483165236928e-04
1.615999999999999636e+04 2.520824384887544105e-04
1.616999999999999636e+04 2.673182089082589146e-04
1.617999999999999636e+04 2.756548180823648313e-04
1.618999999999999636e+04 2.758881347898175574e-04
1.619999999999999636e+04 2.683682636323091284e-04
1.620999999999999636e+04 2.543251827447416636e-04
1.621999999999999636e+04 2.357540021933211469e-04
1.622999999999999636e+04 2.155712959129592972e-04
1.623999999999999636e+04 1.959327384318389036e-04
1.624999999999999636e+04 1.771410556381630122e-04
1.625999999999999636e+04 1.601800174067358304e-04
1.626999999999999636e+04 1.451710270645157046e-04
1.627999999999999636e+04 1.322730175036784101e-04
1.628999999999999636e+04 1.213101804397067983e-04
1.629999999999999636e+04 1.118467679936708956e-04
1.630999999999999636e+04 1.039914645450537518e-04
1.631999999999999636e+04 9.736685418851086053e-05
1.632999999999999636e+04 9.171233325727449722e-05
1.633999999999999636e+04 8.707987810118682627e-05
1.634999999999999636e+04 8.329977727428706483e-05
1.635999999999999636e+04 8.023433998325260141e-05
1.636999999999999636e+04 7.779133896354485569e-05
1.637999999999999636e+04 7.598977802028084386e-05
1.638999999999999636e+04 7.467182731864255231e-05
1.639999999999999636e+04 7.384571092334111966e-05
1.640999999999999636e+04 7.349677707277467323e-05
1.641999999999999636e+04 7.353860006717067590e-05
1.642999999999999636e+04 7.405243875546567694e-05
1.643999999999999636e+04 7.499846036255688889e-05
1.644999999999999636e+04 7.639383360816872498e-05
1.645999999999999636e+04 7.807744927786208354e-05
1.646999999999999636e+04 8.020701669871569274e-05
1.647999999999999636e+04 8.285769143421875516e-05
1.648999999999999636e+04 8.585605469781305062e-05
1.649999999999999636e+04 8.931799610371051422e-05
1.650999999999999636e+04 9.322689705769627796e-05
1.651999999999999636e+04 9.747324638014938922e-05
1.652999999999999636e+04 1.020045806098482123e-04
1.653999999999999636e+04 1.071420476396367949e-04
1.654999999999999636e+04 1.123925072451691847e-04
1.655999999999999636e+04 1.176587974173257784e-04
1.656999999999999636e+04 1.229983337690743130e-04
1.657999999999999636e+04 1.282770607041199722e-04
1.658999999999999636e+04 1.331584056968806052e-04
1.659999999999999636e+04 1.374653237877456109e-04
1.660999999999999636e+04 1.411277436134350213e-04
1.661999999999999636e+04 1.438653955973288672e-04
1.662999999999999636e+04 1.454835381939736699e-04
1.663999999999999636e+04 1.462004557465403629e-04
1.664999999999999636e+04 1.458637079327410296e-04
1.665999999999999636e+04 1.445539950866408640e-04
1.666999999999999636e+04 1.424828453774606431e-04
1.667999999999999636e+04 1.398079794350133294e-04
1.668999999999999636e+04 1.366401874052375072e-04
1.669999999999999636e+04 1.331653696495494984e-04
1.670999999999999636e+04 1.294801545262178988e-04
1.671999999999999636e+04 1.258851398581856660e-04
1.672999999999999636e+04 1.224497485803909588e-04
1.673999999999999636e+04 1.191751784891007746e-04
1.674999999999999636e+04 1.161392469252926795e-04
1.675999999999999636e+04 1.135122979119479523e-04
1.676999999999999636e+04 1.111240871101196702e-04
1.677999999999999636e+04 1.092147255166609648e-04
1.678999999999999636e+04 1.076197463798880848e-04
1.679999999999999636e+04 1.064490743731478145e-04
1.680999999999999636e+04 1.056796105301395218e-04
1.681999999999999636e+04 1.053025824226194940e-04
1.682999999999999636e+04 1.053693518343431812e-04
1.683999999999999636e+04 1.058261656180138502e-04
1.684999999999999636e+04 1.067424010709686749e-04
1.685999999999999636e+04 1.080227937831317714e-04
1.686999999999999636e+04 1.096407874750122822e-04
1.687999999999999636e+04 1.117304054159189104e-04
1.688999999999999636e+04 1.143650262481368904e-04
1.689999999999999636e+04 1.173532417965033920e-04
1.690999999999999636e+04 1.206675492200228020e-04
1.691999999999999636e+04 1.243875591865520975e-04
1.692999999999999636e+04 1.287102774780676286e-04
1.693999999999999636e+04 1.330901252274814214e-04
1.694999999999999636e+04 1.378458612515060043e-04
1.695999999999999636e+04 1.430048012327898204e-04
1.696999999999999636e+04 1.481618428532077258e-04
1.697999999999999636e+04 1.535826810287889259e-04
1.698999999999999636e+04 1.590263859485125883e-04
1.699999999999999636e+04 1.639783564742542570e-04
1.700999999999999636e+04 1.687897277216150369e-04
1.701999999999999636e+04 1.729314967021036839e-04
1.702999999999999636e+04 1.763953949730841676e-04
1.703999999999999636e+04 1.792055126191627378e-04
1.704999999999999636e+04 1.810458352393358775e-04
1.705999999999999636e+04 1.819385307711936575e-04
1.706999999999999636e+04 1.819108934307228480e-04
1.707999999999999636e+04 1.810380881417604482e-04
1.708999999999999636e+04 1.792359823189348001e-04
1.709999999999999636e+04 1.765339375506049533e-04
1.710999999999999636e+04 1.734255621839862402e-04
1.711999999999999636e+04 1.699764218828445637e-04
1.712999999999999636e+04 1.659086871590477463e-04
1.713999999999999636e+04 1.617659287244818612e-04
1.714999999999999636e+04 1.579130254215389828e-04
1.715999999999999636e+04 1.538992404200510396e-04
1.716999999999999636e+04 1.500620735692210150e-04
1.717999999999999636e+04 1.464388739951563950e-04
1.718999999999999636e+04 1.430815316956813329e-04
1.719999999999999636e+04 1.399327667672577071e-04
1.720999999999999636e+04 1.373324957739674446e-04
1.721999999999999636e+04 1.348332405723323745e-04
1.722999999999999636e+04 1.327242963551781348e-04
1.723999999999999636e+04 1.309347858100867094e-04
1.724999999999999636e+04 1.295047416512813351e-04
1.725999999999999636e+04 1.284698462461848951e-04
1.726999999999999636e+04 1.277215364482672290e-04
1.727999999999999636e+04 1.271298494671474976e-04
1.728999999999999636e+04 1.268526195015008229e-04
1.729999999999999636e+04 1.269431055077247840e-04
1.730999999999999636e+04 1.272666645348608254e-04
1.731999999999999636e+04 1.278195134464718801e-04
1.732999999999999636e+04 1.284417812189522388e-04
1.733999999999999636e+04 1.292905599970640778e-04
1.734999999999999636e+04 1.302006603810789971e-04
1.735999999999999636e+04 1.314681219605962265e-04
1.736999999999999636e+04 1.325245135777813432e-04
1.737999999999999636e+04 1.338659577011147214e-04
1.738999999999999636e+04 1.350814120999749160e-04
1.739999999999999636e+04 1.361170768209143467e-04
1.740999999999999636e+04 1.370663748060833647e-04
1.741999999999999636e+04 1.379712289071732703e-04
1.742999999999999636e+04 1.384656073540271751e-04
1.743999999999999636e+04 1.388976169317294117e-04
1.744999999999999636e+04 1.390408198505888092e-04
1.745999999999999636e+04 1.387404968686185857e-04
1.746999999999999636e+04 1.383700988766017491e-04
1.747999999999999636e+04 1.377510481445182145e-04
1.748999999999999636e+04 1.366255798722641388e-04
1.749999999999999636e+04 1.352804792358843129e-04
1.750999999999999636e+04 1.334926778753091911e-04
1.751999999999999636e+04 1.318311591673610188e-04
1.752999999999999636e+04 1.299458789266220114e-04
1.753999999999999636e+04 1.279436690895233337e-04
1.754999999999999636e+04 1.256352670863822524e-04
1.755999999999999636e+04 1.234479599057950946e-04
1.756999999999999636e+04 1.213223493531971565e-04
1.757999999999999636e+04 1.190081640335305700e-04
1.758999999999999636e+04 1.169567577391849385e-04
1.759999999999999636e+04 1.148536685757173644e-04
1.760999999999999636e+04 1.129992170132605587e-04
1.761999999999999636e+04 1.113020637844916851e-04
1.762999999999999636e+04 1.096405954740890787e-04
1.763999999999999636e+04 1.080528094738265524e-04
1.764999999999999636e+04 1.068273198532935082e-04
1.765999999999999636e+04 1.056124865392712379e-04
1.766999999999999636e+04 1.048719766775311064e-04
1.767999999999999636e+04 1.040955279197988443e-04
1.768999999999999636e+04 1.035795179687585204e-04
1.769999999999999636e+04 1.031118597154914197e-04
1.770999999999999636e+04 1.030647711168523797e-04
1.771999999999999636e+04 1.030686070474246804e-04
1.772999999999999636e+04 1.033901498662117912e-04
1.773999999999999636e+04 1.040129246996467484e-04
1.774999999999999636e+04 1.045987660736932275e-04
1.775999999999999636e+04 1.054820307453539394e-04
1.776999999999999636e+04 1.064408054931507264e-04
1.777999999999999636e+04 1.075400594774046946e-04
1.778999999999999636e+04 1.090237381973838522e-04
1.779999999999999636e+04 1.107151762218112721e-04
1.780999999999999636e+04 1.123805302955956754e-04
1.781999999999999636e+04 1.144042649213381332e-04
1.782999999999999636e+04 1.162996018097491757e-04
1.783999999999999636e+04 1.183370925619215222e-04
1.784999999999999636e+04 1.208053143078883026e-04
1.785999999999999636e+04 1.232128622564217658e-04
1.786999999999999636e+04 1.258728034441311484e-04
1.787999999999999636e+04 1.283975895925047121e-04
1.788999999999999636e+04 1.308061185849545129e-04
1.789999999999999636e+04 1.334094320091225088e-04
1.790999999999999636e+04 1.361249286417967066e-04
1.791999999999999636e+04 1.386532920148109886e-04
1.792999999999999636e+04 1.410149141468683258e-04
1.793999999999999636e+04 1.433455969898605044e-04
1.794999999999999636e+04 1.457341888834289283e-04
1.795999999999999636e+04 1.476804352005784240e-04
1.796999999999999636e+04 1.497295513374145544e-04
1.797999999999999636e+04 1.513133602811972975e-04
1.798999999999999636e+04 1.527726150116774293e-04
1.799999999999999636e+04 1.540809551792751816e-04
1.800999999999999636e+04 1.552378669252933707e-04
1.801999999999999636e+04 1.563239828262029776e-04
1.802999999999999636e+04 1.572720468025630674e-04
1.803999999999999636e+04 1.577878369821867906e-04
1.804999999999999636e+04 1.581254077719541234e-04
1.805999999999999636e+04 1.585754315307408475e-04
1.806999999999999636e+04 1.589332646098574539e-04
1.807999999999999636e+04 1.591943828869791828e-04
1.808999999999999636e+04 1.592867620760873132e-04
1.809999999999999636e+04 1.593934999786967600e-04
1.810999999999999636e+04 1.595016886483105933e-04
1.811999999999999636e+04 1.598583053901308810e-04
1.812999999999999636e+04 1.599731004937671110e-04
1.813999999999999636e+04 1.601317312617471619e-04
1.814999999999999636e+04 1.604527603095450060e-04
1.815999999999999636e+04 1.606719379973367112e-04
1.816999999999999636e+04 1.611330059208955728e-04
1.817999999999999636e+04 1.617954291568137696e-04
1.818999999999999636e+04 1.620744887309306514e-04
1.819999999999999636e+04 1.626651355374855474e-04
1.820999999999999636e+04 1.631051908915395049e-04
1.821999999999999636e+04 1.638421230549719817e-04
1.822999999999999636e+04 1.645718893382454285e-04
1.823999999999999636e+04 1.651427530356859574e-04
1.824999999999999636e+04 1.655922207720315930e-04
1.825999999999999636e+04 1.662086667627489002e-04
1.826999999999999636e+04 1.665954786851165151e-04
1.827999999999999636e+04 1.667369854723018633e-04
1.828999999999999636e+04 1.667871845149923701e-04
1.829999999999999636e+04 1.667266450096812074e-04
1.830999999999999636e+04 1.662588723485022922e-04
1.831999999999999636e+04 1.656462766189990615e-04
1.832999999999999636e+04 1.648412522797517929e-04
1.833999999999999636e+04 1.635675753757737333e-04
1.834999999999999636e+04 1.622393255454797909e-04
1.835999999999999636e+04 1.603818819316590448e-04
1.836999999999999636e+04 1.582044099769495298e-04
1.837999999999999636e+04 1.557957358958555051e-04
1.838999999999999636e+04 1.530816291657169825e-04
1.839999999999999636e+04 1.503634279618347360e-04
1.840999999999999636e+04 1.474470076819849984e-04
1.841999999999999636e+04 1.441626826204350645e-04
1.842999999999999636e+04 1.408155653686641022e-04
1.843999999999999636e+04 1.375303089980558678e-04
1.844999999999999636e+04 1.340824192245807986e-04
1.845999999999999636e+04 1.305672492246646402e-04
1.846999999999999636e+04 1.271658187046129671e-04
1.847999999999999636e+04 1.239679805260513043e-04
1.848999999999999636e+04 1.206211403696027916e-04
1.849999999999999636e+04 1.175023000937076156e-04
1.850999999999999636e+04 1.144328128466426473e-04
1.851999999999999636e+04 1.116285427079832446e-04
1.852999999999999636e+04 1.087603324580956895e-04
1.853999999999999636e+04 1.061493886532314542e-04
1.854999999999999636e+04 1.038252196210476692e-04
1.855999999999999636e+04 1.015727554139622143e-04
1.856999999999999636e+04 9.948499057469166115e-05
1.857999999999999636e+04 9.759770883419702106e-05
1.858999999999999636e+04 9.591680654878128882e-05
1.859999999999999636e+04 9.443303922077508753e-05
1.860999999999999636e+04 9.303241944472587287e-05
1.861999999999999636e+04 9.189840021745331457e-05
1.862999999999999636e+04 9.108319415624976142e-05
1.863999999999999636e+04 9.028833990820767335e-05
1.864999999999999636e+04 8.961078200439323810e-05
1.865999999999999636e+04 8.919334732773608239e-05
1.866999999999999636e+04 8.871920306760575591e-05
1.867999999999999636e+04 8.856489255325062954e-05
1.868999999999999636e+04 8.863168747832677447e-05
1.869999999999999636e+04 8.881035371342107306e-05
1.870999999999999636e+04 8.914223384800700671e-05
1.871999999999999636e+04 8.976030405164968330e-05
1.872999999999999636e+04 9.034799780850183328e-05
1.873999999999999636e+04 9.118664737323697118e-05
1.874999999999999636e+04 9.231154798718751878e-05
1.875999999999999636e+04 9.369055332745384896e-05
1.876999999999999636e+04 9.500073470292491411e-05
1.877999999999999636e+04 9.668252433614905059e-05
1.878999999999999636e+04 9.855294221587301905e-05
1.879999999999999636e+04 1.005065285505409299e-04
1.880999999999999636e+04 1.025929126446182134e-04
1.881999999999999636e+04 1.048757952779262917e-04
1.882999999999999636e+04 1.073366204292095036e-04
1.883999999999999636e+04 1.101135175154970979e-04
1.884999999999999636e+04 1.131372293247630479e-04
1.885999999999999636e+04 1.162419010526429404e-04
1.886999999999999636e+04 1.193337799179622615e-04
1.887999999999999636e+04 1.226861686726581405e-04
1.888999999999999636e+04 1.261192923844168113e-04
1.889999999999999636e+04 1.295197666223903295e-04
1.890999999999999636e+04 1.331560825316434359e-04
1.891999999999999636e+04 1.368518336741281389e-04
1.892999999999999636e+04 1.403093242895932810e-04
1.893999999999999636e+04 1.439615017217249428e-04
1.894999999999999636e+04 1.472120004404325476e-04
1.895999999999999636e+04 1.505957026211764138e-04
1.896999999999999636e+04 1.535149940585986135e-04
1.897999999999999636e+04 1.561208625339490928e-04
1.898999999999999636e+04 1.583805889521740966e-04
1.899999999999999636e+04 1.604919755459236570e-04
1.900999999999999636e+04 1.619777023138051187e-04
1.901999999999999636e+04 1.632560906887441901e-04
1.902999999999999636e+04 1.643791127460523009e-04
1.903999999999999636e+04 1.643804802619922793e-04
1.904999999999999636e+04 1.641390820723859917e-04
1.905999999999999636e+04 1.637567616962707902e-04
1.906999999999999636e+04 1.627750257862630031e-04
1.907999999999999636e+04 1.612569220451327660e-04
1.908999999999999636e+04 1.595451597042083587e-04
1.909999999999999636e+04 1.576745452535683787e-04
1.910999999999999636e+04 1.552145399021409610e-04
1.911999999999999636e+04 1.527599909245087677e-04
1.912999999999999636e+04 1.501239315895179559e-04
1.913999999999999636e+04 1.474571483853990552e-04
1.914999999999999636e+04 1.445355925550690832e-04
1.915999999999999636e+04 1.415424078468482071e-04
1.916999999999999636e+04 1.388446865505254700e-04
1.917999999999999636e+04 1.362203628014052039e-04
1.918999999999999636e+04 1.333258962929751703e-04
1.919999999999999636e+04 1.305554890566702417e-04
1.920999999999999636e+04 1.282053567221805182e-04
1.921999999999999636e+04 1.257725756499528504e-04
1.922999999999999636e+04 1.232496834340745498e-04
1.923999999999999636e+04 1.212063862503963364e-04
1.924999999999999636e+04 1.190923319090498092e-04
1.925999999999999636e+04 1.172073942347442738e-04
1.926999999999999636e+04 1.154610977850151904e-04
1.927999999999999636e+04 1.139104607378519762e-04
1.928999999999999636e+04 1.126034417941388895e-04
1.929999999999999636e+04 1.113462163182827317e-04
1.930999999999999636e+04 1.101571685525529193e-04
1.931999999999999636e+04 1.090848322442074291e-04
1.932999999999999636e+04 1.082386402728164986e-04
1.933999999999999636e+04 1.075153415170963849e-04
1.934999999999999636e+04 1.069668567143792397e-04
1.935999999999999636e+04 1.064670292609177268e-04
1.936999999999999636e+04 1.061796841785724808e-04
1.937999999999999636e+04 1.060877254416077616e-04
1.938999999999999636e+04 1.062359965636580812e-04
1.939999999999999636e+04 1.063207215687965738e-04
1.940999999999999636e+04 1.063273814849749981e-04
1.941999999999999636e+04 1.068341721435120515e-04
1.942999999999999636e+04 1.072402812012023752e-04
1.943999999999999636e+04 1.077609360700199298e-04
1.944999999999999636e+04 1.084698067006764681e-04
1.945999999999999636e+04 1.093576193639890818e-04
1.946999999999999636e+04 1.103203095166841612e-04
1.947999999999999636e+04 1.115009800475012287e-04
1.948999999999999636e+04 1.127050221717140895e-04
1.949999999999999636e+04 1.139520239438532301e-04
1.950999999999999636e+04 1.152882439914190401e-04
1.951999999999999636e+04 1.167865950369000456e-04
1.952999999999999636e+04 1.184173895580200529e-04
1.953999999999999636e+04 1.201155252294943077e-04
1.954999999999999636e+04 1.219069271473632995e-04
1.955999999999999636e+04 1.238980542597732139e-04
1.956999999999999636e+04 1.259568843777193704e-04
1.957999999999999636e+04 1.279633068803612186e-04
1.958999999999999636e+04 1.299845384130661192e-04
1.959999999999999636e+04 1.320100178166770937e-04
1.960999999999999636e+04 1.343104167935513932e-04
1.961999999999999636e+04 1.362395035978270625e-04
1.962999999999999636e+04 1.384365038032099528e-04
1.963999999999999636e+04 1.406130067602981220e-04
1.964999999999999636e+04 1.429038634269517050e-04
1.965999999999999636e+04 1.445736982815188970e-04
1.966999999999999636e+04 1.467253371451845479e-04
1.967999999999999636e+04 1.484290306813368637e-04
1.968999999999999636e+04 1.498613234364106503e-04
1.969999999999999636e+04 1.515817597600502807e-04
1.970999999999999636e+04 1.528789990972836737e-04
1.971999999999999636e+04 1.541711404811608142e-04
1.972999999999999636e+04 1.552106213769186417e-04
1.973999999999999636e+04 1.559382175123986329e-04
1.974999999999999636e+04 1.564055748417958588e-04
1.975999999999999636e+04 1.567875790791336318e-04
1.976999999999999636e+04 1.568871026013214588e-04
1.977999999999999636e+04 1.565863387245409100e-04
1.978999999999999636e+04 1.561543027196212168e-04
1.979999999999999636e+04 1.553971479986840441e-04
1.980999999999999636e+04 1.545705395835834137e-04
1.981999999999999636e+04 1.537468209731895105e-04
1.982999999999999636e+04 1.525962460201301990e-04
1.983999999999999636e+04 1.510833347752840901e-04
1.984999999999999636e+04 1.495451868782978898e-04
1.985999999999999636e+04 1.478568250436452483e-04
1.986999999999999636e+04 1.461076884960404011e-04
1.987999999999999636e+04 1.441303226058196800e-04
1.988999999999999636e+04 1.422544212230008665e-04
1.989999999999999636e+04 1.404970996081814647e-04
1.990999999999999636e+04 1.385747111026909507e-04
1.991999999999999636e+04 1.365122518473695752e-04
1.992999999999999636e+04 1.347212839516051758e-04
1.993999999999999636e+04 1.328522539347214300e-04
1.994999999999999636e+04 1.310429316960227920e-04
1.995999999999999636e+04 1.293609991067099028e-04
1.996999999999999636e+04 1.277440082603625837e-04
1.997999999999999636e+04 1.261724956685824294e-04
1.998999999999999636e+04 1.247788190971972177e-04
1.999999999999999636e+04 1.233759295608777111e-04
2.000999999999999636e+04 1.221500333260438977e-04
2.001999999999999636e+04 1.211575969008751549e-04
2.002999999999999636e+04 1.200525319045895012e-04
2.003999999999999636e+04 1.194316946135176534e-04
2.004999999999999636e+04 1.186878250161182313e-04
2.005999999999999636e+04 1.182192094229540634e-04
2.006999999999999636e+04 1.178965320427601471e-04
2.007999999999999636e+04 1.176327832359361653e-04
2.008999999999999636e+04 1.174416804164185368e-04
2.009999999999999636e+04 1.175972641087300903e-04
2.010999999999999636e+04 1.178281595002483200e-04
2.011999999999999636e+04 1.181483188685115727e-04
2.012999999999999636e+04 1.187796254929601703e-04
2.013999999999999636e+04 1.195694528388550301e-04
2.014999999999999636e+04 1.204256317240277435e-04
2.015999999999999636e+04 1.216546691568972895e-04
2.016999999999999636e+04 1.229945819653923756e-04
2.017999999999999636e+04 1.243139330102571618e-04
2.018999999999999636e+04 1.260037167174694374e-04
2.019999999999999636e+04 1.276441110311653270e-04
2.020999999999999636e+04 1.297231226556804168e-04
2.021999999999999636e+04 1.320141107867754378e-04
2.022999999999999636e+04 1.343303842669807261e-04
2.023999999999999636e+04 1.368053011279454301e-04
2.024999999999999636e+04 1.394778477755092649e-04
2.025999999999999636e+04 1.422675923064795100e-04
2.026999999999999636e+04 1.451106153844766917e-04
2.027999999999999636e+04 1.482263512854594886e-04
2.028999999999999636e+04 1.514113331833104271e-04
2.029999999999999636e+04 1.545055464066187752e-04
2.030999999999999636e+04 1.575956051371122789e-04
2.031999999999999636e+04 1.604030923957533634e-04
2.032999999999999636e+04 1.632245102613027012e-04
2.033999999999999636e+04 1.658901883827801588e-04
2.034999999999999636e+04 1.683060435060551065e-04
2.035999999999999636e+04 1.703448768107834917e-04
2.036999999999999636e+04 1.718957828657920021e-04
2.037999999999999636e+04 1.729902382540963383e-04
2.038999999999999636e+04 1.734088274356158238e-04
2.039999999999999636e+04 1.730442141165406246e-04
2.040999999999999636e+04 1.720887175992466360e-04
2.041999999999999636e+04 1.704789149394240046e-04
2.042999999999999636e+04 1.681393311588965398e-04
2.043999999999999636e+04 1.650133518179107558e-04
2.044999999999999636e+04 1.613811919237402657e-04
2.045999999999999636e+04 1.571349475904843408e-04
2.046999999999999636e+04 1.524804939176998750e-04
2.047999999999999636e+04 1.475512133507937077e-04
2.048999999999999636e+04 1.422522297127008122e-04
2.049999999999999636e+04 1.366140268667486975e-04
2.050999999999999636e+04 1.310912862964271400e-04
2.051999999999999636e+04 1.253354501597774744e-04
2.052999999999999636e+04 1.196672628257757149e-04
2.053999999999999636e+04 1.142986682564196783e-04
2.054999999999999636e+04 1.089356327612992897e-04
2.055999999999999636e+04 1.036194097377537206e-04
2.056999999999999636e+04 9.864251728116188314e-05
2.057999999999999636e+04 9.385505965664484669e-05
2.058999999999999636e+04 8.932054457896763293e-05
2.059999999999999636e+04 8.505722280725185134e-05
2.060999999999999636e+04 8.114529564098685343e-05
2.061999999999999636e+04 7.719317070577994683e-05
2.062999999999999636e+04 7.375793159713861611e-05
2.063999999999999636e+04 7.041764262606767548e-05
2.064999999999999636e+04 6.742242167923080513e-05
2.065999999999999636e+04 6.456438110668455464e-05
2.066999999999999636e+04 6.201102259888595131e-05
2.067999999999999636e+04 5.955051351055039039e-05
2.068999999999999636e+04 5.718713842468462421e-05
2.069999999999999636e+04 5.510317636974434091e-05
2.070999999999999636e+04 5.322378774927943081e-05
2.071999999999999636e+04 5.146366998711960825e-05
2.072999999999999636e+04 4.972042017049156469e-05
2.073999999999999636e+04 4.820387194261937705e-05
2.074999999999999636e+04 4.686859075646348838e-05
2.075999999999999636e+04 4.555215174339939449e-05
2.076999999999999636e+04 4.439285483686532024e-05
2.077999999999999636e+04 4.331580867730871852e-05
2.078999999999999636e+04 4.231965949825181879e-05
2.079999999999999636e+04 4.145419027914231622e-05
2.080999999999999636e+04 4.069723372113341657e-05
2.081999999999999636e+04 3.995223045309578114e-05
2.082999999999999636e+04 3.930904510806672905e-05
2.083999999999999636e+04 3.871253774516877211e-05
2.084999999999999636e+04 3.826270198597904421e-05
2.085999999999999636e+04 3.781251131397012370e-05
2.086999999999999636e+04 3.742002140581096592e-05
2.087999999999999636e+04 3.720020633488794668e-05
2.088999999999999636e+04 3.696959523483103369e-05
2.089999999999999636e+04 3.672947959711128575e-05
2.090999999999999636e+04 3.659259335000779686e-05
2.091999999999999636e+04 3.654850248287842937e-05
2.092999999999999636e+04 3.656438345511125516e-05
2.093999999999999636e+04 3.660794403965141405e-05
2.094999999999999636e+04 3.681728855315823860e-05
2.095999999999999636e+04 3.691971043536959411e-05
2.096999999999999636e+04 3.722449185549300848e-05
2.097999999999999636e+04 3.747682714475542406e-05
2.098999999999999636e+04 3.813518620847383819e-05
2.099999999999999636e+04 0.000000000000000000e+00
