3.649999999999999545e+03 0.000000000000000000e+00
3.659999999999999545e+03 1.761626123766250361e-17
3.669999999999999545e+03 6.749831570728750576e-17
3.679999999999999545e+03 8.940584209943750129e-16
3.689999999999999545e+03 6.344148957300000237e-15
3.699999999999999545e+03 4.025705329624999729e-15
3.709999999999999545e+03 1.079012542713000075e-13
3.719999999999999545e+03 2.078640311160000055e-14
3.729999999999999545e+03 4.202961585025000385e-13
3.739999999999999545e+03 3.816311436308436982e-13
3.749999999999999545e+03 5.353620756552249488e-12
3.759999999999999545e+03 1.822172081843749970e-13
3.769999999999999545e+03 0.000000000000000000e+00
3.779999999999999545e+03 0.000000000000000000e+00
3.789999999999999545e+03 0.000000000000000000e+00
3.799999999999999545e+03 0.000000000000000000e+00
3.809999999999999545e+03 0.000000000000000000e+00
3.819999999999999545e+03 1.856310479200624761e-12
3.829999999999999545e+03 6.814669233986250461e-11
3.839999999999999091e+03 1.166287541280750123e-09
3.849999999999999091e+03 3.226032574826250659e-08
3.859999999999999091e+03 3.347347062590999995e-11
3.869999999999999091e+03 0.000000000000000000e+00
3.879999999999999091e+03 0.000000000000000000e+00
3.889999999999999091e+03 0.000000000000000000e+00
3.899999999999999091e+03 1.267812409032312668e-12
3.909999999999999091e+03 0.000000000000000000e+00
3.919999999999999091e+03 0.000000000000000000e+00
3.929999999999999091e+03 0.000000000000000000e+00
3.939999999999999091e+03 0.000000000000000000e+00
3.949999999999999091e+03 0.000000000000000000e+00
3.959999999999999091e+03 0.000000000000000000e+00
3.969999999999999091e+03 0.000000000000000000e+00
3.979999999999999091e+03 0.000000000000000000e+00
3.989999999999999091e+03 0.000000000000000000e+00
3.999999999999999091e+03 0.000000000000000000e+00
4.009999999999999091e+03 0.000000000000000000e+00
4.019999999999999091e+03 0.000000000000000000e+00
4.029999999999999091e+03 5.008204049069374475e-12
4.039999999999999091e+03 0.000000000000000000e+00
4.049999999999999091e+03 0.000000000000000000e+00
4.059999999999999091e+03 0.000000000000000000e+00
4.069999999999999091e+03 0.000000000000000000e+00
4.079999999999999091e+03 2.565775309896356170e-14
4.089999999999999091e+03 2.234715516551700141e-14
4.099999999999999091e+03 3.301348663466831357e-13
4.109999999999999091e+03 4.017432743245032132e-13
4.119999999999999091e+03 2.286055976574562669e-15
4.129999999999999091e+03 2.243524150090912927e-15
4.139999999999999091e+03 5.599148997701874614e-14
4.149999999999999091e+03 3.822753282101512914e-14
4.159999999999999091e+03 0.000000000000000000e+00
4.169999999999999091e+03 0.000000000000000000e+00
4.179999999999999091e+03 8.548770239178751057e-14
4.189999999999999091e+03 0.000000000000000000e+00
4.199999999999999091e+03 0.000000000000000000e+00
4.209999999999999091e+03 9.258782879776500342e-16
4.219999999999999091e+03 1.392142848534112492e-15
4.229999999999999091e+03 0.000000000000000000e+00
4.239999999999999091e+03 0.000000000000000000e+00
4.249999999999999091e+03 1.942298880921875309e-15
4.259999999999999091e+03 7.187349988324625227e-16
4.269999999999999091e+03 7.149430388873063509e-16
4.279999999999999091e+03 7.575923241305999913e-15
4.289999999999999091e+03 5.138991035843437578e-15
4.299999999999999091e+03 8.991896565183001395e-15
4.309999999999999091e+03 8.721943578135375187e-14
4.319999999999999091e+03 4.763085286507624337e-15
4.329999999999999091e+03 7.000136706777374609e-15
4.339999999999999091e+03 1.653309012509699971e-13
4.349999999999999091e+03 3.016648354937174637e-13
4.359999999999999091e+03 2.117090195305575031e-14
4.369999999999999091e+03 0.000000000000000000e+00
4.379999999999999091e+03 0.000000000000000000e+00
4.389999999999999091e+03 0.000000000000000000e+00
4.399999999999999091e+03 1.754137077913893769e-13
4.409999999999999091e+03 2.449640414419883361e-13
4.419999999999999091e+03 3.154126574638401764e-12
4.429999999999999091e+03 4.287208034158376061e-12
4.439999999999999091e+03 5.277300829677800282e-12
4.449999999999999091e+03 0.000000000000000000e+00
4.459999999999999091e+03 0.000000000000000000e+00
4.469999999999999091e+03 4.718363503317607676e-13
4.479999999999999091e+03 6.591058054270095218e-13
4.489999999999999091e+03 1.851957717623759480e-12
4.499999999999999091e+03 3.949751983969128809e-12
4.509999999999999091e+03 5.588996805007507763e-12
4.519999999999999091e+03 8.105870055199508557e-11
4.529999999999999091e+03 1.514637346853925077e-10
4.539999999999999091e+03 6.838499967232430875e-10
4.549999999999999091e+03 5.036651816705211423e-10
4.559999999999999091e+03 3.084815638765546796e-09
4.569999999999999091e+03 2.503471371444539772e-10
4.579999999999999091e+03 1.111105136173402944e-10
4.589999999999999091e+03 3.785912856869075691e-08
4.599999999999999091e+03 1.851417338800931901e-10
4.609999999999999091e+03 5.385380532190565704e-10
4.619999999999999091e+03 1.957214929314909109e-10
4.629999999999999091e+03 1.420869045512015143e-10
4.639999999999999091e+03 4.036817423025935567e-10
4.649999999999999091e+03 0.000000000000000000e+00
4.659999999999999091e+03 0.000000000000000000e+00
4.669999999999999091e+03 0.000000000000000000e+00
4.679999999999999091e+03 0.000000000000000000e+00
4.689999999999999091e+03 0.000000000000000000e+00
4.699999999999999091e+03 1.492670148680577876e-09
4.709999999999999091e+03 0.000000000000000000e+00
4.719999999999999091e+03 0.000000000000000000e+00
4.729999999999999091e+03 0.000000000000000000e+00
4.739999999999999091e+03 2.210848279769229866e-08
4.749999999999999091e+03 0.000000000000000000e+00
4.759999999999999091e+03 0.000000000000000000e+00
4.769999999999999091e+03 0.000000000000000000e+00
4.779999999999999091e+03 0.000000000000000000e+00
4.789999999999999091e+03 0.000000000000000000e+00
4.799999999999999091e+03 0.000000000000000000e+00
4.809999999999999091e+03 0.000000000000000000e+00
4.819999999999999091e+03 0.000000000000000000e+00
4.829999999999999091e+03 0.000000000000000000e+00
4.839999999999999091e+03 1.419722692049886159e-08
4.849999999999999091e+03 0.000000000000000000e+00
4.859999999999999091e+03 0.000000000000000000e+00
4.869999999999999091e+03 1.119712703943931158e-07
4.879999999999999091e+03 1.143219128629413258e-08
4.889999999999999091e+03 1.035173218280864212e-08
4.899999999999999091e+03 8.257758906535052883e-08
4.909999999999999091e+03 4.808758904981303971e-08
4.919999999999999091e+03 1.384369545341601054e-08
4.929999999999999091e+03 2.589827090666067405e-07
4.939999999999999091e+03 2.959990024352707926e-08
4.949999999999999091e+03 4.091089823758301946e-09
4.959999999999999091e+03 2.352842354599285505e-08
4.969999999999999091e+03 8.212880223017687247e-09
4.979999999999999091e+03 4.441471928646899694e-09
4.989999999999999091e+03 3.617779688867593832e-09
4.999999999999999091e+03 1.510690814512591224e-07
5.009999999999999091e+03 3.686842936508659981e-09
5.019999999999999091e+03 1.019180890788348644e-09
5.029999999999999091e+03 1.693963519945669718e-09
5.039999999999999091e+03 1.682152398016524172e-08
5.049999999999999091e+03 5.793177761421837442e-10
5.059999999999999091e+03 4.797383571881985213e-10
5.069999999999999091e+03 4.000328730057136578e-10
5.079999999999999091e+03 1.687152403387609063e-09
5.089999999999999091e+03 9.333613898691181111e-07
5.099999999999999091e+03 3.696627371927093377e-09
5.109999999999999091e+03 4.680110909925989672e-09
5.119999999999999091e+03 8.794520103565665816e-09
5.129999999999999091e+03 5.741889696566100947e-09
5.139999999999999091e+03 1.968431665947614202e-07
5.149999999999999091e+03 2.185343559269542403e-09
5.159999999999999091e+03 7.400727368285387778e-10
5.169999999999999091e+03 1.123652795401613645e-09
5.179999999999999091e+03 4.337851463728396833e-09
5.189999999999999091e+03 2.237792871056892648e-10
5.199999999999999091e+03 1.354049198488244864e-10
5.209999999999999091e+03 1.240666144091851184e-10
5.219999999999999091e+03 1.710785914364598725e-10
5.229999999999999091e+03 9.509662255969354176e-10
5.239999999999999091e+03 1.588915789260401055e-09
5.249999999999999091e+03 2.822790434064284506e-10
5.259999999999999091e+03 1.798798714746570054e-10
5.269999999999999091e+03 1.743649161466674205e-10
5.279999999999999091e+03 3.834097581423138910e-10
5.289999999999999091e+03 1.565595703391383359e-08
5.299999999999999091e+03 7.409234066738140639e-10
5.309999999999999091e+03 3.249785049753468204e-10
5.319999999999999091e+03 4.851250158592600022e-10
5.329999999999999091e+03 1.036210676906831938e-09
5.339999999999999091e+03 5.122903785771673865e-10
5.349999999999999091e+03 3.708603188468162977e-09
5.359999999999999091e+03 1.844906279984879929e-10
5.369999999999999091e+03 3.411002433269005194e-11
5.379999999999999091e+03 0.000000000000000000e+00
5.389999999999999091e+03 0.000000000000000000e+00
5.399999999999999091e+03 0.000000000000000000e+00
5.409999999999999091e+03 0.000000000000000000e+00
5.419999999999999091e+03 0.000000000000000000e+00
5.429999999999999091e+03 1.932317613376841322e-11
5.439999999999999091e+03 6.613480567099087986e-11
5.449999999999999091e+03 5.909006206525275159e-12
5.459999999999999091e+03 1.433989625218719011e-12
5.469999999999999091e+03 3.833870535042187510e-13
5.479999999999999091e+03 2.237807770023000022e-13
5.489999999999999091e+03 1.304674594278125094e-12
5.499999999999999091e+03 2.832336495625000404e-14
5.509999999999999091e+03 1.845917936257500493e-15
5.519999999999999091e+03 9.910035432797500387e-16
5.529999999999999091e+03 6.169650844678124856e-16
5.539999999999999091e+03 4.483444268655625571e-16
5.549999999999999091e+03 6.863009088468749428e-16
5.559999999999999091e+03 2.195578221689999986e-15
5.569999999999999091e+03 3.845694327269374925e-14
5.579999999999999091e+03 2.386093599872500266e-14
5.589999999999999091e+03 2.024157284598749998e-14
5.599999999999999091e+03 8.011185662029374254e-14
5.609999999999999091e+03 2.426090619050000363e-12
5.619999999999999091e+03 1.313190211661999904e-12
5.629999999999999091e+03 1.381508800595000093e-12
5.639999999999999091e+03 3.212922830993750740e-12
5.649999999999999091e+03 2.369258771424999754e-12
5.659999999999999091e+03 2.174795952078750184e-12
5.669999999999999091e+03 4.254146681990625436e-12
5.679999999999999091e+03 1.624339017127749945e-12
5.689999999999999091e+03 1.585004928195937330e-12
5.699999999999999091e+03 4.481164373595000169e-12
5.709999999999999091e+03 2.361836661953125424e-12
5.719999999999999091e+03 4.659507635501250582e-13
5.729999999999999091e+03 1.815544724304062676e-13
5.739999999999999091e+03 1.269787027040000192e-13
5.749999999999999091e+03 1.342545578364375125e-13
5.759999999999999091e+03 4.088950283468750556e-13
5.769999999999999091e+03 3.254859445530000094e-13
5.779999999999999091e+03 4.205705963550000170e-14
5.789999999999999091e+03 3.794099038104374697e-14
5.799999999999999091e+03 5.871772341093750055e-14
5.809999999999999091e+03 2.173686527092499988e-13
5.819999999999999091e+03 2.137807797470625270e-14
5.829999999999999091e+03 8.708541342847501371e-15
5.839999999999999091e+03 0.000000000000000000e+00
5.849999999999999091e+03 1.214270761550000222e-14
5.859999999999999091e+03 5.186012051145624807e-14
5.869999999999999091e+03 3.092140192456875021e-14
5.879999999999999091e+03 7.863384681967501471e-14
5.889999999999999091e+03 1.464654320500000190e-13
5.899999999999999091e+03 4.995414249787500054e-13
5.909999999999999091e+03 9.461033895599999792e-14
5.919999999999999091e+03 1.877381747737124952e-14
5.929999999999999091e+03 4.361302172281250540e-14
5.939999999999999091e+03 8.758443376926250522e-13
5.949999999999999091e+03 8.326445856478750537e-13
5.959999999999999091e+03 1.053925075229687536e-12
5.969999999999999091e+03 1.816572000876062571e-12
5.979999999999999091e+03 3.824933480550000558e-12
5.989999999999999091e+03 1.643210435772500088e-11
5.999999999999999091e+03 2.032448381906250406e-11
6.009999999999999091e+03 6.929251431724999987e-12
6.019999999999999091e+03 1.329514467839250125e-12
6.029999999999999091e+03 2.205556099793375206e-12
6.039999999999999091e+03 4.166297423071874563e-12
6.049999999999999091e+03 9.643721599181249262e-12
6.059999999999999091e+03 2.976612108609999986e-12
6.069999999999999091e+03 1.473753263963749934e-12
6.079999999999999091e+03 7.959541876492501105e-13
6.089999999999999091e+03 3.936164123093124949e-13
6.099999999999999091e+03 3.751989056821250416e-13
6.109999999999999091e+03 1.008486303737500045e-13
6.119999999999999091e+03 8.772609634687500604e-14
6.129999999999999091e+03 3.133407708348750037e-13
6.139999999999999091e+03 1.756444887071874994e-12
6.149999999999999091e+03 6.499032003738750113e-12
6.159999999999999091e+03 2.823437557727500091e-11
6.169999999999999091e+03 3.087697517597000216e-11
6.179999999999999091e+03 3.742985756849499959e-11
6.189999999999999091e+03 3.878158911554812990e-11
6.199999999999999091e+03 1.345289499070125086e-11
6.209999999999999091e+03 4.157879212843124858e-12
6.219999999999999091e+03 4.529464808955625102e-12
6.229999999999999091e+03 8.245431737716251719e-12
6.239999999999999091e+03 1.602849978808312405e-11
6.249999999999999091e+03 2.281062994888125446e-11
6.259999999999999091e+03 2.089920390950000079e-11
6.269999999999999091e+03 1.752853010984250366e-11
6.279999999999999091e+03 1.251322813597500057e-11
6.289999999999999091e+03 8.418000893400001412e-12
6.299999999999999091e+03 9.133004174393750874e-12
6.309999999999999091e+03 4.503686443055625027e-12
6.319999999999999091e+03 2.539624519167750060e-12
6.329999999999999091e+03 1.035172716414375039e-12
6.339999999999999091e+03 1.819137423337500244e-12
6.349999999999999091e+03 3.045275888602499454e-12
6.359999999999999091e+03 5.606257817527500298e-12
6.369999999999999091e+03 8.185212960968749856e-12
6.379999999999999091e+03 6.208619523732500790e-12
6.389999999999999091e+03 1.308760487361249952e-11
6.399999999999999091e+03 2.040990503580000266e-11
6.409999999999999091e+03 2.707668220359374691e-11
6.419999999999999091e+03 1.681006220370312445e-11
6.429999999999999091e+03 1.226859408390000160e-11
6.439999999999999091e+03 8.324464598870000685e-12
6.449999999999999091e+03 5.657995693997499530e-12
6.459999999999999091e+03 7.251918361345000123e-12
6.469999999999999091e+03 1.215307808850625215e-11
6.479999999999999091e+03 3.096095056600000270e-11
6.489999999999999091e+03 3.855596829052499139e-11
6.499999999999999091e+03 3.468818195062500366e-11
6.509999999999999091e+03 3.709663612637062770e-11
6.519999999999999091e+03 4.006939374427500313e-11
6.529999999999999091e+03 4.158330902621875359e-11
6.539999999999999091e+03 3.783856127226875888e-11
6.549999999999999091e+03 3.086434940725062006e-11
6.559999999999999091e+03 3.393563009200874595e-11
6.569999999999999091e+03 3.463593679087499878e-11
6.579999999999999091e+03 3.241225062249999897e-11
6.589999999999999091e+03 2.614781081289999908e-11
6.599999999999999091e+03 1.924571719581000153e-11
6.609999999999999091e+03 7.107016012543125941e-12
6.619999999999999091e+03 5.970783385778750303e-12
6.629999999999999091e+03 8.075929264611250761e-12
6.639999999999999091e+03 4.171770293421500722e-12
6.649999999999999091e+03 0.000000000000000000e+00
6.659999999999999091e+03 1.935596213221125180e-12
6.669999999999999091e+03 1.855036941258375074e-12
6.679999999999999091e+03 7.560346592093750803e-13
6.689999999999999091e+03 5.373204143947500614e-12
6.699999999999999091e+03 7.627194050437500443e-12
6.709999999999999091e+03 8.779071112175001129e-12
6.719999999999999091e+03 7.744127568975000045e-12
6.729999999999999091e+03 9.283436968680000991e-12
6.739999999999999091e+03 1.027492702719000149e-11
6.749999999999999091e+03 5.194737691539375381e-12
6.759999999999999091e+03 4.600363144308750402e-12
6.769999999999999091e+03 1.675527094806249834e-11
6.779999999999999091e+03 1.149961640026500210e-11
6.789999999999999091e+03 1.446665441326875298e-11
6.799999999999999091e+03 6.683230975181250040e-12
6.809999999999999091e+03 2.375454057159750100e-12
6.819999999999999091e+03 1.041729903960374961e-12
6.829999999999999091e+03 4.309740355475625837e-13
6.839999999999999091e+03 9.723444851531248627e-13
6.849999999999999091e+03 6.015068031192500457e-12
6.859999999999999091e+03 7.196495736998749596e-13
6.869999999999999091e+03 2.306051826238125493e-12
6.879999999999999091e+03 2.043738894715000031e-11
6.889999999999999091e+03 8.305857700367501035e-13
6.899999999999999091e+03 3.521649228457500255e-12
6.909999999999999091e+03 0.000000000000000000e+00
6.919999999999999091e+03 3.697559393434374962e-12
6.929999999999999091e+03 1.311882737024125079e-11
6.939999999999999091e+03 2.381947155131249831e-11
6.949999999999999091e+03 2.789764711168312232e-11
6.959999999999999091e+03 1.277924862196499851e-11
6.969999999999999091e+03 1.190424943338750030e-11
6.979999999999999091e+03 2.099797397879999939e-11
6.989999999999999091e+03 2.224303559861250145e-11
6.999999999999999091e+03 2.869841539687500028e-11
7.009999999999999091e+03 2.825822359613750596e-11
7.019999999999999091e+03 3.390517349533124865e-11
7.029999999999999091e+03 1.257982345624375150e-11
7.039999999999999091e+03 6.206681896274999159e-12
7.049999999999999091e+03 6.276580662314374570e-12
7.059999999999999091e+03 4.274933465206250844e-12
7.069999999999999091e+03 4.261248776504998925e-12
7.079999999999999091e+03 2.104547320312499972e-12
7.089999999999999091e+03 1.406280594432000198e-12
7.099999999999999091e+03 4.887694544985000188e-13
7.109999999999999091e+03 1.708207572696625376e-12
7.119999999999999091e+03 0.000000000000000000e+00
7.129999999999999091e+03 1.116565613690624860e-13
7.139999999999999091e+03 0.000000000000000000e+00
7.149999999999999091e+03 7.156936975015625219e-13
7.159999999999999091e+03 0.000000000000000000e+00
7.169999999999999091e+03 8.851562947710000947e-13
7.179999999999999091e+03 1.523667613426875207e-12
7.189999999999999091e+03 1.525720626464125076e-12
7.199999999999999091e+03 1.070497346955749908e-11
7.209999999999999091e+03 1.392022033373999926e-11
7.219999999999999091e+03 1.027478803703624951e-12
7.229999999999999091e+03 3.604417276740000415e-12
7.239999999999999091e+03 2.097125342926249995e-12
7.249999999999999091e+03 2.428271291621874968e-12
7.259999999999999091e+03 6.948775072544376206e-14
7.269999999999999091e+03 1.641941254910250072e-13
7.279999999999999091e+03 3.586343591031250085e-13
7.289999999999999091e+03 4.446451130869999919e-14
7.299999999999999091e+03 6.636744735298126251e-14
7.309999999999999091e+03 2.671149998475000031e-12
7.319999999999999091e+03 6.411658455562500913e-12
7.329999999999999091e+03 0.000000000000000000e+00
7.339999999999999091e+03 9.474119634179376041e-14
7.349999999999999091e+03 0.000000000000000000e+00
7.359999999999999091e+03 3.041771265369375035e-12
7.369999999999999091e+03 7.605269244825000100e-13
7.379999999999999091e+03 1.303572593318625059e-12
7.389999999999999091e+03 8.739473344783126604e-13
7.399999999999999091e+03 3.308394687325000492e-12
7.409999999999999091e+03 1.518383978369999965e-12
7.419999999999999091e+03 0.000000000000000000e+00
7.429999999999999091e+03 4.696540407120625499e-12
7.439999999999999091e+03 2.522052920362500242e-11
7.449999999999999091e+03 3.892714882017500330e-11
7.459999999999999091e+03 1.709122933176750112e-11
7.469999999999999091e+03 1.718423114152499909e-12
7.479999999999999091e+03 7.505154439125001080e-13
7.489999999999999091e+03 0.000000000000000000e+00
7.499999999999999091e+03 0.000000000000000000e+00
7.509999999999999091e+03 8.212169873368126600e-13
7.519999999999999091e+03 0.000000000000000000e+00
7.529999999999999091e+03 2.648407550258750234e-13
7.539999999999999091e+03 1.609636923247500174e-12
7.549999999999999091e+03 0.000000000000000000e+00
7.559999999999999091e+03 5.386191311156249380e-13
7.569999999999999091e+03 3.326356220118750071e-12
7.579999999999999091e+03 0.000000000000000000e+00
7.589999999999999091e+03 8.529768304575000402e-13
7.599999999999999091e+03 1.860822695221875046e-11
7.609999999999999091e+03 1.538826235841999934e-12
7.619999999999999091e+03 2.097781518708750266e-12
7.629999999999999091e+03 7.622821430883750481e-14
7.639999999999999091e+03 0.000000000000000000e+00
7.649999999999999091e+03 0.000000000000000000e+00
7.659999999999999091e+03 0.000000000000000000e+00
7.669999999999999091e+03 6.006669981768750242e-15
7.679999999999998181e+03 0.000000000000000000e+00
7.689999999999998181e+03 0.000000000000000000e+00
7.699999999999998181e+03 7.847179836781251334e-13
7.709999999999998181e+03 7.130994866581249841e-13
7.719999999999998181e+03 0.000000000000000000e+00
7.729999999999998181e+03 3.203095817599999999e-13
7.739999999999998181e+03 1.272497074940000182e-13
7.749999999999998181e+03 0.000000000000000000e+00
7.759999999999998181e+03 2.808983469096874946e-14
7.769999999999998181e+03 8.407891257500000718e-14
7.779999999999998181e+03 0.000000000000000000e+00
7.789999999999998181e+03 4.636038012860625471e-12
7.799999999999998181e+03 3.671661083895000629e-12
7.809999999999998181e+03 1.185262407525000077e-12
7.819999999999998181e+03 1.890766549642687518e-12
7.829999999999998181e+03 7.360699887358125867e-13
7.839999999999998181e+03 2.012587955910000134e-13
7.849999999999998181e+03 0.000000000000000000e+00
7.859999999999998181e+03 1.711560219140625055e-14
7.869999999999998181e+03 4.803422516825625100e-14
7.879999999999998181e+03 2.026736279120000158e-13
7.889999999999998181e+03 3.270421733136250387e-13
7.899999999999998181e+03 0.000000000000000000e+00
7.909999999999998181e+03 5.271309308142500648e-14
7.919999999999998181e+03 9.631810609785000401e-14
7.929999999999998181e+03 0.000000000000000000e+00
7.939999999999998181e+03 0.000000000000000000e+00
7.949999999999998181e+03 6.729003443548751029e-14
7.959999999999998181e+03 7.960292641875000173e-13
7.969999999999998181e+03 3.244790137640625580e-12
7.979999999999998181e+03 6.112467006318749890e-12
7.989999999999998181e+03 1.560742157852499812e-11
7.999999999999998181e+03 3.631473037016999841e-11
8.009999999999998181e+03 2.830802410070802815e-11
8.019999999999998181e+03 1.616821344483958387e-11
8.029999999999998181e+03 2.478669545971313885e-12
8.039999999999998181e+03 4.077414075499057713e-12
8.049999999999998181e+03 9.616058389307172747e-12
8.059999999999998181e+03 0.000000000000000000e+00
8.069999999999998181e+03 1.040515970824920112e-11
8.079999999999998181e+03 1.441732982330861863e-11
8.089999999999998181e+03 3.317090498524955054e-12
8.099999999999998181e+03 0.000000000000000000e+00
8.109999999999998181e+03 0.000000000000000000e+00
8.119999999999998181e+03 3.756514475017030988e-12
8.129999999999998181e+03 2.538371975948114727e-12
8.139999999999998181e+03 3.718304521555186756e-12
8.149999999999998181e+03 5.497487352748910521e-13
8.159999999999998181e+03 0.000000000000000000e+00
8.169999999999998181e+03 4.736946952242898976e-14
8.179999999999998181e+03 0.000000000000000000e+00
8.189999999999998181e+03 5.403200423348018012e-13
8.199999999999998181e+03 0.000000000000000000e+00
8.209999999999998181e+03 0.000000000000000000e+00
8.219999999999998181e+03 0.000000000000000000e+00
8.229999999999998181e+03 1.291862082914863652e-12
8.239999999999998181e+03 4.895853396896701401e-12
8.249999999999998181e+03 3.649638898511778443e-12
8.259999999999998181e+03 8.307486369779558246e-13
8.269999999999998181e+03 4.888495492319042613e-12
8.279999999999998181e+03 3.718946754550939081e-12
8.289999999999998181e+03 0.000000000000000000e+00
8.299999999999998181e+03 7.925812593713928850e-14
8.309999999999998181e+03 0.000000000000000000e+00
8.319999999999998181e+03 1.578727620005597685e-12
8.329999999999998181e+03 7.912386668411450353e-12
8.339999999999998181e+03 9.486300054725255625e-12
8.349999999999998181e+03 2.217056459984326121e-11
8.359999999999998181e+03 2.569487255281720491e-12
8.369999999999998181e+03 5.280257430963740791e-11
8.379999999999998181e+03 9.040596149416867020e-12
8.389999999999998181e+03 3.893437293254865630e-12
8.399999999999998181e+03 0.000000000000000000e+00
8.409999999999998181e+03 5.435509121093006277e-12
8.419999999999998181e+03 4.902042591315644277e-12
8.429999999999998181e+03 9.060277425531332651e-12
8.439999999999998181e+03 0.000000000000000000e+00
8.449999999999998181e+03 0.000000000000000000e+00
8.459999999999998181e+03 0.000000000000000000e+00
8.469999999999998181e+03 2.623368045044416328e-11
8.479999999999998181e+03 6.419416524618312267e-11
8.489999999999998181e+03 4.932459792707876434e-11
8.499999999999998181e+03 0.000000000000000000e+00
8.509999999999998181e+03 1.960482514909920739e-11
8.519999999999998181e+03 0.000000000000000000e+00
8.529999999999998181e+03 3.989386499047744092e-12
8.539999999999998181e+03 1.147805509226880463e-13
8.549999999999998181e+03 7.163271794503376206e-12
8.559999999999998181e+03 1.164233471678609090e-12
8.569999999999998181e+03 0.000000000000000000e+00
8.579999999999998181e+03 0.000000000000000000e+00
8.589999999999998181e+03 0.000000000000000000e+00
8.599999999999998181e+03 6.093362977765393125e-13
8.609999999999998181e+03 6.614613330967032870e-13
8.619999999999998181e+03 1.887098478056387768e-12
8.629999999999998181e+03 8.795476435795786061e-14
8.639999999999998181e+03 0.000000000000000000e+00
8.649999999999998181e+03 3.737692995400488372e-13
8.659999999999998181e+03 7.654135212607084146e-13
8.669999999999998181e+03 3.004017742838037078e-12
8.679999999999998181e+03 0.000000000000000000e+00
8.689999999999998181e+03 0.000000000000000000e+00
8.699999999999998181e+03 0.000000000000000000e+00
8.709999999999998181e+03 0.000000000000000000e+00
8.719999999999998181e+03 2.086488299304941049e-12
8.729999999999998181e+03 0.000000000000000000e+00
8.739999999999998181e+03 6.989817242638385399e-13
8.749999999999998181e+03 1.458738090712803233e-12
8.759999999999998181e+03 6.540423661119871168e-12
8.769999999999998181e+03 1.082562133955313259e-11
8.779999999999998181e+03 1.557550659089657189e-10
8.789999999999998181e+03 5.318930447243938296e-13
8.799999999999998181e+03 8.920482783363802260e-13
8.809999999999998181e+03 9.109712282982362851e-13
8.819999999999998181e+03 8.900345598528136579e-14
8.829999999999998181e+03 6.195632218168429508e-15
8.839999999999998181e+03 9.606870076073313729e-14
8.849999999999998181e+03 0.000000000000000000e+00
8.859999999999998181e+03 7.441076162576365791e-15
8.869999999999998181e+03 1.274075342019847068e-14
8.879999999999998181e+03 2.092160553387374209e-15
8.889999999999998181e+03 0.000000000000000000e+00
8.899999999999998181e+03 0.000000000000000000e+00
8.909999999999998181e+03 0.000000000000000000e+00
8.919999999999998181e+03 0.000000000000000000e+00
8.929999999999998181e+03 1.356168213689333749e-14
8.939999999999998181e+03 8.611984421630723758e-15
8.949999999999998181e+03 0.000000000000000000e+00
8.959999999999998181e+03 7.679915573087698349e-14
8.969999999999998181e+03 0.000000000000000000e+00
8.979999999999998181e+03 2.268350065893457252e-14
8.989999999999998181e+03 5.125550015831684841e-15
8.999999999999998181e+03 3.564326288066018305e-15
9.009999999999998181e+03 1.358569563945548349e-15
9.019999999999998181e+03 1.687157720640493621e-13
9.029999999999998181e+03 9.959966351253157961e-14
9.039999999999998181e+03 6.028088617412170690e-13
9.049999999999998181e+03 8.317111515958403725e-13
9.059999999999998181e+03 7.336676378575039795e-13
9.069999999999998181e+03 4.756554978128354271e-12
9.079999999999998181e+03 6.417055036153293907e-11
9.089999999999998181e+03 2.994357977303454156e-09
9.099999999999998181e+03 8.140568067574392145e-11
9.109999999999998181e+03 9.296288999414155381e-11
9.119999999999998181e+03 8.301174104406954279e-11
9.129999999999998181e+03 9.998089303823476160e-11
9.139999999999998181e+03 1.602682720262454493e-10
9.149999999999998181e+03 3.508955908843434442e-10
9.159999999999998181e+03 7.598617699559531762e-10
9.169999999999998181e+03 1.735945691481062563e-09
9.179999999999998181e+03 4.131072553551076309e-09
9.189999999999998181e+03 9.345179162716512587e-09
9.199999999999998181e+03 2.256670300649963201e-08
9.209999999999998181e+03 5.388137841651299272e-08
9.219999999999998181e+03 1.234792299511357585e-07
9.229999999999998181e+03 2.771869577602790208e-07
9.239999999999998181e+03 6.174906583004870659e-07
9.249999999999998181e+03 1.349812012298368978e-06
9.259999999999998181e+03 2.912959511474369452e-06
9.269999999999998181e+03 6.262713555433293271e-06
9.279999999999998181e+03 1.371401061316258011e-05
9.289999999999998181e+03 2.986137547431988353e-05
9.299999999999998181e+03 6.679239726912840802e-05
9.309999999999998181e+03 1.541441091457328367e-04
9.319999999999998181e+03 3.363275701998546521e-04
9.329999999999998181e+03 5.583087246707158858e-04
9.339999999999998181e+03 6.025902182859966616e-04
9.349999999999998181e+03 5.341656505902159973e-04
9.359999999999998181e+03 4.825822473437641315e-04
9.369999999999998181e+03 4.716835339800896140e-04
9.379999999999998181e+03 4.999070417040884888e-04
9.389999999999998181e+03 5.738659766769123143e-04
9.399999999999998181e+03 7.064197472988983408e-04
9.409999999999998181e+03 9.377446707703701416e-04
9.419999999999998181e+03 1.320573369032201948e-03
9.429999999999998181e+03 1.967591804159239503e-03
9.439999999999998181e+03 3.114803273904728515e-03
9.449999999999998181e+03 5.291575980806598883e-03
9.459999999999998181e+03 9.628607828587562242e-03
9.469999999999998181e+03 1.908468789644311714e-02
9.479999999999998181e+03 4.053247153574870282e-02
9.489999999999998181e+03 9.060907736575728177e-02
9.499999999999998181e+03 2.011594425995656965e-01
9.509999999999998181e+03 3.686295667528118325e-01
9.519999999999998181e+03 4.857413002749574882e-01
9.529999999999998181e+03 5.137944900024355999e-01
9.539999999999998181e+03 5.142832892535679212e-01
9.549999999999998181e+03 5.161330458767906526e-01
9.559999999999998181e+03 5.166659523193279924e-01
9.569999999999998181e+03 5.197827041383721314e-01
9.579999999999998181e+03 5.187549742037524947e-01
9.589999999999998181e+03 5.171344238160493489e-01
9.599999999999998181e+03 5.179020736368635802e-01
9.609999999999998181e+03 5.159853194680085187e-01
9.619999999999998181e+03 5.194996228342757538e-01
9.629999999999998181e+03 5.246777483927103081e-01
9.639999999999998181e+03 5.274970669720854266e-01
9.649999999999998181e+03 5.293616044858628911e-01
9.659999999999998181e+03 5.242592511251999987e-01
9.669999999999998181e+03 5.245256955970017954e-01
9.679999999999998181e+03 5.253957901835262234e-01
9.689999999999998181e+03 5.264862250694878343e-01
9.699999999999998181e+03 5.268260472448309528e-01
9.709999999999998181e+03 5.279385893855159662e-01
9.719999999999998181e+03 5.277971239172309925e-01
9.729999999999998181e+03 5.280635352490830048e-01
9.739999999999998181e+03 5.277060767587563594e-01
9.749999999999998181e+03 5.307273722584028297e-01
9.759999999999998181e+03 5.300651212542153434e-01
9.769999999999998181e+03 5.295988537851600286e-01
9.779999999999998181e+03 5.291548095210165670e-01
9.789999999999998181e+03 5.297969644541754564e-01
9.799999999999998181e+03 5.305380668141619349e-01
9.809999999999998181e+03 5.328698199646170197e-01
9.819999999999998181e+03 5.297195476293924399e-01
9.829999999999998181e+03 5.290339395738962169e-01
9.839999999999998181e+03 5.316683075639784262e-01
9.849999999999998181e+03 5.322634707040722057e-01
9.859999999999998181e+03 5.290177621411986664e-01
9.869999999999998181e+03 5.283786805257446595e-01
9.879999999999998181e+03 5.277656330114327554e-01
9.889999999999998181e+03 5.300636134965859281e-01
9.899999999999998181e+03 5.311655819265560519e-01
9.909999999999998181e+03 5.320711546029973649e-01
9.919999999999998181e+03 5.345964947001641265e-01
9.929999999999998181e+03 5.339136073609959121e-01
9.939999999999998181e+03 5.331912264237608223e-01
9.949999999999998181e+03 5.333816171641980741e-01
9.959999999999998181e+03 5.324538262059964611e-01
9.969999999999998181e+03 5.307725462603797295e-01
9.979999999999998181e+03 5.341553453088018211e-01
9.989999999999998181e+03 5.326118523738276878e-01
9.999999999999998181e+03 5.325194611743186979e-01
1.000999999999999818e+04 5.343572264551573747e-01
1.001999999999999818e+04 5.358505441396546054e-01
1.002999999999999818e+04 5.390906293825388218e-01
1.003999999999999818e+04 5.390386324272553598e-01
1.004999999999999818e+04 5.403317158218355898e-01
1.005999999999999818e+04 5.388599585960520688e-01
1.006999999999999818e+04 5.388743067964563149e-01
1.007999999999999818e+04 5.381904201373599594e-01
1.008999999999999818e+04 5.405752360724437322e-01
1.009999999999999818e+04 5.397050334993336307e-01
1.010999999999999818e+04 5.402480455354849997e-01
1.011999999999999818e+04 5.386317607703188237e-01
1.012999999999999818e+04 5.384130220344561790e-01
1.013999999999999818e+04 5.407114929847927076e-01
1.014999999999999818e+04 5.416474021523347560e-01
1.015999999999999818e+04 5.444850560187391997e-01
1.016999999999999818e+04 5.448774902672588460e-01
1.017999999999999818e+04 5.447625210040512034e-01
1.018999999999999818e+04 5.427906053371067685e-01
1.019999999999999818e+04 5.400747362067185309e-01
1.020999999999999818e+04 5.419103214566949323e-01
1.021999999999999818e+04 5.413445981238671489e-01
1.022999999999999818e+04 5.383250847309648535e-01
1.023999999999999818e+04 5.376663557779960412e-01
1.024999999999999818e+04 5.409602663353050289e-01
1.025999999999999818e+04 5.420376817073501163e-01
1.026999999999999818e+04 5.416472562783897216e-01
1.027999999999999818e+04 5.413673397961134004e-01
1.028999999999999818e+04 5.409864855230320790e-01
1.029999999999999818e+04 5.411067478493195582e-01
1.030999999999999818e+04 5.413256356221456400e-01
1.031999999999999818e+04 5.408065718045553805e-01
1.032999999999999818e+04 5.414158248552690678e-01
1.033999999999999818e+04 5.399251916361487158e-01
1.034999999999999818e+04 5.381928612911675014e-01
1.035999999999999818e+04 5.386014004951218404e-01
1.036999999999999818e+04 5.377561243294013416e-01
1.037999999999999818e+04 5.386968695435980781e-01
1.038999999999999818e+04 5.394346138082731779e-01
1.039999999999999818e+04 5.417003087353761126e-01
1.040999999999999818e+04 5.400060495957761386e-01
1.041999999999999818e+04 5.403142166672955105e-01
1.042999999999999818e+04 5.430952546386136337e-01
1.043999999999999818e+04 5.438482812057139348e-01
1.044999999999999818e+04 5.412113456996174854e-01
1.045999999999999818e+04 5.394778275039997517e-01
1.046999999999999818e+04 5.396209288727207287e-01
1.047999999999999818e+04 5.391217662741355499e-01
1.048999999999999818e+04 5.390817340444220562e-01
1.049999999999999818e+04 5.374523165278104475e-01
1.050999999999999818e+04 5.402694603367310666e-01
1.051999999999999818e+04 5.401328742619221357e-01
1.052999999999999818e+04 5.382543213447013031e-01
1.053999999999999818e+04 5.384328779140415966e-01
1.054999999999999818e+04 5.389665134811394420e-01
1.055999999999999818e+04 5.397460106604098362e-01
1.056999999999999818e+04 5.399038420424180362e-01
1.057999999999999818e+04 5.374290383448514508e-01
1.058999999999999818e+04 5.388126702592800354e-01
1.059999999999999818e+04 5.391293839974752311e-01
1.060999999999999818e+04 5.394152874474905657e-01
1.061999999999999818e+04 5.350235280656787662e-01
1.062999999999999818e+04 5.346873542349912523e-01
1.063999999999999818e+04 5.343989221877170070e-01
1.064999999999999818e+04 5.360067606337682866e-01
1.065999999999999818e+04 5.343223750687631224e-01
1.066999999999999818e+04 5.363842745096354392e-01
1.067999999999999818e+04 5.358949014907334885e-01
1.068999999999999818e+04 5.368351531529464982e-01
1.069999999999999818e+04 5.372593543538819461e-01
1.070999999999999818e+04 5.393440049498918754e-01
1.071999999999999818e+04 5.422986412289532154e-01
1.072999999999999818e+04 5.394424424783000882e-01
1.073999999999999818e+04 5.395400050088843269e-01
1.074999999999999818e+04 5.415163972305139239e-01
1.075999999999999818e+04 5.394277115014634028e-01
1.076999999999999818e+04 5.380140466907885610e-01
1.077999999999999818e+04 5.388644134659404950e-01
1.078999999999999818e+04 5.387181249796026972e-01
1.079999999999999818e+04 5.394072320138603160e-01
1.080999999999999818e+04 5.396507009167730295e-01
1.081999999999999818e+04 5.431521120132057900e-01
1.082999999999999818e+04 5.425917851672398262e-01
1.083999999999999818e+04 5.425048155660118221e-01
1.084999999999999818e+04 5.425426545059469641e-01
1.085999999999999818e+04 5.426689388075928155e-01
1.086999999999999818e+04 5.423360063597955083e-01
1.087999999999999818e+04 5.408134281563652390e-01
1.088999999999999818e+04 5.411973621004654289e-01
1.089999999999999818e+04 5.406709671295206743e-01
1.090999999999999818e+04 5.431084604047828890e-01
1.091999999999999818e+04 5.403900307896062349e-01
1.092999999999999818e+04 5.416348881687091943e-01
1.093999999999999818e+04 5.405002247319515840e-01
1.094999999999999818e+04 5.383615927519079802e-01
1.095999999999999818e+04 5.406629185017189920e-01
1.096999999999999818e+04 5.414041112227702124e-01
1.097999999999999818e+04 5.425515022418937461e-01
1.098999999999999818e+04 5.438534729631077091e-01
1.099999999999999818e+04 5.420561555233961437e-01
1.100999999999999818e+04 5.416216743824718849e-01
1.101999999999999818e+04 5.415939527385552621e-01
1.102999999999999818e+04 5.413316116599632410e-01
1.103999999999999818e+04 5.400888354911198563e-01
1.104999999999999818e+04 5.397189736519139025e-01
1.105999999999999818e+04 5.383360425591497966e-01
1.106999999999999818e+04 5.377830888487751260e-01
1.107999999999999818e+04 5.374675300240376874e-01
1.108999999999999818e+04 5.379791213067816047e-01
1.109999999999999818e+04 5.372345045515104500e-01
1.110999999999999818e+04 5.379439505247751718e-01
1.111999999999999818e+04 5.385772729519388013e-01
1.112999999999999818e+04 5.399744210574235481e-01
1.113999999999999818e+04 5.409882249867778992e-01
1.114999999999999818e+04 5.416716836070958330e-01
1.115999999999999818e+04 5.426345446248111992e-01
1.116999999999999818e+04 5.435252594422688155e-01
1.117999999999999818e+04 5.434693188308055145e-01
1.118999999999999818e+04 5.434311199307033657e-01
1.119999999999999818e+04 5.435455427082332980e-01
1.120999999999999818e+04 5.432996231577688073e-01
1.121999999999999818e+04 5.423857661181169521e-01
1.122999999999999818e+04 5.421285209539872252e-01
1.123999999999999818e+04 5.418286554639234476e-01
1.124999999999999818e+04 5.426318521058721700e-01
1.125999999999999818e+04 5.431455615805883541e-01
1.126999999999999818e+04 5.437938157333358502e-01
1.127999999999999818e+04 5.439243831356945780e-01
1.128999999999999818e+04 5.451481951987778851e-01
1.129999999999999818e+04 5.456863158747718989e-01
1.130999999999999818e+04 5.465692739757516128e-01
1.131999999999999818e+04 5.477263859179459793e-01
1.132999999999999818e+04 5.494595569153596371e-01
1.133999999999999818e+04 5.481866326663210609e-01
1.134999999999999818e+04 5.487307326762697057e-01
1.135999999999999818e+04 5.487365087030841027e-01
1.136999999999999818e+04 5.482249384086661514e-01
1.137999999999999818e+04 5.486979231003344948e-01
1.138999999999999818e+04 5.485185406208960002e-01
1.139999999999999818e+04 5.480177580227848511e-01
1.140999999999999818e+04 5.485907563826211142e-01
1.141999999999999818e+04 5.491545090469193147e-01
1.142999999999999818e+04 5.490205410689302790e-01
1.143999999999999818e+04 5.500278713656078233e-01
1.144999999999999818e+04 5.503485497200609755e-01
1.145999999999999818e+04 5.515811201482512249e-01
1.146999999999999818e+04 5.522490081055783095e-01
1.147999999999999818e+04 5.530631590043655343e-01
1.148999999999999818e+04 5.535433700885937780e-01
1.149999999999999818e+04 5.536914157609584830e-01
1.150999999999999818e+04 5.552322117007062463e-01
1.151999999999999818e+04 5.549779499035136787e-01
1.152999999999999818e+04 5.552212606780446702e-01
1.153999999999999818e+04 5.554957831418884107e-01
1.154999999999999818e+04 5.554926153880845874e-01
1.155999999999999818e+04 5.556807447979620340e-01
1.156999999999999818e+04 5.558195355940808158e-01
1.157999999999999818e+04 5.569252114998703984e-01
1.158999999999999818e+04 5.570654437005133630e-01
1.159999999999999818e+04 5.575822754191113173e-01
1.160999999999999818e+04 5.579755624344053810e-01
1.161999999999999818e+04 5.581020206953692941e-01
1.162999999999999818e+04 5.586065207056275517e-01
1.163999999999999818e+04 5.591143695550848669e-01
1.164999999999999818e+04 5.589960136628627785e-01
1.165999999999999818e+04 5.595134857359628233e-01
1.166999999999999818e+04 5.595882504830109738e-01
1.167999999999999818e+04 5.600000837418628308e-01
1.168999999999999818e+04 5.597663560645365077e-01
1.169999999999999818e+04 5.597272511162013631e-01
1.170999999999999818e+04 5.598953110576815329e-01
1.171999999999999818e+04 5.599919151502106285e-01
1.172999999999999818e+04 5.601495694435273398e-01
1.173999999999999818e+04 5.605108696815229719e-01
1.174999999999999818e+04 5.614011216139536131e-01
1.175999999999999818e+04 5.613415771920757802e-01
1.176999999999999818e+04 5.607613901694092906e-01
1.177999999999999818e+04 5.607539781015596914e-01
1.178999999999999818e+04 5.608354611010144541e-01
1.179999999999999818e+04 5.610201104468233169e-01
1.180999999999999818e+04 5.608403832832289382e-01
1.181999999999999818e+04 5.601726793623084122e-01
1.182999999999999818e+04 5.602968460897690406e-01
1.183999999999999818e+04 5.603701452789642268e-01
1.184999999999999818e+04 5.609327398445661528e-01
1.185999999999999818e+04 5.615610012334488754e-01
1.186999999999999818e+04 5.624132656965880050e-01
1.187999999999999818e+04 5.625308617728517202e-01
1.188999999999999818e+04 5.631448068799956852e-01
1.189999999999999818e+04 5.636085706305985488e-01
1.190999999999999818e+04 5.640718377086147983e-01
1.191999999999999818e+04 5.643218794922619796e-01
1.192999999999999818e+04 5.639731978434361359e-01
1.193999999999999818e+04 5.636965537259669423e-01
1.194999999999999818e+04 5.632370442711304159e-01
1.195999999999999818e+04 5.629975787486019012e-01
1.196999999999999818e+04 5.635290832696749908e-01
1.197999999999999818e+04 5.641124341679525367e-01
1.198999999999999818e+04 5.653302620354186958e-01
1.199999999999999818e+04 5.669028367784417766e-01
1.200999999999999818e+04 5.680837053898960542e-01
1.201999999999999818e+04 5.690972957874442795e-01
1.202999999999999818e+04 5.702572708062800810e-01
1.203999999999999818e+04 5.708870504818466252e-01
1.204999999999999818e+04 5.717415627574328196e-01
1.205999999999999818e+04 5.715653211614830642e-01
1.206999999999999818e+04 5.712305883032662290e-01
1.207999999999999818e+04 5.723463246529967297e-01
1.208999999999999818e+04 5.734434214724843937e-01
1.209999999999999818e+04 5.749698235550108061e-01
1.210999999999999818e+04 5.753921157169598066e-01
1.211999999999999818e+04 5.705617490724010921e-01
1.212999999999999818e+04 5.545422802781261318e-01
1.213999999999999818e+04 5.186155242527727971e-01
1.214999999999999818e+04 4.591582446969177389e-01
1.215999999999999818e+04 3.803317606755794444e-01
1.216999999999999818e+04 2.953133306894777377e-01
1.217999999999999818e+04 2.184506116964180789e-01
1.218999999999999818e+04 1.567812750046744252e-01
1.219999999999999818e+04 1.113520901244486744e-01
1.220999999999999818e+04 7.920585515908315499e-02
1.221999999999999818e+04 5.690261163837831426e-02
1.222999999999999818e+04 4.146279359166936407e-02
1.223999999999999818e+04 3.074437314385615461e-02
1.224999999999999818e+04 2.318092284030411412e-02
1.225999999999999818e+04 1.775731972498662339e-02
1.226999999999999818e+04 1.382853175199094328e-02
1.227999999999999818e+04 1.093962233378843046e-02
1.228999999999999818e+04 8.779771951122904844e-03
1.229999999999999818e+04 7.147825930809814654e-03
1.230999999999999818e+04 5.893773946656725819e-03
1.231999999999999818e+04 4.913186312981004771e-03
1.232999999999999818e+04 4.141598355439479739e-03
1.233999999999999818e+04 3.524093421756834162e-03
1.234999999999999818e+04 3.025355844774674664e-03
1.235999999999999818e+04 2.611885056124305712e-03
1.236999999999999818e+04 2.269088791884402070e-03
1.237999999999999818e+04 1.980013872362318753e-03
1.238999999999999818e+04 1.732491918245852901e-03
1.239999999999999818e+04 1.518502129529232308e-03
1.240999999999999818e+04 1.331942221362893966e-03
1.241999999999999818e+04 1.166353606875062321e-03
1.242999999999999818e+04 1.018999958286300606e-03
1.243999999999999818e+04 8.878051741856897178e-04
1.244999999999999818e+04 7.714228805990957193e-04
1.245999999999999818e+04 6.686471496370291912e-04
1.246999999999999818e+04 5.778143856244158166e-04
1.247999999999999818e+04 4.981948600395358796e-04
1.248999999999999818e+04 4.295513851214161159e-04
1.249999999999999818e+04 3.699935798522919345e-04
1.250999999999999818e+04 3.189968701523164594e-04
1.251999999999999818e+04 2.756051061093103046e-04
1.252999999999999818e+04 2.390732735952505331e-04
1.253999999999999818e+04 2.079645966398215495e-04
1.254999999999999818e+04 1.816265471600109563e-04
1.255999999999999818e+04 1.596753439851608767e-04
1.256999999999999818e+04 1.411061845577775626e-04
1.257999999999999818e+04 1.254196618910258612e-04
1.258999999999999818e+04 1.122472832683806871e-04
1.259999999999999818e+04 1.009697752079734989e-04
1.260999999999999818e+04 9.165123541866938861e-05
1.261999999999999818e+04 8.377471787661668686e-05
1.262999999999999818e+04 7.715559793958479725e-05
1.263999999999999818e+04 7.164882787618781252e-05
1.264999999999999818e+04 6.689402982456526235e-05
1.265999999999999818e+04 6.304873212378131475e-05
1.266999999999999818e+04 5.989428850149852869e-05
1.267999999999999818e+04 5.736577556966382006e-05
1.268999999999999818e+04 5.540665519046541706e-05
1.269999999999999818e+04 5.391164892490696628e-05
1.270999999999999818e+04 5.293683164533509276e-05
1.271999999999999818e+04 5.235495710055916032e-05
1.272999999999999818e+04 5.224016417524616660e-05
1.273999999999999818e+04 5.258959791980570217e-05
1.274999999999999818e+04 5.338320126367299134e-05
1.275999999999999818e+04 5.460391304647790027e-05
1.276999999999999818e+04 5.633926864494616339e-05
1.277999999999999818e+04 5.868834486883916558e-05
1.278999999999999818e+04 6.161149732222756536e-05
1.279999999999999818e+04 6.518295784119996486e-05
1.280999999999999818e+04 6.963087792307577205e-05
1.281999999999999818e+04 7.478860827717688107e-05
1.282999999999999818e+04 8.087497247896093704e-05
1.283999999999999818e+04 8.790931346072143799e-05
1.284999999999999818e+04 9.581096006496333953e-05
1.285999999999999818e+04 1.046052226395823129e-04
1.286999999999999818e+04 1.140562050900822125e-04
1.287999999999999818e+04 1.238089378636022815e-04
1.288999999999999818e+04 1.332428490153322908e-04
1.289999999999999818e+04 1.415556085258644597e-04
1.290999999999999818e+04 1.482572057506465011e-04
1.291999999999999818e+04 1.528675078041059465e-04
1.292999999999999818e+04 1.548714900191817002e-04
1.293999999999999818e+04 1.543663207263249121e-04
1.294999999999999818e+04 1.514976030543742087e-04
1.295999999999999818e+04 1.473837865128402162e-04
1.296999999999999818e+04 1.422701725679504942e-04
1.297999999999999818e+04 1.371558004640763945e-04
1.298999999999999818e+04 1.321195141965155937e-04
1.299999999999999818e+04 1.279144380490106886e-04
1.300999999999999818e+04 1.242652601828771457e-04
1.301999999999999818e+04 1.218605716309714145e-04
1.302999999999999818e+04 1.204913893461265017e-04
1.303999999999999818e+04 1.203371565687569794e-04
1.304999999999999818e+04 1.212818326267935549e-04
1.305999999999999818e+04 1.237834142991917725e-04
1.306999999999999818e+04 1.275960800825842029e-04
1.307999999999999818e+04 1.328407656102238276e-04
1.308999999999999818e+04 1.397769324565784066e-04
1.309999999999999818e+04 1.485577191069716225e-04
1.310999999999999818e+04 1.592533333015204314e-04
1.311999999999999818e+04 1.716899377479003163e-04
1.312999999999999818e+04 1.854214183004724247e-04
1.313999999999999818e+04 2.000391684779205255e-04
1.314999999999999818e+04 2.143910895213770745e-04
1.315999999999999818e+04 2.267099209545714344e-04
1.316999999999999818e+04 2.351799362854993731e-04
1.317999999999999818e+04 2.376958704871417127e-04
1.318999999999999818e+04 2.337380776454107078e-04
1.319999999999999818e+04 2.234644494126146940e-04
1.320999999999999818e+04 2.087858865160104364e-04
1.321999999999999818e+04 1.916017162702207991e-04
1.322999999999999818e+04 1.738858669299271035e-04
1.323999999999999818e+04 1.568691563142098858e-04
1.324999999999999818e+04 1.416443191869633602e-04
1.325999999999999818e+04 1.281247432733335012e-04
1.326999999999999818e+04 1.167056533992360585e-04
1.327999999999999818e+04 1.073454930956880974e-04
1.328999999999999818e+04 9.938606423731978219e-05
1.329999999999999818e+04 9.306116604068110493e-05
1.330999999999999818e+04 8.805074143345660782e-05
1.331999999999999818e+04 8.422551681694586160e-05
1.332999999999999818e+04 8.134446512898373550e-05
1.333999999999999818e+04 7.945214725085825993e-05
1.334999999999999818e+04 7.837439962939933438e-05
1.335999999999999818e+04 7.820163841466263894e-05
1.336999999999999818e+04 7.867074279725009048e-05
1.337999999999999818e+04 8.001559808605762040e-05
1.338999999999999818e+04 8.215449071690916435e-05
1.339999999999999818e+04 8.508495683451511727e-05
1.340999999999999818e+04 8.883313697930160762e-05
1.341999999999999818e+04 9.363499694587415316e-05
1.342999999999999818e+04 9.930036810028213608e-05
1.343999999999999818e+04 1.059018371992661179e-04
1.344999999999999818e+04 1.135892041173139252e-04
1.345999999999999818e+04 1.219560674263215207e-04
1.346999999999999818e+04 1.313413166160731099e-04
1.347999999999999818e+04 1.409512282654593496e-04
1.348999999999999818e+04 1.509314003302317285e-04
1.349999999999999818e+04 1.603881084263977395e-04
1.350999999999999818e+04 1.689977291211633155e-04
1.351999999999999818e+04 1.758910108601014063e-04
1.352999999999999818e+04 1.809196803409404654e-04
1.353999999999999818e+04 1.835964630523737159e-04
1.354999999999999818e+04 1.838896419633806890e-04
1.355999999999999818e+04 1.822016063566365583e-04
1.356999999999999818e+04 1.791502863428777307e-04
1.357999999999999818e+04 1.749457966997448042e-04
1.358999999999999818e+04 1.701821788998502337e-04
1.359999999999999818e+04 1.655173663786807926e-04
1.360999999999999818e+04 1.605895906954100017e-04
1.361999999999999818e+04 1.565402860619664481e-04
1.362999999999999818e+04 1.526236633025021224e-04
1.363999999999999818e+04 1.496468273621947025e-04
1.364999999999999818e+04 1.470342466494861970e-04
1.365999999999999818e+04 1.452181999603406484e-04
1.366999999999999818e+04 1.437148362007930973e-04
1.367999999999999818e+04 1.427415023552266657e-04
1.368999999999999818e+04 1.420603431273678328e-04
1.369999999999999818e+04 1.411636478390934635e-04
1.370999999999999818e+04 1.403458717997668162e-04
1.371999999999999818e+04 1.392562869372783636e-04
1.372999999999999818e+04 1.381151797882037083e-04
1.373999999999999818e+04 1.362485986098047920e-04
1.374999999999999818e+04 1.342434128506377728e-04
1.375999999999999818e+04 1.319846696720346517e-04
1.376999999999999818e+04 1.293594704053905361e-04
1.377999999999999818e+04 1.266028591725719193e-04
1.378999999999999818e+04 1.237591071832364672e-04
1.379999999999999818e+04 1.209289880429912734e-04
1.380999999999999818e+04 1.180935963532318069e-04
1.381999999999999818e+04 1.154511308111005207e-04
1.382999999999999818e+04 1.131184700402339998e-04
1.383999999999999818e+04 1.111700754451154272e-04
1.384999999999999818e+04 1.096055087948647790e-04
1.385999999999999818e+04 1.083950899101737426e-04
1.386999999999999818e+04 1.076750482578917435e-04
1.387999999999999818e+04 1.074588546302024497e-04
1.388999999999999818e+04 1.078336507394646153e-04
1.389999999999999818e+04 1.085729120244337341e-04
1.390999999999999818e+04 1.101834076732996444e-04
1.391999999999999818e+04 1.123586111195608235e-04
1.392999999999999818e+04 1.150155656628983536e-04
1.393999999999999818e+04 1.184564268961679165e-04
1.394999999999999818e+04 1.225397701972867398e-04
1.395999999999999818e+04 1.272162634732798786e-04
1.396999999999999818e+04 1.324748885310160626e-04
1.397999999999999818e+04 1.382191865029502626e-04
1.398999999999999818e+04 1.443130027291641699e-04
1.399999999999999818e+04 1.504923520057554716e-04
1.400999999999999818e+04 1.563859041412104286e-04
1.401999999999999818e+04 1.616387865261276744e-04
1.402999999999999818e+04 1.660459585125338027e-04
1.403999999999999818e+04 1.692528435138522709e-04
1.404999999999999818e+04 1.705019160188807966e-04
1.405999999999999818e+04 1.700549250891236265e-04
1.406999999999999818e+04 1.681144850227026346e-04
1.407999999999999818e+04 1.646108799674854731e-04
1.408999999999999818e+04 1.597069511453186666e-04
1.409999999999999818e+04 1.540994377410287170e-04
1.410999999999999818e+04 1.480843159104009072e-04
1.411999999999999818e+04 1.419684276856063786e-04
1.412999999999999818e+04 1.361628117783549063e-04
1.413999999999999818e+04 1.306709525462093570e-04
1.414999999999999818e+04 1.259369776026239833e-04
1.415999999999999818e+04 1.217831128982780297e-04
1.416999999999999818e+04 1.184934342702157134e-04
1.417999999999999818e+04 1.159992029445254411e-04
1.418999999999999818e+04 1.142685093005786233e-04
1.419999999999999818e+04 1.132785864594783331e-04
1.420999999999999818e+04 1.130938930352090241e-04
1.421999999999999818e+04 1.138461209287543359e-04
1.422999999999999818e+04 1.153483282621468290e-04
1.423999999999999818e+04 1.179102657785500074e-04
1.424999999999999818e+04 1.213225694686788250e-04
1.425999999999999818e+04 1.258718418405061878e-04
1.426999999999999818e+04 1.312378018705306188e-04
1.427999999999999818e+04 1.374280309896107387e-04
1.428999999999999818e+04 1.446352026211516822e-04
1.429999999999999818e+04 1.524167747094673118e-04
1.430999999999999818e+04 1.609843837046089142e-04
1.431999999999999818e+04 1.695037508111886320e-04
1.432999999999999818e+04 1.777436429958773902e-04
1.433999999999999818e+04 1.851654805699489272e-04
1.434999999999999818e+04 1.906260861705514622e-04
1.435999999999999818e+04 1.941201628050460200e-04
1.436999999999999818e+04 1.948270064039991131e-04
1.437999999999999818e+04 1.925163586034832233e-04
1.438999999999999818e+04 1.876698785205988332e-04
1.439999999999999818e+04 1.807482204154922255e-04
1.440999999999999818e+04 1.720996262303657880e-04
1.441999999999999818e+04 1.629029817789078797e-04
1.442999999999999818e+04 1.533929402909605430e-04
1.443999999999999818e+04 1.441656285332411054e-04
1.444999999999999818e+04 1.355079700602173905e-04
1.445999999999999818e+04 1.277094173425862911e-04
1.446999999999999818e+04 1.209437183398627557e-04
1.447999999999999818e+04 1.150082346180683753e-04
1.448999999999999818e+04 1.099688422856246850e-04
1.449999999999999818e+04 1.058345291265728284e-04
1.450999999999999818e+04 1.026396196712654903e-04
1.451999999999999818e+04 1.002099020301787705e-04
1.452999999999999818e+04 9.866112576907303574e-05
1.453999999999999818e+04 9.782014703712099940e-05
1.454999999999999818e+04 9.762906885471615533e-05
1.455999999999999818e+04 9.818627130303319206e-05
1.456999999999999818e+04 9.946274957297227231e-05
1.457999999999999818e+04 1.014926125659101430e-04
1.458999999999999818e+04 1.042205594305280810e-04
1.459999999999999818e+04 1.076640134523097460e-04
1.460999999999999818e+04 1.117166764141435813e-04
1.461999999999999818e+04 1.165557026842651699e-04
1.462999999999999818e+04 1.220123788588784700e-04
1.463999999999999818e+04 1.280246134392650349e-04
1.464999999999999818e+04 1.342680540491695683e-04
1.465999999999999818e+04 1.408982398046946616e-04
1.466999999999999818e+04 1.474356336588195755e-04
1.467999999999999818e+04 1.535786969076291520e-04
1.468999999999999818e+04 1.588848262175366396e-04
1.469999999999999818e+04 1.632091314410429885e-04
1.470999999999999818e+04 1.659591426270578976e-04
1.471999999999999818e+04 1.673750175482137392e-04
1.472999999999999818e+04 1.670378132900508176e-04
1.473999999999999818e+04 1.650977199107164979e-04
1.474999999999999818e+04 1.620794996619926397e-04
1.475999999999999818e+04 1.581266001051088315e-04
1.476999999999999818e+04 1.534446112136230388e-04
1.477999999999999818e+04 1.484614011890178931e-04
1.478999999999999818e+04 1.433586490929076023e-04
1.479999999999999818e+04 1.387059015519040753e-04
1.480999999999999818e+04 1.344872326750215312e-04
1.481999999999999818e+04 1.307466479612730140e-04
1.482999999999999818e+04 1.277701949619177628e-04
1.483999999999999818e+04 1.255180326403556961e-04
1.484999999999999818e+04 1.236093937346561817e-04
1.485999999999999818e+04 1.226602080859198003e-04
1.486999999999999818e+04 1.223586676020051276e-04
1.487999999999999818e+04 1.228318673935694630e-04
1.488999999999999818e+04 1.241025787962716381e-04
1.489999999999999818e+04 1.261024391204576675e-04
1.490999999999999818e+04 1.290037945902839625e-04
1.491999999999999818e+04 1.323398996543454951e-04
1.492999999999999818e+04 1.366440522843019166e-04
1.493999999999999818e+04 1.415887886749469648e-04
1.494999999999999818e+04 1.471805469340848650e-04
1.495999999999999818e+04 1.531272506045128895e-04
1.496999999999999818e+04 1.593336386934153493e-04
1.497999999999999818e+04 1.654438193182690810e-04
1.498999999999999818e+04 1.714937412199321316e-04
1.499999999999999818e+04 1.766198361065952113e-04
1.500999999999999818e+04 1.809859296008507941e-04
1.501999999999999818e+04 1.837701114233842832e-04
1.502999999999999818e+04 1.848730563196316875e-04
1.503999999999999818e+04 1.840929444375554087e-04
1.504999999999999818e+04 1.815954772332859825e-04
1.505999999999999818e+04 1.776645435494557824e-04
1.506999999999999818e+04 1.722445477422259515e-04
1.507999999999999818e+04 1.660957860232500699e-04
1.508999999999999818e+04 1.593274935126733961e-04
1.509999999999999818e+04 1.525204779253403994e-04
1.510999999999999818e+04 1.457905398731116817e-04
1.511999999999999818e+04 1.394591292841029892e-04
1.512999999999999818e+04 1.337368013333755181e-04
1.513999999999999818e+04 1.285269573033394190e-04
1.514999999999999818e+04 1.239633817590167519e-04
1.515999999999999818e+04 1.202590473436910895e-04
1.516999999999999818e+04 1.172092352492434613e-04
1.517999999999999818e+04 1.148811791274719022e-04
1.518999999999999818e+04 1.133198909277218056e-04
1.519999999999999818e+04 1.123215703675582076e-04
1.520999999999999818e+04 1.120364371243795629e-04
1.521999999999999818e+04 1.127963332385112708e-04
1.522999999999999818e+04 1.139436851487758928e-04
1.523999999999999818e+04 1.158983530385841596e-04
1.524999999999999818e+04 1.186548523424280207e-04
1.525999999999999818e+04 1.220561514644943738e-04
1.526999999999999818e+04 1.263036398024397337e-04
1.527999999999999818e+04 1.312424527905147462e-04
1.528999999999999818e+04 1.369280142838551868e-04
1.529999999999999818e+04 1.431898611177140552e-04
1.530999999999999818e+04 1.501209935454520525e-04
1.531999999999999818e+04 1.573448538443755101e-04
1.532999999999999818e+04 1.650240508375033126e-04
1.533999999999999818e+04 1.721298944610676908e-04
1.534999999999999818e+04 1.789302264045058435e-04
1.535999999999999636e+04 1.850237655939711203e-04
1.536999999999999636e+04 1.892536599733851178e-04
1.537999999999999636e+04 1.919413235799425689e-04
1.538999999999999636e+04 1.929574693460896651e-04
1.539999999999999636e+04 1.918459966862959450e-04
1.540999999999999636e+04 1.892375907456305317e-04
1.541999999999999636e+04 1.847086301846260614e-04
1.542999999999999636e+04 1.792497625252919365e-04
1.543999999999999636e+04 1.729537171842112113e-04
1.544999999999999636e+04 1.663332111160724402e-04
1.545999999999999636e+04 1.597423842001413630e-04
1.546999999999999636e+04 1.534473714713442682e-04
1.547999999999999636e+04 1.475883976207017557e-04
1.548999999999999636e+04 1.422812855734560114e-04
1.549999999999999636e+04 1.376831157683502179e-04
1.550999999999999636e+04 1.339265766494984202e-04
1.551999999999999636e+04 1.308055066403328824e-04
1.552999999999999636e+04 1.288188843527812981e-04
1.553999999999999636e+04 1.274721118201195178e-04
1.554999999999999636e+04 1.267411968063909388e-04
1.555999999999999636e+04 1.269724512570643388e-04
1.556999999999999636e+04 1.281884277978261348e-04
1.557999999999999636e+04 1.302242117355974715e-04
1.558999999999999636e+04 1.331527909106453684e-04
1.559999999999999636e+04 1.369763707429582766e-04
1.560999999999999636e+04 1.414781816258754482e-04
1.561999999999999636e+04 1.470371739977171762e-04
1.562999999999999636e+04 1.534661955379780865e-04
1.563999999999999636e+04 1.605313795745159683e-04
1.564999999999999636e+04 1.682637893322928716e-04
1.565999999999999636e+04 1.761789116156193158e-04
1.566999999999999636e+04 1.838307886822825206e-04
1.567999999999999636e+04 1.907522744381066589e-04
1.568999999999999636e+04 1.962988960775634382e-04
1.569999999999999636e+04 1.998704245405654855e-04
1.570999999999999636e+04 2.007728335503071416e-04
1.571999999999999636e+04 1.985428629550892339e-04
1.572999999999999636e+04 1.931906907881745313e-04
1.573999999999999636e+04 1.853515357248956461e-04
1.574999999999999636e+04 1.755988266432444243e-04
1.575999999999999636e+04 1.641386423787786488e-04
1.576999999999999636e+04 1.522999535288532065e-04
1.577999999999999636e+04 1.406935959677691969e-04
1.578999999999999636e+04 1.294142823643816911e-04
1.579999999999999636e+04 1.189376900070778046e-04
1.580999999999999636e+04 1.094061129777045867e-04
1.581999999999999636e+04 1.008596398894706251e-04
1.582999999999999636e+04 9.332317081944099043e-05
1.583999999999999636e+04 8.685303047132545817e-05
1.584999999999999636e+04 8.126247000487004768e-05
1.585999999999999636e+04 7.641638561686693761e-05
1.586999999999999636e+04 7.231323487589368787e-05
1.587999999999999636e+04 6.881013955185073404e-05
1.588999999999999636e+04 6.594547724110854964e-05
1.589999999999999636e+04 6.354650780399099988e-05
1.590999999999999636e+04 6.172427065917327664e-05
1.591999999999999636e+04 6.035307784866063996e-05
1.592999999999999636e+04 5.941295470744505769e-05
1.593999999999999636e+04 5.887906043211261190e-05
1.594999999999999636e+04 5.873373176288366077e-05
1.595999999999999636e+04 5.898489817610785287e-05
1.596999999999999636e+04 5.968766010791477409e-05
1.597999999999999636e+04 6.082611952342981251e-05
1.598999999999999636e+04 6.243556484169710441e-05
1.599999999999999636e+04 6.462263561983876419e-05
1.600999999999999636e+04 6.729489905093158527e-05
1.601999999999999636e+04 7.056721438698618134e-05
1.602999999999999636e+04 7.462429383780672955e-05
1.603999999999999636e+04 7.957786401527547761e-05
1.604999999999999636e+04 8.541609411982198602e-05
1.605999999999999636e+04 9.252375993874061954e-05
1.606999999999999636e+04 1.007636706958715865e-04
1.607999999999999636e+04 1.107374327939510751e-04
1.608999999999999636e+04 1.223914816535977442e-04
1.609999999999999636e+04 1.360666879235741518e-04
1.610999999999999636e+04 1.519052093057365372e-04
1.611999999999999636e+04 1.700334096970014660e-04
1.612999999999999636e+04 1.901806913663926010e-04
1.613999999999999636e+04 2.117094550750466312e-04
1.614999999999999636e+04 2.333435831774341104e-04
1.615999999999999636e+04 2.529686105864135232e-04
1.616999999999999636e+04 2.680559119298044101e-04
1.617999999999999636e+04 2.763905447348358538e-04
1.618999999999999636e+04 2.767121680367723522e-04
1.619999999999999636e+04 2.690957714821030932e-04
1.620999999999999636e+04 2.551568851717516328e-04
1.621999999999999636e+04 2.365793230383423588e-04
1.622999999999999636e+04 2.163063956080896210e-04
1.623999999999999636e+04 1.965809380217437940e-04
1.624999999999999636e+04 1.776293225048806870e-04
1.625999999999999636e+04 1.606343970927067463e-04
1.626999999999999636e+04 1.456356649279219920e-04
1.627999999999999636e+04 1.325995363694604115e-04
1.628999999999999636e+04 1.216200744204980617e-04
1.629999999999999636e+04 1.121199411891597323e-04
1.630999999999999636e+04 1.042270554340763052e-04
1.631999999999999636e+04 9.750673285611102651e-05
1.632999999999999636e+04 9.188852133909779923e-05
1.633999999999999636e+04 8.723463040182915249e-05
1.634999999999999636e+04 8.342280361759862883e-05
1.635999999999999636e+04 8.038210631958394583e-05
1.636999999999999636e+04 7.792235891165390021e-05
1.637999999999999636e+04 7.609303057497621722e-05
1.638999999999999636e+04 7.473570657721943116e-05
1.639999999999999636e+04 7.393436453147819156e-05
1.640999999999999636e+04 7.356424485719371379e-05
1.641999999999999636e+04 7.358676614812391620e-05
1.642999999999999636e+04 7.416666985717798057e-05
1.643999999999999636e+04 7.506760021867507334e-05
1.644999999999999636e+04 7.641778427411830162e-05
1.645999999999999636e+04 7.809343838997744925e-05
1.646999999999999636e+04 8.015706045642713505e-05
1.647999999999999636e+04 8.286287569675928103e-05
1.648999999999999636e+04 8.581447223503285888e-05
1.649999999999999636e+04 8.931900311184554195e-05
1.650999999999999636e+04 9.315225001904979378e-05
1.651999999999999636e+04 9.744647514852484320e-05
1.652999999999999636e+04 1.019731022598519883e-04
1.653999999999999636e+04 1.070829476291448884e-04
1.654999999999999636e+04 1.122797034891746831e-04
1.655999999999999636e+04 1.175414042739700456e-04
1.656999999999999636e+04 1.229356308963416400e-04
1.657999999999999636e+04 1.282063046622671063e-04
1.658999999999999636e+04 1.330148962219746011e-04
1.659999999999999636e+04 1.373380838674848482e-04
1.660999999999999636e+04 1.409327312656798170e-04
1.661999999999999636e+04 1.435622129158447776e-04
1.662999999999999636e+04 1.452725002897035185e-04
1.663999999999999636e+04 1.459345196554054467e-04
1.664999999999999636e+04 1.456193227924626704e-04
1.665999999999999636e+04 1.442802578463657536e-04
1.666999999999999636e+04 1.421806667323741689e-04
1.667999999999999636e+04 1.394750510022473901e-04
1.668999999999999636e+04 1.362714863582465200e-04
1.669999999999999636e+04 1.328292988671761498e-04
1.670999999999999636e+04 1.291622265748367405e-04
1.671999999999999636e+04 1.256085954361088467e-04
1.672999999999999636e+04 1.221043827174849773e-04
1.673999999999999636e+04 1.188437473152910304e-04
1.674999999999999636e+04 1.158511894477780345e-04
1.675999999999999636e+04 1.132518151867225719e-04
1.676999999999999636e+04 1.108201278809091899e-04
1.677999999999999636e+04 1.088411337270887391e-04
1.678999999999999636e+04 1.073282654658863199e-04
1.679999999999999636e+04 1.061027641833996193e-04
1.680999999999999636e+04 1.053205527913632090e-04
1.681999999999999636e+04 1.049417349248603181e-04
1.682999999999999636e+04 1.050265162946855866e-04
1.683999999999999636e+04 1.055355507078678561e-04
1.684999999999999636e+04 1.064659079977819749e-04
1.685999999999999636e+04 1.076751390680139557e-04
1.686999999999999636e+04 1.092754362539705837e-04
1.687999999999999636e+04 1.114133002201411722e-04
1.688999999999999636e+04 1.140000817461700200e-04
1.689999999999999636e+04 1.168951598095195518e-04
1.690999999999999636e+04 1.201802466139216308e-04
1.691999999999999636e+04 1.240779226958185115e-04
1.692999999999999636e+04 1.283819866541563285e-04
1.693999999999999636e+04 1.327874075708566904e-04
1.694999999999999636e+04 1.375692427026179961e-04
1.695999999999999636e+04 1.426662783450069613e-04
1.696999999999999636e+04 1.478111832470936312e-04
1.697999999999999636e+04 1.531221210868905977e-04
1.698999999999999636e+04 1.586451012944633328e-04
1.699999999999999636e+04 1.635873177726705405e-04
1.700999999999999636e+04 1.683364710051136234e-04
1.701999999999999636e+04 1.724202958376149365e-04
1.702999999999999636e+04 1.758411905533769910e-04
1.703999999999999636e+04 1.787961504937377521e-04
1.704999999999999636e+04 1.806808257167960292e-04
1.705999999999999636e+04 1.815598427289028297e-04
1.706999999999999636e+04 1.815307572605328224e-04
1.707999999999999636e+04 1.805379718988843528e-04
1.708999999999999636e+04 1.788525162970357651e-04
1.709999999999999636e+04 1.763268319614612356e-04
1.710999999999999636e+04 1.730980556293212197e-04
1.711999999999999636e+04 1.696772185562080387e-04
1.712999999999999636e+04 1.656413925189212106e-04
1.713999999999999636e+04 1.615824909727374404e-04
1.714999999999999636e+04 1.579107516862731872e-04
1.715999999999999636e+04 1.537573125220046658e-04
1.716999999999999636e+04 1.499246313097655689e-04
1.717999999999999636e+04 1.464086817906896042e-04
1.718999999999999636e+04 1.430661196569286953e-04
1.719999999999999636e+04 1.398989840416789876e-04
1.720999999999999636e+04 1.372403707416142008e-04
1.721999999999999636e+04 1.347522059604495145e-04
1.722999999999999636e+04 1.326959183454433128e-04
1.723999999999999636e+04 1.309147292352837719e-04
1.724999999999999636e+04 1.295948265304754023e-04
1.725999999999999636e+04 1.285094163826816830e-04
1.726999999999999636e+04 1.277027874740791543e-04
1.727999999999999636e+04 1.271131791572891433e-04
1.728999999999999636e+04 1.268816759728270504e-04
1.729999999999999636e+04 1.269859683417682661e-04
1.730999999999999636e+04 1.273142090693901447e-04
1.731999999999999636e+04 1.279498245524707126e-04
1.732999999999999636e+04 1.285967663644391125e-04
1.733999999999999636e+04 1.294831388378409162e-04
1.734999999999999636e+04 1.304297968783903899e-04
1.735999999999999636e+04 1.315846615583696829e-04
1.736999999999999636e+04 1.328049785449379348e-04
1.737999999999999636e+04 1.340845074757929950e-04
1.738999999999999636e+04 1.352484754526861227e-04
1.739999999999999636e+04 1.363336548369468038e-04
1.740999999999999636e+04 1.371509392466069494e-04
1.741999999999999636e+04 1.381195356739220730e-04
1.742999999999999636e+04 1.386047705599769808e-04
1.743999999999999636e+04 1.392231681531089552e-04
1.744999999999999636e+04 1.393026289982901144e-04
1.745999999999999636e+04 1.389079273976245052e-04
1.746999999999999636e+04 1.385012762888403518e-04
1.747999999999999636e+04 1.379866809950877301e-04
1.748999999999999636e+04 1.368108600159144536e-04
1.749999999999999636e+04 1.354741844426321040e-04
1.750999999999999636e+04 1.336310520164287299e-04
1.751999999999999636e+04 1.320976997861721710e-04
1.752999999999999636e+04 1.300227154597767196e-04
1.753999999999999636e+04 1.279638268801264439e-04
1.754999999999999636e+04 1.258266302268241487e-04
1.755999999999999636e+04 1.236395193755893704e-04
1.756999999999999636e+04 1.214038187836761573e-04
1.757999999999999636e+04 1.191823224920741134e-04
1.758999999999999636e+04 1.170019338838560434e-04
1.759999999999999636e+04 1.148949662600280735e-04
1.760999999999999636e+04 1.131377341907941229e-04
1.761999999999999636e+04 1.111577635387153197e-04
1.762999999999999636e+04 1.096338016158393666e-04
1.763999999999999636e+04 1.080182348489569402e-04
1.764999999999999636e+04 1.068941121633389162e-04
1.765999999999999636e+04 1.055957521068571212e-04
1.766999999999999636e+04 1.047532171975756171e-04
1.767999999999999636e+04 1.040214195792240113e-04
1.768999999999999636e+04 1.035641132511236888e-04
1.769999999999999636e+04 1.029772279796938798e-04
1.770999999999999636e+04 1.028478974480652572e-04
1.771999999999999636e+04 1.028945439720552337e-04
1.772999999999999636e+04 1.032586300242540462e-04
1.773999999999999636e+04 1.038096782983407077e-04
1.774999999999999636e+04 1.044157608204261461e-04
1.775999999999999636e+04 1.052164889108335205e-04
1.776999999999999636e+04 1.062179891999752310e-04
1.777999999999999636e+04 1.074317783575131355e-04
1.778999999999999636e+04 1.087744552423530232e-04
1.779999999999999636e+04 1.103709381395427366e-04
1.780999999999999636e+04 1.121516285697447878e-04
1.781999999999999636e+04 1.140444283565572776e-04
1.782999999999999636e+04 1.159884891508796334e-04
1.783999999999999636e+04 1.181402841848559358e-04
1.784999999999999636e+04 1.204025364046502206e-04
1.785999999999999636e+04 1.228466069658686207e-04
1.786999999999999636e+04 1.254812448402636913e-04
1.787999999999999636e+04 1.280431973322992847e-04
1.788999999999999636e+04 1.305017259379862536e-04
1.789999999999999636e+04 1.330921047997415225e-04
1.790999999999999636e+04 1.357057308298410781e-04
1.791999999999999636e+04 1.381048975664712930e-04
1.792999999999999636e+04 1.406985966408494382e-04
1.793999999999999636e+04 1.429937149558557536e-04
1.794999999999999636e+04 1.454136752342423248e-04
1.795999999999999636e+04 1.473050014896074554e-04
1.796999999999999636e+04 1.493337079607703042e-04
1.797999999999999636e+04 1.508174360275590594e-04
1.798999999999999636e+04 1.525473282959584809e-04
1.799999999999999636e+04 1.537135350136224180e-04
1.800999999999999636e+04 1.549311398910810844e-04
1.801999999999999636e+04 1.559439876487986494e-04
1.802999999999999636e+04 1.570585582217811770e-04
1.803999999999999636e+04 1.573994685264038060e-04
1.804999999999999636e+04 1.578768726800054256e-04
1.805999999999999636e+04 1.581578944980268611e-04
1.806999999999999636e+04 1.585091475389745913e-04
1.807999999999999636e+04 1.590201979628456117e-04
1.808999999999999636e+04 1.590117061664367943e-04
1.809999999999999636e+04 1.592231388374062832e-04
1.810999999999999636e+04 1.594303755501846561e-04
1.811999999999999636e+04 1.596396935502720300e-04
1.812999999999999636e+04 1.597761343374297263e-04
1.813999999999999636e+04 1.600347388681321297e-04
1.814999999999999636e+04 1.603689744277419528e-04
1.815999999999999636e+04 1.606554118851201939e-04
1.816999999999999636e+04 1.611133170865669106e-04
1.817999999999999636e+04 1.617560803284809963e-04
1.818999999999999636e+04 1.622105222945330967e-04
1.819999999999999636e+04 1.628566952573779424e-04
1.820999999999999636e+04 1.633106890570921261e-04
1.821999999999999636e+04 1.639747515754738660e-04
1.822999999999999636e+04 1.647872616287816339e-04
1.823999999999999636e+04 1.653466521455928162e-04
1.824999999999999636e+04 1.657642346577195460e-04
1.825999999999999636e+04 1.664308736002258953e-04
1.826999999999999636e+04 1.668040804230360395e-04
1.827999999999999636e+04 1.671568741420720783e-04
1.828999999999999636e+04 1.670514802820405754e-04
1.829999999999999636e+04 1.667298032746555414e-04
1.830999999999999636e+04 1.665709780247595401e-04
1.831999999999999636e+04 1.659458040563948408e-04
1.832999999999999636e+04 1.651869255705575620e-04
1.833999999999999636e+04 1.638982096737978233e-04
1.834999999999999636e+04 1.625846159874061436e-04
1.835999999999999636e+04 1.606419657299185285e-04
1.836999999999999636e+04 1.584664765428665930e-04
1.837999999999999636e+04 1.561995027032921470e-04
1.838999999999999636e+04 1.533541131560810992e-04
1.839999999999999636e+04 1.505979093745242047e-04
1.840999999999999636e+04 1.477983811967603113e-04
1.841999999999999636e+04 1.444743738879391225e-04
1.842999999999999636e+04 1.411309717058976021e-04
1.843999999999999636e+04 1.377211261768679362e-04
1.844999999999999636e+04 1.342715938356742536e-04
1.845999999999999636e+04 1.306403589150574335e-04
1.846999999999999636e+04 1.273684841203048704e-04
1.847999999999999636e+04 1.241305361008454035e-04
1.848999999999999636e+04 1.207033119030132906e-04
1.849999999999999636e+04 1.176933446693661405e-04
1.850999999999999636e+04 1.146893059562023755e-04
1.851999999999999636e+04 1.117660595266361839e-04
1.852999999999999636e+04 1.088552132437117651e-04
1.853999999999999636e+04 1.062823902376408634e-04
1.854999999999999636e+04 1.039235074222364183e-04
1.855999999999999636e+04 1.016274799220495646e-04
1.856999999999999636e+04 9.951110660477084473e-05
1.857999999999999636e+04 9.772772061424544804e-05
1.858999999999999636e+04 9.595170679690377691e-05
1.859999999999999636e+04 9.438647726297535664e-05
1.860999999999999636e+04 9.309343268240036391e-05
1.861999999999999636e+04 9.194339587632988325e-05
1.862999999999999636e+04 9.103858979024153893e-05
1.863999999999999636e+04 9.017635800255624165e-05
1.864999999999999636e+04 8.950976927306031848e-05
1.865999999999999636e+04 8.911530174256102142e-05
1.866999999999999636e+04 8.869914687847680083e-05
1.867999999999999636e+04 8.843057429933969752e-05
1.868999999999999636e+04 8.852607572615001335e-05
1.869999999999999636e+04 8.877326850279543551e-05
1.870999999999999636e+04 8.905223676118270834e-05
1.871999999999999636e+04 8.958369636414101908e-05
1.872999999999999636e+04 9.014005748253982005e-05
1.873999999999999636e+04 9.107475471767762464e-05
1.874999999999999636e+04 9.233754333667263086e-05
1.875999999999999636e+04 9.362773067943841216e-05
1.876999999999999636e+04 9.490179772655842636e-05
1.877999999999999636e+04 9.659365970518254626e-05
1.878999999999999636e+04 9.846911883685574281e-05
1.879999999999999636e+04 1.003806528287608420e-04
1.880999999999999636e+04 1.024409453650237462e-04
1.881999999999999636e+04 1.047288887858630128e-04
1.882999999999999636e+04 1.072523455192976984e-04
1.883999999999999636e+04 1.100516256298229932e-04
1.884999999999999636e+04 1.129079252366399977e-04
1.885999999999999636e+04 1.159985050735383818e-04
1.886999999999999636e+04 1.192009370924510106e-04
1.887999999999999636e+04 1.224978501258290565e-04
1.888999999999999636e+04 1.258032766138888461e-04
1.889999999999999636e+04 1.292357942555031421e-04
1.890999999999999636e+04 1.329388282828697886e-04
1.891999999999999636e+04 1.366362640679829319e-04
1.892999999999999636e+04 1.402317257425804182e-04
1.893999999999999636e+04 1.438388036897218704e-04
1.894999999999999636e+04 1.472424547975811166e-04
1.895999999999999636e+04 1.505561731012018429e-04
1.896999999999999636e+04 1.533929062298894678e-04
1.897999999999999636e+04 1.559555080326967421e-04
1.898999999999999636e+04 1.582824660528647440e-04
1.899999999999999636e+04 1.607161744826108251e-04
1.900999999999999636e+04 1.621435244701565769e-04
1.901999999999999636e+04 1.633419246037344031e-04
1.902999999999999636e+04 1.642468709105644493e-04
1.903999999999999636e+04 1.643822175605742645e-04
1.904999999999999636e+04 1.643779762091540425e-04
1.905999999999999636e+04 1.638981208958966958e-04
1.906999999999999636e+04 1.629220078897517551e-04
1.907999999999999636e+04 1.614879972463889092e-04
1.908999999999999636e+04 1.597535760768986136e-04
1.909999999999999636e+04 1.578388443957635858e-04
1.910999999999999636e+04 1.555000733948832007e-04
1.911999999999999636e+04 1.527829424182568111e-04
1.912999999999999636e+04 1.503717470779042603e-04
1.913999999999999636e+04 1.476889877480583530e-04
1.914999999999999636e+04 1.448151952073022152e-04
1.915999999999999636e+04 1.419537862389908249e-04
1.916999999999999636e+04 1.391501007027686550e-04
1.917999999999999636e+04 1.365307561338315143e-04
1.918999999999999636e+04 1.335765065978150449e-04
1.919999999999999636e+04 1.309814187506592683e-04
1.920999999999999636e+04 1.286441975308437295e-04
1.921999999999999636e+04 1.260902743196486283e-04
1.922999999999999636e+04 1.237096007638357911e-04
1.923999999999999636e+04 1.213176815811078550e-04
1.924999999999999636e+04 1.194983628801248883e-04
1.925999999999999636e+04 1.177558315355226758e-04
1.926999999999999636e+04 1.160001687841127855e-04
1.927999999999999636e+04 1.141260489202456193e-04
1.928999999999999636e+04 1.129297622599581454e-04
1.929999999999999636e+04 1.116712349226104398e-04
1.930999999999999636e+04 1.106349419753326269e-04
1.931999999999999636e+04 1.096335325622756364e-04
1.932999999999999636e+04 1.086088367102021145e-04
1.933999999999999636e+04 1.081352179332873635e-04
1.934999999999999636e+04 1.074101004597971141e-04
1.935999999999999636e+04 1.069500089361422290e-04
1.936999999999999636e+04 1.064879908461072692e-04
1.937999999999999636e+04 1.063741993711968064e-04
1.938999999999999636e+04 1.064143652962713148e-04
1.939999999999999636e+04 1.064351731299766025e-04
1.940999999999999636e+04 1.066978116626201835e-04
1.941999999999999636e+04 1.071073794899437583e-04
1.942999999999999636e+04 1.074731326712690776e-04
1.943999999999999636e+04 1.079770354113173243e-04
1.944999999999999636e+04 1.086612355765586625e-04
1.945999999999999636e+04 1.095542053271856756e-04
1.946999999999999636e+04 1.105277699446698364e-04
1.947999999999999636e+04 1.117079014414674439e-04
1.948999999999999636e+04 1.128520914854046160e-04
1.949999999999999636e+04 1.141212763958705334e-04
1.950999999999999636e+04 1.153941969822960616e-04
1.951999999999999636e+04 1.170458497673934568e-04
1.952999999999999636e+04 1.185513695933676807e-04
1.953999999999999636e+04 1.201772503879681021e-04
1.954999999999999636e+04 1.220709285675447705e-04
1.955999999999999636e+04 1.237872103470062375e-04
1.956999999999999636e+04 1.258729646803863984e-04
1.957999999999999636e+04 1.279963425192206811e-04
1.958999999999999636e+04 1.300757726438386700e-04
1.959999999999999636e+04 1.319407879714316076e-04
1.960999999999999636e+04 1.340496486415117760e-04
1.961999999999999636e+04 1.362123457199435343e-04
1.962999999999999636e+04 1.384017236181146933e-04
1.963999999999999636e+04 1.404065357105225838e-04
1.964999999999999636e+04 1.424892865986696121e-04
1.965999999999999636e+04 1.444141349225254261e-04
1.966999999999999636e+04 1.462764872134965507e-04
1.967999999999999636e+04 1.481548750313927537e-04
1.968999999999999636e+04 1.494895437138101587e-04
1.969999999999999636e+04 1.510745232543257569e-04
1.970999999999999636e+04 1.525124316180538717e-04
1.971999999999999636e+04 1.535532878237369156e-04
1.972999999999999636e+04 1.544999992423785916e-04
1.973999999999999636e+04 1.554063947288380446e-04
1.974999999999999636e+04 1.556267864132773434e-04
1.975999999999999636e+04 1.561933130343209583e-04
1.976999999999999636e+04 1.563053568018460729e-04
1.977999999999999636e+04 1.557703340650350556e-04
1.978999999999999636e+04 1.554165870342128701e-04
1.979999999999999636e+04 1.546703311147190119e-04
1.980999999999999636e+04 1.538658690898753612e-04
1.981999999999999636e+04 1.531355055648664094e-04
1.982999999999999636e+04 1.518150260107401070e-04
1.983999999999999636e+04 1.503950745148681519e-04
1.984999999999999636e+04 1.487198502175080613e-04
1.985999999999999636e+04 1.472031109727547416e-04
1.986999999999999636e+04 1.453990896255873827e-04
1.987999999999999636e+04 1.433636011065980665e-04
1.988999999999999636e+04 1.414262521946596572e-04
1.989999999999999636e+04 1.396638533958639524e-04
1.990999999999999636e+04 1.378142094922858696e-04
1.991999999999999636e+04 1.357108335610902015e-04
1.992999999999999636e+04 1.341447733517493334e-04
1.993999999999999636e+04 1.322049799533265440e-04
1.994999999999999636e+04 1.302738905492544072e-04
1.995999999999999636e+04 1.285351987130996200e-04
1.996999999999999636e+04 1.269574055577031406e-04
1.997999999999999636e+04 1.254635425962804618e-04
1.998999999999999636e+04 1.240170175637209874e-04
1.999999999999999636e+04 1.227927380831963806e-04
2.000999999999999636e+04 1.215611595040893905e-04
2.001999999999999636e+04 1.204866396665835751e-04
2.002999999999999636e+04 1.193216315259823247e-04
2.003999999999999636e+04 1.187566063768255548e-04
2.004999999999999636e+04 1.179233036396037107e-04
2.005999999999999636e+04 1.174635767296978902e-04
2.006999999999999636e+04 1.171663749329539017e-04
2.007999999999999636e+04 1.169796609996040840e-04
2.008999999999999636e+04 1.168207544496789688e-04
2.009999999999999636e+04 1.169539880390461174e-04
2.010999999999999636e+04 1.171558090114177385e-04
2.011999999999999636e+04 1.174063570914126396e-04
2.012999999999999636e+04 1.181287377862731740e-04
2.013999999999999636e+04 1.190006947072514885e-04
2.014999999999999636e+04 1.199904190408696388e-04
2.015999999999999636e+04 1.211240802709539067e-04
2.016999999999999636e+04 1.224599967199625609e-04
2.017999999999999636e+04 1.237963904980377873e-04
2.018999999999999636e+04 1.254350175602903200e-04
2.019999999999999636e+04 1.271471353593525320e-04
2.020999999999999636e+04 1.292273557707864352e-04
2.021999999999999636e+04 1.315198229407571234e-04
2.022999999999999636e+04 1.338757008986124388e-04
2.023999999999999636e+04 1.362980950832773266e-04
2.024999999999999636e+04 1.390891831204939841e-04
2.025999999999999636e+04 1.417740823936489527e-04
2.026999999999999636e+04 1.446253413004512038e-04
2.027999999999999636e+04 1.478353894854074371e-04
2.028999999999999636e+04 1.510074743009005697e-04
2.029999999999999636e+04 1.541862678053943197e-04
2.030999999999999636e+04 1.571155885551498907e-04
2.031999999999999636e+04 1.599941784121301216e-04
2.032999999999999636e+04 1.629168321311559023e-04
2.033999999999999636e+04 1.656181335708490688e-04
2.034999999999999636e+04 1.680209437573311894e-04
2.035999999999999636e+04 1.701815557952419857e-04
2.036999999999999636e+04 1.714147439004763977e-04
2.037999999999999636e+04 1.725332563280367818e-04
2.038999999999999636e+04 1.731474558041413796e-04
2.039999999999999636e+04 1.727228159606781653e-04
2.040999999999999636e+04 1.717795250539814360e-04
2.041999999999999636e+04 1.702619051236739837e-04
2.042999999999999636e+04 1.681758421186043773e-04
2.043999999999999636e+04 1.648354518023164824e-04
2.044999999999999636e+04 1.615042315410969551e-04
2.045999999999999636e+04 1.570575343848635327e-04
2.046999999999999636e+04 1.523232875385451370e-04
2.047999999999999636e+04 1.475761202355037479e-04
2.048999999999999636e+04 1.422570454921980249e-04
2.049999999999999636e+04 1.365240076410431896e-04
2.050999999999999636e+04 1.312317311455091988e-04
2.051999999999999636e+04 1.255178565136258776e-04
2.052999999999999636e+04 1.198674437204278283e-04
2.053999999999999636e+04 1.144099104898546078e-04
2.054999999999999636e+04 1.090107774524026285e-04
2.055999999999999636e+04 1.037435424030219510e-04
2.056999999999999636e+04 9.879869265770307020e-05
2.057999999999999636e+04 9.388113725408276484e-05
2.058999999999999636e+04 8.926139862642516103e-05
2.059999999999999636e+04 8.508579832381585643e-05
2.060999999999999636e+04 8.121411975076115862e-05
2.061999999999999636e+04 7.718177935976681849e-05
2.062999999999999636e+04 7.380945319972259330e-05
2.063999999999999636e+04 7.051527690213392442e-05
2.064999999999999636e+04 6.745481466874093642e-05
2.065999999999999636e+04 6.455957127567885144e-05
2.066999999999999636e+04 6.208808902549707673e-05
2.067999999999999636e+04 5.959242713549633291e-05
2.068999999999999636e+04 5.727224425614142560e-05
2.069999999999999636e+04 5.517396645307462780e-05
2.070999999999999636e+04 5.316363104842575298e-05
2.071999999999999636e+04 5.146642787519067338e-05
2.072999999999999636e+04 4.968237522368070208e-05
2.073999999999999636e+04 4.814590265749002116e-05
2.074999999999999636e+04 4.688703820201810751e-05
2.075999999999999636e+04 4.552853601515821841e-05
2.076999999999999636e+04 4.434405950016126870e-05
2.077999999999999636e+04 4.335360436225578679e-05
2.078999999999999636e+04 4.217993781845394077e-05
2.079999999999999636e+04 4.136475183488023358e-05
2.080999999999999636e+04 4.060603427248715523e-05
2.081999999999999636e+04 3.985820263912142193e-05
2.082999999999999636e+04 3.925442216085579350e-05
2.083999999999999636e+04 3.859706613943940113e-05
2.084999999999999636e+04 3.819641429286923503e-05
2.085999999999999636e+04 3.768732518862370962e-05
2.086999999999999636e+04 3.724328880726693591e-05
2.087999999999999636e+04 3.707434920855775243e-05
2.088999999999999636e+04 3.678214762989112148e-05
2.089999999999999636e+04 3.655915003255253033e-05
2.090999999999999636e+04 3.635927997633421925e-05
2.091999999999999636e+04 3.635515948676499470e-05
2.092999999999999636e+04 3.633939145923124019e-05
2.093999999999999636e+04 3.648020241877794324e-05
2.094999999999999636e+04 3.658752016847971483e-05
2.095999999999999636e+04 3.668784397048221470e-05
2.096999999999999636e+04 3.695550551630653673e-05
2.097999999999999636e+04 3.725114388011256959e-05
2.098999999999999636e+04 3.806248645683815880e-05
2.099999999999999636e+04 0.000000000000000000e+00
